5 0.25883979804687496 0.12933679374999998 0.012914547656249997 0.06581635694444445
5 0.45169702695312497 0.0834184048611111 0.014636486718749975 0.06581635694444445
5 0.623460496875 0.15535721249999998 0.017219396875000025 0.07500003333333333
5 0.46676399843750005 0.08877555277777777 0.013775517187500076 0.07346942222222222
5 0.022073110546875004 0.17984701944444442 0.01291454765625 0.044387774999999983
0 0.08535438828125 0.5175002305555556 0.170472015625 0.36887771666666663
3 0.155092939453125 0.41938794305555555 0.06715564140625 0.2173470361111111
4 0.199130009375 0.14431493194444445 0.02410715468750002 0.11632658333333334
0 0.07588372109375 0.3880103784722222 0.10676025312500001 0.12091842083333333
0 0.17963057890625 0.36964302291666673 0.03185588125000001 0.0413265486111111
0 0.21536082343750002 0.3903062986111111 0.032716851562499996 0.045918388888888884
0 0.2256924609375 0.3642858763888889 0.022385214062500002 0.021428580555555538
2 0.260561737109375 0.33750015069444445 0.04735333828124997 0.06887758194444445
2 0.37791192070312507 0.3168368770833333 0.12397964609375003 0.2846940041666667
0 0.86866469140625 0.36198995763888886 0.025829093749999997 0.038265323611111096
0 0.837239294140625 0.3757654756944444 0.03013394140625003 0.03214287361111106
0 0.7881640187500001 0.38188792569444446 0.037021700000000025 0.03826532361111114
0 0.544509571484375 0.553316575 0.38140961015624997 0.4852043