5 0.33979909335937497 0.47559210138888897 0.004798574218750007 0.02132699999999998
5 0.27861726328124997 0.48838830138888895 0.007197862500000029 0.02132699999999998
5 0.33380087382812496 0.47452575 0.004798575781250003 0.027725099999999968
5 0.213236677734375 0.5331750027777779 0.010796794531249976 0.017061600000000017
4 0.129111641015625 0.5059068951388889 0.014395725781250012 0.01492889861111111
4 0.448216879296875 0.5219021430555556 0.014395725781250058 0.034123200000000034
4 0.4266232914062501 0.5155040430555555 0.00959715000000001 0.012796199999999973
4 0.4098282796875 0.5080395937500001 0.00959714999999992 0.027725098611111085
0 0.360043063671875 0.5653178333333333 0.010796794531249976 0.023459700000000003
0 0.37024003515625 0.55678703125 0.007197862499999985 0.023459698611111118
0 0.379237363671875 0.5578533805555556 0.00839750546875 0.02132699999999998
0 0.388234691015625 0.56211878125 0.016795011718749996 0.029857801388888876
0 0.40263041718750003 0.5685168840277778 0.01679501249999995 0.038388598611111116
0 0.41942542929687504 0.5781140333333333 0.03359002578124999 0.040521300000000024
0 0.58377662265625 0.5834457826388889 0.07917648750000002 0.11090040138888892
0 0.64028175703125 0.5585247666666666 0.043430929687499994 0.04826216944444444
0 0.69714295859375 0.6186353333333333 0.1763476328125 0.16421790000000003
0 0.5231946140625 0.6058391333333333 0.11156687031250004 0.12582930000000003
0 0.474009219140625 0.5855784854166667 0.025192519531249947 0.059715601388888866
0 0.878862483984375 0.6484931340277778 0.24227503203124998 0.3263031013888889
0 0.346846982421875 0.5685168833333333 0.017994657031250007 0.034123202777777806
4 0.21441452148437498 0.5099996520833333 0.011865225781249978 0.014062490277777803
0 0.21045944609375003 0.574452732638889 0.014501943749999979 0.02109373472222218