0 0.444024973828125 0.5618359125 0.012672502343749947 0.05198975277777775
0 0.46644555429687495 0.5687678791666667 0.04971520078124998 0.07625163611111113
0 0.37968765585937503 0.5800323256944444 0.07700981953125 0.12304241249999998
0 0.19106233749999998 0.6484854986111112 0.2924423546875 0.31887047777777777
0 0.32509841640625 0.5445059965277779 0.03801750625000002 0.0831836041666666
0 0.71404674765625 0.5843648041666667 0.16279291093749998 0.10051351944444444
0 0.879764080859375 0.6666819118055555 0.23687830703124996 0.5181645263888889
6 0.031681255078125 0.5878307881944445 0.06336251015625 0.11784343750000004
5 0.013647309765625 0.4266625576388889 0.01754654140625 0.0415918013888889
5 0.21445772578125002 0.2394994513888889 0.015596926562500002 0.06585368611111109
5 0.5512538367187501 0.20917209513888887 0.012672501562500039 0.06412069305555554
5 0.6726174140625 0.4864507708333333 0.015596926562500002 0.02599487222222226
5 0.654096064453125 0.48558427569444446 0.013647310156250026 0.024261881944444497
4 0.69162616640625 0.2152375659722222 0.053614431250000025 0.06238770138888891
4 0.034605678515625 0.2637613340277778 0.03996712109374999 0.024261884722222227
3 0.681878088671875 0.6415535326388889 0.05946327890625005 0.27727867638888887
4 0.46205891835937496 0.48471778055555553 0.007798461718750005 0.022528891666666735