4 0.12077662695312501 0.21291453888888892 0.07437791171875 0.049052099999999994
4 0.21434884101562499 0.19905199166666665 0.06718005078124997 0.046919399999999986
4 0.21374901875000002 0.23530788888888887 0.07317826875 0.03412319999999999
4 0.16816255625 0.2577012375 0.017994656250000008 0.014928897222222225
4 0.171161665625 0.28222728888888887 0.016795012499999994 0.021327000000000023
4 0.7421920921874999 0.07499994513888888 0.12236366250000001 0.14999989027777777
0 0.023605484375000003 0.25450218750000003 0.021593589062499998 0.02985779722222222
0 0.0511972921875 0.2875590388888889 0.021593589062499995 0.027725099999999968
0 0.1765600625 0.34727464166666666 0.03958824375000001 0.0490521027777778
0 0.41528916953124995 0.25556854027777776 0.05398396874999998 0.044786700000000026
0 0.6774113296875 0.2694310888888889 0.05038503750000008 0.017061600000000017
0 0.57784089765625 0.39739309027777775 0.02399287500000007 0.025592400000000026
4 0.027204415234375 0.1073458888888889 0.026392163281250002 0.042654000000000004