3 0.32785706875000004 0.44142848194444445 0.012397956250000019 0.05877549722222221
3 0.2733454234375 0.4459328618055556 0.012397956249999975 0.060612231944444435
3 0.252165580078125 0.42021858125000006 0.007232141406249992 0.03857142083333329
3 0.26817960859375 0.45511653541666663 0.01446428437499998 0.060612231944444435
3 0.22375359609375 0.45511653402777774 0.012397956249999975 0.06428569861111112
3 0.24545002070312502 0.45419816666666674 0.010331630468750009 0.06612243333333329
3 0.23873446015625 0.4615451034722222 0.01963009843750001 0.0881632458333333
3 0.14781611367187503 0.47440224375 0.02169642421875 0.09183671527777777
3 0.11674742421874999 0.42979582847222225 0.01033162968750001 0.07897957361111112
3 0.12870259687500002 0.41706990763888885 0.012397956249999998 0.06428570138888882
3 0.047869883593749996 0.40469379583333337 0.014464282812500001 0.05142855833333337
3 0.027707564843749997 0.4010394583333334 0.014464281249999999 0.08265304444444446
3 0.04270406757812499 0.4653060284722222 0.030994891406249996 0.05510202916666671
3 0.300478246875 0.47908153472222226 0.03202805468750003 0.13775507222222222
0 0.459831351953125 0.4413410263888889 0.032028053906249986 0.06979590277777782
0 0.4758453796875 0.45629728402777775 0.04752550000000007 0.07346937361111117
0 0.50374078125 0.43425647152777774 0.016530609374999995 0.036734687499999946
0 0.59000989609375 0.5079882541666666 0.195267815625 0.25346933333333327
0 0.8830100218749999 0.4653060270833333 0.23142852187500002 0.3048978958333334
1 0.8844263097656249 0.3728570638888889 0.22832903359374992 0.330612175
3 0.7623021289062499 0.4380611305555555 0.013431120312499979 0.07530610833333332
5 0.631090422265625 0.32938769166666665 0.007232141406249948 0.025714280555555566
0 0.389747847265625 0.4512856166666667 0.05269131484375 0.07163263888888885
3 0.12212942890625 0.4797652881944444 0.0250488109375 0.10546867638888884