0 0.0209149984375 0.5884801243055555 0.0386123046875 0.08151486527777775
0 0.8717984023437498 0.641115445138889 0.25541423124999996 0.37269660138888894
0 0.4342625375 0.5530285340277777 0.08732029374999999 0.10811084027777772
0 0.055744651562500004 0.5675819152777778 0.060032703124999996 0.0762320027777778
0 0.09823533203125 0.564116825 0.03430440156250001 0.04158109444444441
0 0.12240434179687501 0.5578796618055555 0.021830074218750006 0.040195056944444474
0 0.13682778359375 0.5558006069444444 0.01325397343750001 0.030492802777777762
0 0.143844592578125 0.5447123152777777 0.017931846093750002 0.030492802777777762
0 0.15553927421875 0.5467913701388889 0.014813264062500008 0.023562620833333308
0 0.166844134765625 0.5398611881944444 0.012474327343750003 0.023562620833333308
0 0.17347112109375 0.5322379875000001 0.017931845312500007 0.02772072777777773
0 0.36994178476562495 0.5454053333333333 0.049117666406249996 0.07345993055555552
0 0.34226436953125 0.5440192979166667 0.03430439999999999 0.07068785972222223
0 0.32667146015625 0.5474843881944444 0.023389364062499984 0.05544145694444451
0 0.283790958203125 0.5343170423611111 0.02027078203124999 0.026334693055555566
0 0.26936751640625 0.5315449701388889 0.010135390624999996 0.023562620833333388
0 0.25806265703125 0.5253078048611111 0.010915037500000002 0.01940450972222223
0 0.24558832890625001 0.5260008236111111 0.014033618749999999 0.018018472222222214
0 0.23272417851562502 0.5218427145833333 0.014813263281250011 0.02079054583333328
0 0.196911184765625 0.5268294847222222 0.013647310156250004 0.013863933333333339
5 0.2012978203125 0.4887036666666667 0.006823654687499991 0.013863933333333339