0 0.396979988671875 0.39581624374999996 0.01549744453124995 0.016530609722222225
0 0.41454376015625005 0.3829591034722223 0.011364793750000057 0.020204076388888915
0 0.361335864453125 0.3719386965277778 0.012397957031249972 0.012857140277777844
0 0.45122104882812497 0.39489787708333335 0.02686223984374996 0.04040815416666664
0 0.49668022382812504 0.4049999152777778 0.03719387109375001 0.042244891666666715
0 0.363918771484375 0.40316317916666666 0.02996172890625002 0.038571419444444484
0 0.8632464675781251 0.4095917513888889 0.06818876171874991 0.04040815555555552
4 0.6116899082031251 0.11860328611111112 0.17253822890624998 0.16163261944444443
4 0.43398586328125 0.10299104513888889 0.17047190312500002 0.15979588472222223
4 0.38148254296875 0.33336727708333336 0.03616070625000001 0.023877545833333298
4 0.410411108984375 0.33612237777777776 0.017563769531250006 0.018367344444444416
4 0.42849146171874997 0.3333672763888889 0.014464282812499984 0.01653060833333334
2 0.58346591953125 0.34530605138888887 0.1219132390625 0.22775505555555553