3 0.036914049609375 0.4924998208333333 0.008437497656250004 0.014999994444444395
3 0.059589822265624995 0.4878123263888889 0.00949218515625 0.016874994444444427
0 0.03744139296875 0.5238232465277778 0.0727734109375 0.05014684305555556
3 0.013710933593749999 0.5206248125 0.023203115625 0.08624996944444448
3 0.05273435625 0.5271873090277778 0.021093743749999998 0.08812496805555554
3 0.10072262109375 0.49406232777777775 0.013710934374999994 0.02062499444444449
3 0.118124958203125 0.5062498229166668 0.012656244531250005 0.03749998749999995
0 0.09281246640625 0.5231248145833334 0.03796873593750001 0.03374998750000005
4 0.011074214453125 0.33281238263888885 0.02003905390625 0.02437499027777778
4 0.05062498203125 0.32937487986111114 0.031640612500000005 0.03374998750000001
5 0.130781204296875 0.3349998791666666 0.008437497656249992 0.03749998888888888
5 0.15228438515625 0.33565886805555556 0.0134751203125 0.03881796666666667
5 0.1402733875 0.33593737777777777 0.010546870312500012 0.04312498611111108
5 0.135527295703125 0.39499985694444445 0.00949218515625001 0.02999998888888887
5 0.20408195859375003 0.4043748520833333 0.007382810937499995 0.03374998750000005
5 0.198281180078125 0.46624983194444447 0.012656244531249982 0.02249999166666667
5 0.19828118085937502 0.4369655465277778 0.008437496093749997 0.01643140138888894
0 0.23203116875 0.5243748111111112 0.029531239062499992 0.06374998055555557
0 0.165585879296875 0.5459373055555555 0.13710932578124999 0.14062495277777773
0 0.339081911328125 0.5087498104166667 0.02214842734375 0.03749998194444441
0 0.32906238515625 0.513437307638889 0.021093745312500013 0.028124987499999952
0 0.313242077734375 0.5143748097222223 0.018984366406249988 0.03374998333333339
0 0.2837108375 0.5243748118055556 0.063281228125 0.08624997083333336
0 0.352265501171875 0.5156248201388889 0.023203116406250012 0.03749998750000003
0 0.3691404953125 0.5156248173611112 0.027421865624999996 0.048749981944444444
5 0.37757799257812497 0.46656232430555555 0.008437496093750019 0.020624990277777755
0 0.428730318359375 0.5156248194444444 0.009492185156249989 0.018749997222222228
0 0.438749848046875 0.5156248194444444 0.012656247656249953 0.018749997222222228
0 0.40078110976562503 0.5240623159722222 0.05484373046875004 0.08437496527777778
0 0.464589681640625 0.4943748208333334 0.04535154609375001 0.09374996666666667
0 0.538417780859375 0.5243748118055556 0.10863277421875006 0.08624997083333336
3 0.572167768359375 0.5087498118055556 0.011601560156250024 0.029999987499999985
5 0.5442185593750001 0.37624986180555553 0.008437496875000061 0.03749998750000003
5 0.536835749609375 0.37218737013888886 0.006328122656250023 0.03562498472222219
5 0.551074025390625 0.3759373680555555 0.007382808593749957 0.0318749888888889
4 0.6194529109375001 0.40062485486111116 0.035859360937500015 0.018749993055555494
5 0.64160133828125 0.4737498284722223 0.012656245312499958 0.022499990277777788
3 0.64810524140625 0.5365623076388889 0.02214842968749995 0.08437497083333333
5 0.699257568359375 0.31562488055555554 0.014765619531249996 0.056249980555555565
5 0.727381107421875 0.35086512152777777 0.01616896953125 0.042980476388888925
5 0.7208786539062499 0.4287498444444444 0.020039054687500002 0.03749998611111115
4 0.704531002734375 0.2421874111111111 0.031640614843749935 0.06562497500000003
0 0.7250974019531251 0.5449998034722223 0.15714838359375002 0.17249993749999998
0 0.862206730078125 0.5956247854166666 0.22253898515625004 0.20624992916666668
0 0.972948878125 0.6556247645833333 0.05167967031249994 0.23624991805555548
5 0.33499810859375 0.24965217916666668 0.007651137499999993 0.0