0 0.5853120203125 0.5869272534722222 0.015302274999999987 0.013602020833333325
0 0.591528569140625 0.5954285173611111 0.02773537265624997 0.027204045833333308
0 0.51960789296875 0.607330288888889 0.02199702031250004 0.030604550000000015
0 0.560254561328125 0.5792761173611112 0.028691764843750002 0.03570530972222225
0 0.49569808945312505 0.6047799076388889 0.03347372734374998 0.0527078347222222
0 0.44280958359374994 0.64473585 0.08416251249999993 0.10541567222222217
0 0.353865109765625 0.6362345854166667 0.06503466796874999 0.08161213194444446
6 0.034430118359375 0.7351892923611112 0.06886023671875 0.1598237597222222
5 0.131982121875 0.5182370527777778 0.015302274999999987 0.03740556111111112
5 0.60348347109375 0.5292886951388889 0.005738353125000017 0.018702781944444444
5 0.52219013515625 0.5292886951388889 0.005738353125000017 0.018702781944444444
5 0.09898659101562499 0.517386926388889 0.023909803906250006 0.035705308333333366
5 0.961461084375 0.4799813652777778 0.025822589062500078 0.039105813888888875
5 0.772573627734375 0.1518325701388889 0.022953411718749983 0.09011339583333335
5 0.753923980078125 0.15948370208333332 0.012433099218749976 0.08841314305555555
5 0.7926578640625 0.15438294583333334 0.019127843750000116 0.09181364999999998
4 0.473892328515625 0.5462912229166667 0.008607528906250028 0.008501262499999976
4 0.4786742910156249 0.5547924861111112 0.008607528906250028 0.00510075833333327
4 0.6943407285156249 0.5343894534722222 0.009563921093749973 0.028904298611111143
4 0.949506183984375 0.3490619034722222 0.032517335156250125 0.018702781944444444
4 0.930856534765625 0.37796619861111114 0.048776000781250065 0.028904297222222177
4 0.931812928125 0.4621287097222222 0.03347372656250016 0.04080606666666671
4 0.9279873582031251 0.5326892006944445 0.06790384609375 0.1071159263888889
3 0.549925508203125 0.6440557854166666 0.03634290390625008 0.16662477361111117
3 0.577660882421875 0.6544272833333333 0.03443011953125001 0.1581235083333334