0 0.15424806757812498 0.4279990472222222 0.048226442968750005 0.04354839166666662
0 0.043250698828125 0.4844758694444445 0.022199472656249997 0.03130040833333333
0 0.023730472265625 0.4831149805555555 0.01990297734375 0.03674395555555555
0 0.197116015625 0.46066034166666664 0.01837197812500002 0.02721774444444449
0 0.38849078867187503 0.4429688048611111 0.013778983593749983 0.02177419583333331
0 0.41222126015625005 0.44569058333333333 0.010716987499999941 0.019052422222222275
0 0.450496214453125 0.4579385680555556 0.02449596953125006 0.048991941666666684
0 0.296184356640625 0.4924143784722222 0.07106383359374999 0.08573589861111112
0 0.49591583046875004 0.4754032875 0.06966041874999993 0.09798388333333337
0 0.43084840664062496 0.44886598611111106 0.01607548046875005 0.023135080555555573
4 0.648441523046875 0.09662299791666666 0.037637042968749944 0.0843750125
4 0.675616741796875 0.19324599305555554 0.03687154296874997 0.021774197222222232
4 0.6526517675781249 0.29735387013888886 0.041464538281250005 0.02857863194444445
4 0.6070407792968749 0.31980850902777774 0.017606480468749998 0.019052420833333313
4 0.66662492578125 0.41456704375 0.011232920312500028 0.029763787500000027
4 0.36909814414062503 0.32706656805555556 0.017606480468749998 0.027217747222222224
4 0.382494378125 0.3502016513888889 0.007654992187500031 0.010887100000000021
4 0.682952775390625 0.32865427569444444 0.011482485156249922 0.04218750416666665
5 0.43452598789062497 0.1718120173611111 0.00842049140624992 0.05647682083333332
5 0.425652290625 0.15850083958333333 0.009951487500000055 0.03538306805555555
4 0.669251719140625 0.4475198097222223 0.013154530468750014 0.027637805555555575
5 0.0229534125 0.12666883194444445 0.017215059375 0.02890429722222222
5 0.17071600546875002 0.2167822291666667 0.014345882812499999 0.02890429722222222