4 0.38797352265625 0.2339538826388889 0.015596925000000006 0.0311938513888889
4 0.522984408984375 0.23568687430555554 0.026319811718749975 0.013863934722222224
4 0.5580774921875 0.27987816388888886 0.014622118750000013 0.008664958333333356
4 0.5619767234374999 0.2720797006944444 0.014622118750000013 0.010397948611111119
4 0.56148931953125 0.2400193541666667 0.007798464062499999 0.01906290833333332
5 0.49374017382812496 0.22788841041666666 0.0068236554687500115 0.02252889305555554
5 0.48740392304687497 0.22528892430555558 0.005848846093749938 0.024261884722222227
5 0.319249569140625 0.21402447847222222 0.006823653906250016 0.02252889305555554
5 0.310476298828125 0.21229148680555557 0.004874039843749988 0.025994876388888876
5 0.23054205546875 0.2668807270833333 0.010722885937500015 0.013863934722222224
5 0.21007109101562502 0.27294619652777774 0.008773271093750035 0.019062909722222205
5 0.601456441015625 0.2902761138888889 0.013647310156250026 0.01906290833333332
0 0.377738040234375 0.32753543611111113 0.020470964843749995 0.03119384999999997
0 0.359704094921875 0.3249359486111111 0.02144577265625003 0.036392825
0 0.4625463234375 0.3353339006944444 0.014622118750000013 0.039858809722222215
0 0.489840943359375 0.33186791597222226 0.018521349218749972 0.025994876388888876
0 0.49617719296875 0.34226586527777775 0.019496156249999962 0.0259948777777778
0 0.5132363308593749 0.33966637847222225 0.016571733593749992 0.05545573472222224
0 0.46303372695312495 0.31367150208333333 0.025345003906249986 0.051989751388888866
0 0.631188080078125 0.3665277506944444 0.061412894531250026 0.07798462916666667
0 0.66286933515625 0.3751927069444444 0.07603501250000004 0.09184856111111112
0 0.329972455859375 0.32493594861111114 0.038017505468749976 0.04679077777777777
0 0.27099658125000003 0.33360090694444444 0.062387701562499974 0.0641206944444444
0 0.54540498984375 0.3561298 0.07311058906249998 0.0987805277777778
0 0.419654777734375 0.3483313361111111 0.07895943515624997 0.13517335277777776
2 0.103817035546875 0.2954750888888889 0.20763407109375 0.35872928888888894
0 0.8203008023437499 0.4601093027777778 0.35775447968749996 0.5805522277777778