0 0.611059148828125 0.7089838875 0.6815913289062501 0.5812496
2 0.9109857019531249 0.3574216270833333 0.17797839296875004 0.3328122708333333
0 0.8127679953125 0.40664034652777775 0.052734340625 0.05156246805555556
6 0.211596534765625 0.5988277166666667 0.03559568046874999 0.07499994999999997
0 0.09821770585937499 0.6140620784722223 0.10942375234375001 0.12421866249999998
0 0.030322245312500003 0.7207026270833334 0.060644490625000005 0.23906233472222224
0 0.01647948046875 0.6023433319444444 0.025048809374999998 0.03984372499999998
4 0.144360253515625 0.4640621819444445 0.030322247656250002 0.049218713888888904
4 0.275536919921875 0.5496089993055555 0.02636716953125 0.04218747083333341
4 0.237963703515625 0.5378902527777778 0.03559567890625002 0.032812477777777835
5 0.15556629921875 0.3246091527777778 0.013183584375000001 0.04687496944444444
5 0.35595678671875 0.4453121958333333 0.010546870312500012 0.021093736111111146
5 0.777831496484375 0.3117185395833333 0.021093735156250036 0.03515622361111114
5 0.7442133570312499 0.3164060326388889 0.017138662499999936 0.0398437236111111
4 0.410668662890625 0.4874996625 0.01713866015625003 0.021093736111111146