5 0.52307398671875 0.44354226875 0.004588367187499998 0.022432023611111164
5 0.5282359015625 0.44252263333333336 0.003441278125000036 0.024471297222222275
5 0.518485618359375 0.44048335763888885 0.004588369531249992 0.020392745833333316
5 0.36477528046874996 0.4353851701388889 0.006882551562499994 0.01835347361111109
5 0.550030649609375 0.47922957708333336 0.00917673671874999 0.012235648611111098
0 0.295376209375 0.5251132604166666 0.0355598546875 0.032628395833333296
5 0.37280492460937503 0.43640480763888895 0.006882552343750037 0.01835347361111109
0 0.262110538671875 0.5240936229166667 0.03785403828125 0.05506042083333327
0 0.339539255078125 0.5037008743055555 0.04588368359374999 0.03058912083333338
0 0.057928150390625 0.5444863715277778 0.11585630078125 0.10400301527777774
0 0.006882552734375 0.56997730625 0.01376510546875 0.07749244305555554
0 0.5029998753906251 0.49350450208333335 0.010323828906250032 0.018353473611111167
0 0.5098824285156249 0.5006419645833333 0.010323828906250032 0.020392745833333316
0 0.5173385253906251 0.4996223270833333 0.011470921093749985 0.026510573611111157
0 0.568957669921875 0.5047205125 0.036706947656250044 0.05302114444444447
0 0.575840221484375 0.5189954368055556 0.020647657031249978 0.048942595833333276
0 0.611973621484375 0.5210347118055556 0.05620751171874998 0.07341389305555562
0 0.6446657457031251 0.537348911111111 0.05850169609374998 0.07341389444444443
0 0.685961061328125 0.5465256451388889 0.06538424765624998 0.09992446527777775
0 0.749051125 0.5506041958333333 0.10897374687500001 0.15294561111111118
0 0.49038186171875003 0.5128776125 0.02179475000000002 0.05709969444444446
0 0.433600804296875 0.5557023854166666 0.10782665390625001 0.18761328194444446
0 0.19041728398437502 0.5312310861111111 0.08717899765625 0.09380664166666672
0 0.537986183203125 0.5251132611111111 0.04817786796874994 0.07749244166666674
0 0.87121643125 0.5801736826388889 0.23400678281249992 0.23655587638888895