0 0.13964061445312498 0.5354999562499999 0.02278124921875 0.023999995833333385
0 0.125718741015625 0.5287499583333334 0.01687499921875 0.022499999999999985
0 0.103781241015625 0.5362499576388888 0.03206249765624999 0.025499998611111133
0 0.06749999414062499 0.5444999576388889 0.03206249765625 0.029999998611111068
0 0.037124996484375 0.5482499555555556 0.035437497656250004 0.028500000000000053
0 0.01223437421875 0.5557499555555556 0.0244687484375 0.028499997222222205
0 0.28932184687499996 0.4982999555555555 0.01096874843750002 0.020999997222222237
0 0.299024970703125 0.5035499555555556 0.01349999921874998 0.016499999999999994
0 0.32180621914062496 0.524549954861111 0.016874999218749975 0.0224999986111111
0 0.3285562171875 0.5297999534722222 0.011812498437500008 0.03299999583333333
0 0.33235309335937496 0.5335499527777778 0.010968749218750018 0.02849999722222228
0 0.3374155921875 0.5342999541666666 0.009281249999999996 0.032999997222222216
0 0.347962467578125 0.5350499527777778 0.020249999218750016 0.03749999722222223
0 0.35808746679687503 0.5395499513888888 0.020249999218750016 0.04649999444444441
0 0.36947809023437495 0.5387999520833333 0.019406247656249986 0.04499999583333331
0 0.37791558984374996 0.5432999506944444 0.02109374843749996 0.041999995833333276
0 0.389306214453125 0.5462999534722222 0.03206249765624998 0.04499999583333331
0 0.310837469140625 0.5147999763888889 0.01349999921874998 0.020999997222222237
0 0.5026218460937499 0.5605499736111111 0.059906245312499974 0.11249999166666669
0 0.556621840234375 0.5852999722222222 0.10378124140624996 0.11399999166666666
0 0.6068249621093751 0.535049976388889 0.05062499609374997 0.06449999444444446
0 0.698142816015625 0.6037499520833333 0.19237498515625004 0.19649998472222222
0 0.24848435429687496 0.5327499659722222 0.017718749218750007 0.02849999583333332
0 0.276328103125 0.5514999631944444 0.044718745312500016 0.07199999305555561
0 0.301218725390625 0.5139999666666667 0.01349999765625003 0.020999997222222237
0 0.43298435703125 0.5702499638888889 0.09196874375 0.12449999166666667
0 0.8758124296875 0.6517499701388889 0.24637498125000007 0.3334999902777778
5 0.15187498828125 0.42374996666666664 0.011812498437499985 0.044999997222222275
5 0.365765596484375 0.39412496666666674 0.0075937492187499785 0.034499997222222197
5 0.3725155953125 0.39487496805555555 0.009281249999999996 0.038999997222222284
5 0.46785933789062495 0.48487496111111106 0.010968749218749973 0.020999997222222157
5 0.53282808125 0.46462496388888896 0.01940624843749994 0.031499997222222235
5 0.513421834375 0.4233749659722222 0.012656250000000036 0.04499999583333331
4 0.456974968359375 0.40574996874999997 0.020249999218750057 0.0224999986111111
4 0.458662468359375 0.44624996666666666 0.01687499921875002 0.016499999999999994
4 0.37268435507812503 0.49679995625 0.009281249218749999 0.017999998611111165
4 0.8871186996093752 0.3068999847222222 0.033749997656249954 0.03899999722222225
3 0.828478079296875 0.518399967361111 0.02615624765624993 0.07799999305555552
4 0.524390582421875 0.45974996180555555 0.02615624765624993 0.019499998611111066