0 0.1046078140625 0.48407228055555557 0.209215628125 0.3244899416666666
0 0.167889079296875 0.3960620361111111 0.034438791406250016 0.04132654999999998
0 0.053380113281249995 0.3371334368055556 0.10676022656249999 0.027551031944444464
0 0.227726479296875 0.43891919861111117 0.10934316015625001 0.1423470027777778
0 0.2828285453125 0.4128987777777778 0.06629467187499997 0.09030616111111113
0 0.31812830546875 0.4067763256944444 0.04735333749999997 0.06275512916666667
0 0.33922206445312497 0.3907048909722222 0.020663275781250025 0.02448980694444442
0 0.5144294140625 0.39682734305555556 0.0904018265625 0.12244903611111112
0 0.5880423304687501 0.4236130694444445 0.15669649843750005 0.17295926111111115
0 0.7141744011718749 0.41136816458333336 0.12311867734375 0.14540822638888887
0 0.8002713777343751 0.41442939027777775 0.07146048984375 0.10561229166666664
0 0.41197401093749997 0.46876614930555555 0.17649880312500002 0.2755103291666666
3 0.7430168890625 0.32182730833333334 0.01721939531250003 0.03979593888888889
4 0.35213661132812496 0.34019466388888886 0.01549745546875001 0.03061225833333331
4 0.42015322421874995 0.3386640513888889 0.013775517187499985 0.01836735555555558
4 0.43651164882812504 0.3126436326388889 0.010331638281250033 0.05510206527777777