0 0.036155139453125 0.6413928868055556 0.07231027890625 0.24101690416666674
0 0.3953663609375 0.61697988125 0.2033580109375 0.36001239027777776
0 0.09547764726562499 0.6185115347222222 0.14586861640625 0.17999996388888886
0 0.240488212890625 0.5925793368055555 0.10468218359374999 0.17999996527777773
0 0.308703241796875 0.5666471381944445 0.019735164843749996 0.0823728652777778
0 0.58585361328125 0.5643590027777777 0.14157836250000005 0.09305083055555549
0 0.670371605078125 0.5590200208333334 0.049766939843750004 0.06711863055555559
0 0.759608876953125 0.5696979854166666 0.08923727109374999 0.06101693749999997
0 0.845842970703125 0.5643590034722222 0.05920549765625012 0.07474574861111118
0 0.761754003515625 0.5452912097222222 0.08837922109374992 0.03966100833333333
0 0.182998816015625 0.5948674722222222 0.02230931796875 0.07474574999999999
5 0.14095433320312498 0.4057149659722222 0.006864405468750001 0.0350847375
5 0.3970824625 0.36482336875 0.011154659374999997 0.044826951388888855
5 0.3344447625 0.4980030833333334 0.006006354687499993 0.015254233333333329
5 0.6566427945312501 0.45681665 0.012012709374999986 0.030508466666666657
5 0.677236010546875 0.45224037916666665 0.01716101328124999 0.03661016111111108
4 0.14095433359375 0.4796980027777778 0.025741520312499988 0.012203386111111077
4 0.737728584375 0.42707089375000007 0.028315671874999993 0.016779656944444415
4 0.737728583984375 0.4461386868055556 0.01630296171875001 0.018305081944444464
4 0.4897519359375 0.469782748611111 0.016302962500000007 0.013728811111111128
5 0.50262269609375 0.4903759659722222 0.011154659374999997 0.018305081944444464
0 0.29583248203125 0.5765623895833334 0.018019064062500024 0.05949151527777785
3 0.48202948046874994 0.5574945979166667 0.01973516562500004 0.06101693750000005
3 0.5292222679687499 0.5696979854166666 0.023167368749999983 0.06711863194444448
3 0.55453476328125 0.5696979847222222 0.0223093171875 0.07322032500000002
3 0.521070786328125 0.5620708680555555 0.01716101328124999 0.0579660916666666
3 0.7085548609375 0.5582573090277778 0.01973516562500004 0.10220337083333335
3 0.8471300472656249 0.5574945986111112 0.03260592578124992 0.13423726388888887
3 0.8089467914062499 0.5628335791666667 0.03174787656250002 0.11440675833333332
3 0.91706117734375 0.5552064638888888 0.05062499062499999 0.15406776666666666