0 0.9539573574218749 0.5231725701388888 0.09009532265624998 0.26999994861111115
0 0.8050855640625001 0.45224038055555554 0.08408896718750007 0.04271185555555558
0 0.23491088164062504 0.4560539388888889 0.012870760156250017 0.016779658333333378
0 0.21002741249999998 0.4560539375 0.011154657812500001 0.01983050555555555
0 0.277793908984375 0.45228804861111105 0.019735166406249994 0.015254236111111099
4 0.3417186859375 0.42940669722222224 0.017161015624999987 0.015254236111111178
4 0.33007243124999996 0.4202541583333333 0.018877115625000006 0.03203389166666671
0 0.71847444921875 0.4438982201388889 0.049766940625 0.0549152458333334
0 0.6197986191406251 0.45228804999999994 0.06177964921874999 0.05338982222222223
0 0.58933782109375 0.45686432152777773 0.059205498437500025 0.047288126388888845
0 0.5863346425781251 0.43855923888888887 0.03088982421875004 0.013728811111111048
0 0.56617045234375 0.45991516875 0.05577329531249999 0.03813559027777779
0 0.563167274609375 0.43855923750000003 0.020593216406250024 0.016779658333333378
0 0.53570965234375 0.44008466180555555 0.042902532812500026 0.019830506944444437
0 0.5387128296875 0.45686432083333334 0.04547668593749998 0.03203389444444448
0 0.51597448671875 0.4393219479166667 0.027457621875000005 0.021355929166666638
0 0.5271291449218751 0.4576270326388889 0.054915241406250016 0.02745762083333337
0 0.49366516914062497 0.4416100868055556 0.030889825781249946 0.019830506944444437
0 0.496239321875 0.4591524548611111 0.03432202812499998 0.024406776388888888
0 0.47478805468750007 0.45228805 0.027457621875000005 0.028983047222222228
0 0.45290776171875 0.45533889791666665 0.01801906406249998 0.02288135138888892
4 0.748935248046875 0.30584740208333333 0.028315672656249992 0.1510169208333333
4 0.93508024140625 0.4118166597222222 0.011154659374999909 0.032033891666666627
4 0.8651491113281249 0.32334209861111113 0.013728810156249872 0.047288127777777765
4 0.033268971875 0.3912234423611111 0.02488346875 0.012203387499999963
0 0.24317156367187504 0.45076262638888887 0.012012708593750032 0.013728808333333358
1 0.12280849140625001 0.45522993125 0.0163029640625 0.0579660902777778
1 0.07947693125 0.4605689104166667 0.0806567640625 0.0655932097222222