0 0.21578741015625003 0.4194600354166667 0.019983562499999996 0.02991691250000004
0 0.308868739453125 0.4306788777777778 0.029449461718750004 0.033656527777777806
0 0.29344283359374995 0.3945292729166667 0.010517664062499987 0.011218840277777769
0 0.32026287734375003 0.40574811527777777 0.013672962500000007 0.022437683333333305
0 0.342875855859375 0.4064960409722222 0.01472473046874998 0.02243768472222219
0 0.3349876078125 0.40574811527777777 0.009465896875000013 0.0186980694444445
0 0.36180765234375 0.40107359791666664 0.012621196874999985 0.020567876388888903
0 0.40019712578124994 0.40668301944444446 0.013672962500000007 0.024307491666666674
0 0.42649128671875003 0.4160320541666666 0.02839769375000003 0.03926594722222221
0 0.512736133984375 0.4235112819444445 0.059950686718750035 0.07666208611111114
2 0.336565257421875 0.37770101180555554 0.02103532890625002 0.029916912499999962
4 0.389679462109375 0.3739613972222222 0.017880027343750004 0.0186980694444445