5 0.08454261796875 0.20486700138888886 0.01744634218750001 0.0473397861111111
5 0.44356999375 0.20813181388888888 0.008264057812499993 0.04081016111111108
5 0.06847361640625 0.20475038958333333 0.014691657812500003 0.055501818055555555
5 0.45045670937499993 0.20719900138888891 0.00734582968750006 0.044074972222222224
5 0.4582616527343751 0.20964760972222224 0.008264057031249994 0.0391777527777778
0 0.47747886445312504 0.3332829770833334 0.01469165703124995 0.02775090694444443
0 0.4646236636718751 0.3340991798611111 0.018364571093750025 0.026118501388888878
0 0.457736948828125 0.34144500833333336 0.02295571171875004 0.027750908333333355
0 0.44258617890625 0.34797463333333334 0.018364571875000023 0.031015719444444458
0 0.31481845976562506 0.5065901020833334 0.31311594921875 0.5419589152777777
2 0.6490536640625 0.29410521180555554 0.34984509218749993 0.5882104236111111