0 0.276741856640625 0.5752766576388889 0.13930991484375 0.14811162916666668
0 0.11967675585937501 0.5121471104166667 0.06282603984375 0.06070148749999996
0 0.392833451171875 0.5327856180555556 0.057362905468750024 0.06798566666666667
0 0.5130223964843751 0.5097190506944445 0.02731566953125002 0.04127700972222222
0 0.604529889453125 0.5157891993055556 0.02731566953125002 0.029136712499999995
0 0.663941470703125 0.5242874083333333 0.036876153906250056 0.0364208916666667
0 0.4283438210937501 0.49515069375 0.019120968749999977 0.02185253749999995
0 0.351859946875 0.4915086055555556 0.02458410312499999 0.01942447777777774
0 0.529411798046875 0.5000935361111111 0.016389400781249997 0.04145045833333335
1 0.5623613453124999 0.48803996250000004 0.025949885937499938 0.05584536666666667
0 0.58421388125 0.49411011041666675 0.015023618749999912 0.01456835694444444
0 0.59514014921875 0.49046802083333335 0.012292051562500017 0.016996416666666726
0 0.614944009375 0.49168205069444443 0.010926267187499939 0.019424476388888934
0 0.626553169140625 0.49168205069444443 0.00956048515625003 0.019424476388888934
4 0.47699987851562503 0.4455489201388889 0.01912096796875007 0.019424476388888855
4 0.4974866304687501 0.45040503958333333 0.02458410156249995 0.014568356944444518
4 0.7248895789062499 0.43705071180555555 0.025949885937500028 0.012140298611111038
0 0.54589239375 0.4999681131944445 0.005848846875000024 0.02252889305555554