0 0.56469528515625 0.6376169145833334 0.019967126562499972 0.011092848611111114
0 0.322281894921875 0.6659036756944444 0.01684726171874997 0.029950690277777723
0 0.3344493625 0.6692315298611111 0.009983564062499983 0.021076412500000034
0 0.37812745117187496 0.6470458354166666 0.0062397257812500054 0.012202131944444418
0 0.365336009765625 0.6492644048611111 0.023086989843750017 0.012202131944444418
0 0.39185485 0.6503736888888889 0.012479453125000007 0.016639272222222227
0 0.38717505390625 0.6609118958333333 0.014351371875000041 0.026622833333333377
0 0.36252813359375 0.6714501006944444 0.01871918124999996 0.02995068749999995
0 0.347240802734375 0.6542561833333334 0.011855480468750023 0.011092847222222228
0 0.423365471484375 0.6503736888888889 0.006863700781249982 0.016639272222222227
0 0.43334903515624995 0.6487097631944445 0.013103426562499987 0.017748556944444417
1 0.40277437226562507 0.6461583868055556 0.013103425781250034 0.025513548611111107
1 0.587470288671875 0.6367294666666667 0.025582880468749992 0.022185694444444456
0 0.20029523359375 0.6886439784722221 0.07862055781250002 0.08430564305555548
0 0.3020027828125 0.6775511326388889 0.03743836093750001 0.0443713902777778
0 0.413069921484375 0.6542561854166666 0.01622328984374999 0.024404265277777802
0 0.444580541796875 0.6520376166666667 0.011855480468750023 0.01774855555555553
0 0.4595558875 0.651482975 0.013103426562500076 0.016639272222222227
0 0.485450753515625 0.6542561875 0.018719182031250003 0.02662283611111115
4 0.615861046875 0.5574156027777778 0.019967124999999974 0.03438782777777784