0 0.89646634765625 0.6692600347222222 0.20449316249999994 0.3188977277777777
0 0.506449451953125 0.5495670805555556 0.01793799609375002 0.029763786111111065
0 0.47455967734375 0.5532875555555555 0.00996555781249997 0.028700799999999936
0 0.44605819414062503 0.5506171736111111 0.004783464843750007 0.02341162777777773
2 0.473066416796875 0.526165136111111 0.01773554609375001 0.0425519166666666
0 0.495885962109375 0.5608474027777778 0.03587599453124994 0.04594647499999998
0 0.45761823437500004 0.5491180145833334 0.014350396875000015 0.03402218194444444
4 0.5422840109375 0.5112993534722222 0.03061104375000001 0.05740159027777783
4 0.478545898046875 0.4613387090277778 0.09447345078125 0.0340157569444444
4 0.24140560976562497 0.5241360479166667 0.009951488281250009 0.019052420833333313
4 0.41329295429687496 0.5341482541666666 0.008420489843750012 0.0068044361111111425