4 0.9474187359374999 0.5824972875000001 0.10415650781250001 0.15031702499999997
4 0.8579841265624999 0.4779436083333333 0.025720767187499938 0.03701613333333332
4 0.35642912265625004 0.5269355520833334 0.014697582812499999 0.013064518055555554
3 0.09615943046875 0.5051613541666667 0.023271173437499994 0.08709678611111107
3 0.395010278125 0.559596845138889 0.01102318750000002 0.021774195833333385
5 0.5548464875000001 0.5661291048611111 0.0024495968750000152 0.01741935694444439
5 0.52973811640625 0.5530645881944445 0.0036743953124999786 0.017419359722222163
5 0.50769174296875 0.5476210381944444 0.0036743953124999786 0.019596776388888928
5 0.48197097421875 0.5443549090277778 0.0036743953124999786 0.01741935694444447
0 0.496056156640625 0.5813710409722223 0.009798386718749974 0.01741935416666662
0 0.479521375390625 0.5813710423611111 0.011023186718750022 0.021774198611111076
0 0.464211394140625 0.5791936215277778 0.01469758203125 0.02177419583333331
2 0.44461461796875 0.5650403944444444 0.02449597031249997 0.04572581111111107
0 0.4268550390625 0.5683065256944444 0.013472784375000036 0.021774198611111076
0 0.19169371757812498 0.5704839451388889 0.15799901171875 0.15677421249999998
0 0.047779889062500004 0.5781049145833332 0.09553428593749999 0.2416935791666667
4 0.45931219921875 0.5280242618055556 0.019596778125000026 0.019596776388888848
4 0.45931220039062504 0.5040726465277777 0.012247986718749982 0.023951615277777765
0 0.526676119140625 0.5857258826388889 0.012247986718749982 0.013064515277777784
2 0.7991937960937501 0.6031452388888888 0.21923893906250003 0.1785484083333333
2 0.6695597023437501 0.5693952340277778 0.0481562453125 0.10669355972222223