5 0.28056906992187497 0.11013157916666666 0.01598684296874997 0.07815789722222222
5 0.7691669328125 0.1243421076388889 0.015986843750000014 0.06039473472222223
4 0.136187899609375 0.10835526180555557 0.012989308593750004 0.017763156944444445
5 0.149177209375 0.24424342361111112 0.018984376562500006 0.033750000000000016
4 0.7786591218750001 0.07904605277777778 0.028976151562499997 0.019539475000000008
4 0.761173512109375 0.055065790277777776 0.029975330468750006 0.01776315833333333
4 0.7631718656250001 0.003552632638888889 0.057952301562499996 0.007105265277777778
0 0.50638321484375 0.14210526527777775 0.00799342031250001 0.021315788888888892
0 0.499888560546875 0.1829605277777778 0.014987666406249999 0.024868422222222224
0 0.490396371484375 0.20960526597222223 0.02597861796874996 0.035526315277777776
0 0.47041281992187506 0.19361842430555554 0.011990132031249967 0.017763159722222237
0 0.461919809765625 0.2007236861111111 0.014987664843750003 0.024868422222222207
0 0.44893049960937503 0.20782894930555557 0.022981085156250015 0.03197368194444444
0 0.43843913671875007 0.23003289375 0.03597039531249999 0.04440789305555555
0 0.532361833984375 0.13677631736111112 0.007993421093750008 0.021315790277777778
0 0.519372520703125 0.16875000069444443 0.007993421093750008 0.017763156944444445
1 0.519872111328125 0.1385526326388889 0.012989308593749981 0.035526315277777776
0 0.534859777734375 0.16164473680555555 0.00899259921874993 0.017763159722222217
0 0.540355253515625 0.17585526319444444 0.011990130468749971 0.017763159722222217
0 0.5533445632812499 0.1829605277777778 0.017985196874999953 0.024868422222222224
0 0.54884826328125 0.15720394722222222 0.010990951562499962 0.012434211111111104
0 0.5788235921875 0.1891776340277778 0.016986018750000033 0.026644740277777777
0 0.5868170144531251 0.19717105347222222 0.014987664843750003 0.03907894861111109
0 0.5988071460937501 0.20338815972222224 0.020982731249999987 0.0408552611111111
0 0.610297687890625 0.2238157909722222 0.025978616406250054 0.03907894861111111
0 0.62678411796875 0.23536184444444447 0.0369695734375 0.03730263333333335
0 0.557996539453125 0.20960526180555555 0.026666442968750027 0.03907894861111111
0 0.5203717007812501 0.1891776340277778 0.017985196875000043 0.026644740277777777
0 0.520871289453125 0.22559210833333335 0.02697779765624997 0.03907894722222222
0 0.5283651222656249 0.2602302659722222 0.04196546328124997 0.040855262500000024
0 0.658258215234375 0.2620065791666667 0.049958882031250075 0.062171055555555556
0 0.41308808046875 0.2557894756944445 0.042708690625000045 0.05684210416666669
0 0.47241117500000007 0.2371381576388889 0.03197368437499994 0.04796052638888892
0 0.51637499140625 0.37569078958333335 0.11790296250000001 0.19006578749999994
0 0.69173066484375 0.2842105284722222 0.07094161250000006 0.08881578750000002
0 0.371494233203125 0.3090789472222222 0.06194901328125 0.06749999999999999
3 0.27857071328125 0.31440789444444445 0.019983553124999977 0.0746052583333333
3 0.687234366015625 0.2069407923611111 0.013988488281249989 0.04796052638888888
3 0.6697487582031251 0.205164475 0.012989308593750071 0.033750000000000016
3 0.63078083125 0.19006579027777779 0.006994243749999995 0.03197368333333335
3 0.622787409375 0.19184210833333332 0.008992600000000017 0.021315791666666684
3 0.62078905390625 0.17052631597222223 0.006994242187499999 0.017763156944444466
3 0.612296044140625 0.17674342083333336 0.005995064843749986 0.019539475000000018
3 0.606800567578125 0.16697368472222224 0.00499588828125006 0.021315788888888892