0 0.24851057148437503 0.38964816944444447 0.014501942968749982 0.021093736111111067
0 0.237963703515625 0.39667941458333333 0.017138660156249985 0.03046872916666664
0 0.22412093984375003 0.40136691111111117 0.03691403750000002 0.04921871666666667
0 0.196435412109375 0.4048825347222222 0.03955075390625003 0.0656249555555555
0 0.178637573046875 0.4189450243055556 0.038232396093749996 0.07499994861111109
0 0.15292958203125 0.43300751597222226 0.06064449062500001 0.08906244027777785
0 0.073168894921875 0.4482418777777778 0.14633778984375 0.18515612222222222
0 0.04152829140625 0.5255855756944445 0.0830565828125 0.23671858750000002
0 0.26696758984375 0.3990231625000001 0.022412093749999994 0.035156224999999985
0 0.288061325390625 0.3919919180555556 0.017138660156249985 0.03984372222222221
0 0.30190408945312497 0.3943356659722222 0.013183585156250021 0.03046872916666664
0 0.31706521171875 0.3990231631944444 0.017138659374999986 0.04921871527777778
0 0.334863051171875 0.4025387861111111 0.03955075390624998 0.0656249555555555
0 0.359252683203125 0.41660127569444444 0.05405269765625 0.07499994861111109
4 0.408691125 0.30996072430555555 0.021093735937500035 0.03984372361111114
4 0.4067135875 0.3392575784722222 0.014501943750000024 0.028124981944444412
0 0.400780974609375 0.38847629513888887 0.013183585156249978 0.04218747083333333
0 0.413964559375 0.4412106340277778 0.06328120624999997 0.12421866527777775
0 0.505590473046875 0.4470700048611111 0.16479480859375 0.20624985694444445
0 0.6769770734375 0.5233590215277778 0.3361814093750001 0.28828105138888893
4 0.06789546093750001 0.27140606944444445 0.022412093750000008 0.04687496944444444
0 0.8978283488281249 0.6620356777777777 0.2017088445312501 0.43124970277777774