4 0.792344696875 0.25169509444444443 0.06435385937500007 0.03744224722222222
5 0.829786941796875 0.4149848840277777 0.033932035156249894 0.052003118055555575
5 0.77830385546875 0.41810507222222226 0.008190490625000013 0.045762741666666704
5 0.3167111734375 0.47322837777777776 0.007020420312499986 0.018721125000000033
5 0.31963634921875 0.4753085041666667 0.008190490625000013 0.018721124999999953
5 0.4249426640625 0.4742684409722222 0.005850351562500045 0.020801251388888886
5 0.41967734726562506 0.47010819375000007 0.007020419531249988 0.024961498611111133
5 0.442493717578125 0.5335519958333332 0.005850350781249958 0.0228813722222222
4 0.47408561093750007 0.4701081909722223 0.012870771874999942 0.0166409986111111
5 0.480520997265625 0.5179510604166666 0.014040842968749967 0.012480748611111083
0 0.144710859375 0.5969957993055556 0.28549712031249996 0.3702622041666666
0 0.309690753125 0.5460327444444445 0.030421824999999993 0.03120187222222223
0 0.546629960546875 0.5969957993055556 0.08775526171875007 0.11232673472222222
0 0.28979956132812495 0.5470728076388889 0.014040842968750012 0.029121745833333375
0 0.3371874015625 0.5449926840277778 0.022231332812499983 0.024961498611111133
0 0.352983348828125 0.5470728076388889 0.016380982031250026 0.024961498611111133
0 0.38223510390625004 0.54707280625 0.02574154375000002 0.020801248611111114
0 0.401541261328125 0.54707280625 0.015210911718749998 0.020801248611111114
0 0.41792224375 0.5481128694444444 0.01287077187500003 0.01872112222222226
0 0.44892910273437503 0.55643336875 0.009360561718749948 0.03536212083333336
0 0.46823526054687503 0.5616336791666667 0.026911614843749997 0.04992299444444441
0 0.479350926953125 0.5678740534722222 0.023401403906249917 0.06240374305555558
0 0.5039224 0.5709942402777778 0.053823228125 0.08112486388888887
4 0.457704628515625 0.48674918888888896 0.008190489843750015 0.016640997222222214
4 0.79175966328125 0.5605936173611111 0.018721123437499987 0.0395223708333333
5 0.24124164765625 0.4617876930555555 0.012870770312500035 0.016640997222222214
4 0.26932333203125003 0.46802806736111113 0.010530631250000023 0.01664099861111118