5 0.4850922609375 0.28498580625 0.00648422812499998 0.011527515277777785
4 0.382065090234375 0.18764233680555556 0.010807046093750028 0.024335868055555546
4 0.3489234828125 0.28306455277777776 0.016570803124999988 0.03330171111111113
0 0.46383840468750004 0.3099620881944445 0.018732212499999967 0.03074004027777776
0 0.4400629039062499 0.3099620881944445 0.01585033593749996 0.020493359722222198
0 0.4227716308593751 0.3067600020833333 0.012968455468749963 0.02945920416666665
0 0.40764176562500004 0.3080408347222222 0.01729127500000005 0.03458254444444443
0 0.38782884804687495 0.31380459513888886 0.030980199218749994 0.0358633847222222
0 0.355767944140625 0.3176471 0.018732213281249965 0.03586338333333331
0 0.33703573281250004 0.32148960416666666 0.024495970312500014 0.03330171111111109
1 0.518594104296875 0.3016366631944445 0.02161409140624997 0.047390898611111135
0 0.49373789960937503 0.32341085625 0.045389591406250054 0.0755692708333333
0 0.11621176054687501 0.35287006249999997 0.029539258593750017 0.052514236111111105
0 0.061816295703125 0.3919355361111111 0.12247985546875 0.24335866666666667
2 0.75690147421875 0.2955993895833333 0.485260375 0.5886371125000001