5 0.35067028593750005 0.3576519756944444 0.018353473437500024 0.0394259819444444
5 0.19695994765625 0.4337849013888888 0.021412384374999992 0.025830813888888887
5 0.1694297375 0.43854320972222227 0.01682401718750002 0.02990936388888888
5 0.5116455406249999 0.37872448263888886 0.011470920312499988 0.03534742916666668
5 0.313580975390625 0.45553716666666666 0.013000377343750013 0.023111780555555583
5 0.43364328007812497 0.44647372708333327 0.00994146484374996 0.017673715277777783
5 0.4760856859375 0.4519117930555555 0.009176735937499991 0.017673713888888897
4 0.5341200562499999 0.39753113125 0.03364803437499999 0.020392748611111088
4 0.299815870703125 0.3481353618055556 0.01452983203125 0.028549848611111116
0 0.43360080546875 0.5070996680555555 0.011470920312499988 0.0203927472222222
0 0.42786534453125 0.5084591840277778 0.009176735937499991 0.017673715277777783
0 0.42021806406250006 0.5064199083333334 0.010706193750000014 0.016314197222222285
0 0.411423691015625 0.5091389423611111 0.011470921093749985 0.021752265277777776
0 0.3949820375 0.5070996666666667 0.026000753124999988 0.03670694722222218
0 0.4940143214843751 0.5070996680555555 0.013000377343750013 0.023111783333333354
0 0.503191057421875 0.5111782159722222 0.020647657031249978 0.03398791250000007
0 0.36745182773437496 0.5098186993055556 0.04588368359374999 0.05030211249999997
0 0.522691622265625 0.5193353159722223 0.04129531484375004 0.05166162916666666
0 0.466101746875 0.5132174916666666 0.0535309640625 0.08293050833333335
0 0.10438537851562502 0.5098186993055556 0.13306268046875 0.059818726388888875
0 0.0231330234375 0.519335317361111 0.046266046875 0.059818726388888875
3 0.053913327734374995 0.5213745916666667 0.018353472656249998 0.09108760833333333
3 0.24968370859375 0.5009818416666666 0.013765104687499984 0.06933534166666667
0 0.5648791234375 0.52930511875 0.045883682812500035 0.08157099305555554
0 0.6042626191406251 0.5361027006944444 0.07264916484375003 0.12235648750000003
0 0.65588176171875 0.5524169000000001 0.09023790937500005 0.16858004999999998
0 0.760267152734375 0.5768881972222223 0.22406531953125003 0.24743201111111113
0 0.8946511640624999 0.6695884465277777 0.2095354859374999 0.48262836805555553