0 0.849248423828125 0.6131950625 0.29977339609375 0.4268881916666667
0 0.013342413281250002 0.5866579361111111 0.026684826562500003 0.06661631111111113
0 0.24323814335937496 0.5407962840277777 0.040530586718750025 0.04214501249999998
0 0.11361673828124999 0.5664328881944444 0.030589121875000003 0.06117824583333334
0 0.089527805078125 0.5718709548611112 0.04664841171874999 0.06117824305555557
0 0.03982048203125 0.5745899888888889 0.066531340625 0.07477340833333336
5 0.180057038671875 0.44637460972222226 0.012053567968750012 0.028096661111111133
5 0.38757808710937497 0.4560753131944444 0.010706191406249977 0.021752262500000008
4 0.5592711109375 0.3561933326388889 0.021412385937500035 0.016314198611111132
4 0.5612061046875001 0.39057132708333336 0.028294937500000027 0.05166162916666666
4 0.399163211328125 0.4599066701388889 0.04801895859374996 0.01631419861111117
0 0.3779572828125 0.5293374798611111 0.026765482812499998 0.0394259791666666
0 0.27420962812500005 0.55516829375 0.042824770312500024 0.08564954027777777
0 0.32029359453125 0.5809667479166667 0.100179375 0.13051359027777779
0 0.400207676171875 0.5347431833333333 0.018353472656250026 0.02719033055555558
3 0.43283607617187503 0.5252265666666667 0.012235649218750044 0.05709969444444446
3 0.466866473828125 0.5490181076388888 0.009941463281250052 0.05302114583333335
3 0.4741313906249999 0.546299075 0.012235648437499958 0.06117824444444445
3 0.57853268671875 0.5476585708333334 0.020647657812500064 0.06933534166666667
0 0.535587715625 0.5791733555555556 0.08564954218749996 0.09788518888888895