4 0.434312782421875 0.06856224791666667 0.06948069140625002 0.028696851388888885
4 0.019417155859375 0.10973599097222221 0.03883431171875 0.02370609583333333
5 0.081996556640625 0.11410290069444444 0.01052737734375 0.04491680972222222
5 0.3617945109375 0.057883240277777775 0.011470465624999981 0.047559477777777776
5 0.44448924726562494 0.18889060555555556 0.007018252343749953 0.024806491666666652
5 0.091010634765625 0.11582714166666667 0.009825552343749999 0.04616450000000002
5 0.353142328125 0.05718575208333333 0.0077200765625000225 0.04366911805555555
5 0.4535033238281249 0.26243061805555556 0.010527377343750022 0.017467649999999994
3 0.675981897265625 0.31400176736111113 0.010527377343750022 0.03243991805555556
0 0.113819951953125 0.3025646201388889 0.10737924765625002 0.11603509027777782
0 0.603109055859375 0.31816073333333333 0.09404456953125004 0.06238445833333333
0 0.28541620234375 0.3875160951388889 0.27090450781250003 0.35081787638888884
0 0.053576306250000004 0.32377533472222225 0.10715261250000001 0.32564686944444443
5 0.73415869140625 0.12099067430555556 0.05731137187500002 0.08915102361111112