5 0.5855324308593749 0.3426560083333333 0.007910150781250014 0.037499974999999984
5 0.404258140625 0.353202875 0.009228507812500019 0.030468727777777756
5 0.35547887734375 0.352031 0.009228509375000016 0.03281247777777775
5 0.2440775875 0.3778122340277778 0.013183584375000024 0.046874968055555515
5 0.302085359765625 0.2395310777777778 0.015820302343750026 0.05624996111111113
5 0.632334155859375 0.36843723958333335 0.006591791406249925 0.02343748472222226
5 0.6395851285156249 0.3672653673611111 0.007910150781250014 0.03046872916666668
4 0.37855015078125 0.3614059958333333 0.02109373593749999 0.018749986111111106
4 0.2618754265625 0.38484347916666667 0.011865226562499975 0.03281247777777775
4 0.586850789453125 0.3836716041666667 0.013183585156249933 0.030468727777777756
3 0.25857953046875004 0.49499965277777785 0.015820301562499983 0.07031245277777781
3 0.8749121140625 0.43874968958333327 0.07778314999999995 0.4781246708333334
3 0.791855530859375 0.47039029375 0.10151360234375009 0.3445310125
3 0.73318857890625 0.4645309236111111 0.07910150781250005 0.2859373
3 0.9395116796875002 0.40828096180555556 0.014501942187500028 0.05624995972222224
3 0.9006201046874999 0.41531220625 0.021093735937500035 0.07031244861111108
3 0.687046033203125 0.4317184465277778 0.015820302343749936 0.046874968055555556
3 0.67649916484375 0.4422653131944445 0.015820301562499937 0.05390621527777779
3 0.6652931171875001 0.43992156458333337 0.009228509375000016 0.049218718055555555
3 0.5987160160156251 0.4610153020833333 0.010546867968750017 0.03046872916666672
0 0.29087931367187503 0.4832809104166666 0.03295896171875001 0.0374999736111111
0 0.333066783203125 0.47390591736111115 0.017138658593749988 0.02343748472222226
0 0.346909547265625 0.47156216944444446 0.018457017968750034 0.028124983333333374
0 0.41216829101562497 0.47039029444444447 0.02768552734374996 0.035156224999999985
1 0.39568881015625 0.46101530069444446 0.018457018749999988 0.03515622638888895
1 0.420078443359375 0.44226531388888884 0.03032224609374996 0.04453121944444444
0 0.364707387109375 0.4762496645833333 0.030322244531250007 0.03281247638888887
0 0.503794205859375 0.5055465215277778 0.18193346796874996 0.28828105138888893
1 0.07260035078125 0.4563278027777778 0.1452007015625 0.471093425