5 0.352430521875 0.3762659472222222 0.004781960937499985 0.015302274999999968
5 0.35338691328125 0.40091961319444447 0.004781960937500029 0.013602023611111097
5 0.42559452421875 0.37881632499999995 0.005738353125000017 0.017002527777777804
5 0.50736605546875 0.39071809375 0.004781960937499985 0.013602023611111097
5 0.48010887890625 0.4026198645833333 0.0038255687499999524 0.013602023611111097
5 0.3964245625 0.41112112916666665 0.0028691765624999643 0.013602022222222211
5 0.20610251640625 0.2597986236111111 0.02390980468749999 0.06120909999999999
4 0.25296573359375 0.3604535888888889 0.020084235937500017 0.03740556111111112
4 0.324216953125 0.3774561159722222 0.01338949062500001 0.023803540277777716
4 0.6885067593749999 0.4293138270833333 0.01625866718750002 0.0357053069444444
4 0.498854171484375 0.4267634458333333 0.007651138281249992 0.017002527777777724
4 0.615725308203125 0.3655543486111111 0.06120909921875004 0.034005055555555525
0 0.45141711328125 0.42888876458333336 0.005738353125000017 0.013602023611111097
0 0.43850581875000005 0.4305890173611111 0.008607529687499938 0.013602023611111097
0 0.42942009296875006 0.43143914375000003 0.009563921875000058 0.022103287500000037
0 0.42272534726562494 0.43739002777777775 0.01530227421874999 0.027204044444444422
0 0.41555240546875005 0.44249078680555554 0.020084235937499972 0.023803540277777795
0 0.348126757421875 0.46459407291666666 0.08033694296875002 0.10201516805555563
0 0.294090598828125 0.4781960944444445 0.11572345546875003 0.13261971666666666
0 0.23001232031250002 0.4373900270833333 0.020084235937499972 0.05780859583333332
0 0.19892957500000003 0.4416406590277778 0.059296315625 0.06630985972222218
0 0.15206635820312503 0.4424907861111111 0.08798808203125 0.07141061666666673
0 0.09037906210937499 0.4433409118055555 0.08511890390624999 0.09011339583333332
0 0.032517334375 0.45524268263888895 0.06503466875 0.10711592361111105
0 0.92698312890625 0.5572578479166667 0.14537161249999997 0.12751895694444443
0 0.50688786015625 0.4322892680555556 0.00956392187499997 0.030604550000000015
0 0.47006676093749994 0.4280386375 0.014345882812499955 0.025503791666666664
0 0.4576336625 0.4314391430555555 0.008607529687500027 0.015302274999999968
0 0.6460429234375 0.48244672708333336 0.0392120796875 0.04930733194444446
0 0.7182505328125 0.5088006451388889 0.08033694375000007 0.07481112083333327
0 0.46145923203125 0.46756951458333335 0.0392120796875 0.05780859583333332
1 0.56905335234375 0.45056698680555557 0.12433098437499997 0.19722932361111115
3 0.6678486828125 0.5041249479166667 0.020084235937500063 0.08331238749999999