0 0.41429333437500004 0.5224970055555556 0.04679077656250001 0.09878052777777771
0 0.43915093476562495 0.5172980298611112 0.014622117968750015 0.025994876388888914
0 0.447924205078125 0.5259629895833333 0.02047096484374995 0.05372274583333336
0 0.46547074609375 0.5242299979166667 0.04191673749999998 0.05372274583333336
0 0.47570622890625 0.5320284604166667 0.03899231406250001 0.05545573750000001
0 0.481067672265625 0.5337614520833334 0.030219044531250017 0.05198975138888894
0 0.52103479375 0.54069341875 0.07895943593750002 0.09704753750000003
0 0.574649225390625 0.56148931875 0.11015328671875002 0.13170737083333328
0 0.67164260625 0.6030811201388889 0.23590350000000004 0.20102704027777776
0 0.252475231640625 0.5198975180555556 0.017546539843749986 0.02079590000000001
0 0.24175234570312504 0.5337614520833334 0.02729461953125001 0.04852376805555549
0 0.213482918359375 0.5320284597222221 0.06043808671874999 0.06585368611111109
0 0.15499444765625 0.5528243611111111 0.08773270624999999 0.07971761944444443
0 0.282206871484375 0.5415599145833333 0.06531212578125004 0.11264446250000001
0 0.36214111523437503 0.5710207729166668 0.12185098203125003 0.19582806249999996
0 0.051177411718749996 0.5779527409722222 0.10040520781250002 0.19582806527777782
0 0.8607553281249999 0.6654688229166666 0.27684542812499996 0.6585368569444445