0 0.45193960312500003 0.36298176597222226 0.014040840625000061 0.01664100138888887
0 0.46264574414062504 0.36797406805555555 0.016380982031250026 0.018721124999999953
0 0.470251201171875 0.36901412986111115 0.017551053906250048 0.020801248611111114
0 0.48312197109375 0.37109425625 0.022231334375000068 0.033281995833333314
0 0.49131246210937507 0.37629456805555556 0.029251753906250056 0.04368261944444443
3 0.507605691015625 0.3847190722222222 0.01503540390625 0.0688521222222222
0 0.526239056640625 0.3900233854166667 0.031591896093750016 0.07072424027777775
0 0.5572459171874999 0.39314357708333336 0.0772246328125 0.09776586250000005
0 0.571286759765625 0.42018519722222225 0.04680280546874993 0.08944536111111114
0 0.74387210859375 0.4144648527777778 0.054993298437499935 0.05720343055555554
0 0.70283432890625 0.40978457291666665 0.030421823437499995 0.05824349027777771
0 0.430207980078125 0.3640218284722222 0.009360563281250034 0.020801245833333305
0 0.422602525 0.36194170625 0.010530631249999978 0.01664100138888891
0 0.4109018226562499 0.3640218284722222 0.015210910937499999 0.03744224583333333
0 0.403296366015625 0.36506188958333335 0.02106126328125004 0.04368262083333335
0 0.39276573515625 0.3661019555555556 0.02808168437499998 0.04992299444444449
0 0.38399020859375 0.37234232777777776 0.024571471874999994 0.05408324444444443
0 0.37111943632812505 0.37338239097222226 0.02925175546875001 0.06864411250000002
0 0.36058880585937503 0.3785827013888889 0.02223133359374998 0.06656399166666663
0 0.303840401953125 0.35674139166666663 0.10296617421875003 0.1435286083333333
0 0.6326301203125 0.4368261944444444 0.1333879984375 0.18305097777777773
0 0.86313394453125 0.5335519972222222 0.27145628125 0.4347460694444444
4 0.196193946875 0.1736904145833333 0.0210612625 0.03536211805555557
4 0.531419048828125 0.30369821319444446 0.019891191406249932 0.0166409986111111
5 0.557160593359375 0.2371342215277778 0.00819049140625001 0.03328199861111113