4 0.11311896445312501 0.31340545555555555 0.025741542968749996 0.08320499166666669
4 0.7355962941406251 0.28012346111111114 0.051483086718749946 0.024961497222222205
4 0.12013938671874999 0.4423731909722223 0.030421824999999993 0.02496149583333336
4 0.7566575570312499 0.36298176736111115 0.028081684375000027 0.01872112361111111
0 0.0317990890625 0.6254241666666667 0.03159189375 0.058243491666666675
0 0.61624913671875 0.5255781868055556 0.37208231250000007 0.4825889402777778
0 0.23480626328125004 0.6077431138888889 0.41888511875 0.39730382500000005
0 0.987746414453125 0.6316645472222222 0.02223133359374998 0.212172725
3 0.8695083742187499 0.5032415951388889 0.019891192187500017 0.08944536527777779
3 0.7935025906250001 0.5075504361111111 0.015210912499999996 0.06240374166666669
3 0.8092985375000001 0.5075504375000001 0.016380981250000027 0.058243494444444446
3 0.8309448359375 0.5075504361111112 0.015210912500000085 0.07904473888888891
3 0.8455707128906249 0.5065103770833334 0.018721122656249988 0.07280436527777781
6 0.9632602652343749 0.4929895638888889 0.05499329921874985 0.056163366666666624