5 0.39885911796875 0.45213240000000005 0.005953357812500037 0.02132699999999998
5 0.39288332812500004 0.44928880416666667 0.005998217187499977 0.019905205555555562
5 0.519445745703125 0.4574641513888889 0.007197863281250072 0.01919429999999996
5 0.5254439640624999 0.45639780277777775 0.007197862499999985 0.02132699999999998
5 0.328702387890625 0.5033171993055556 0.011996438281250032 0.017061598611111055
4 0.33350096328125 0.4937200486111111 0.01439572499999997 0.01066349722222226
4 0.37128974296875 0.5001181499999999 0.013196081250000002 0.010663499999999953
4 0.5680313171875 0.45959685069444445 0.010796793750000066 0.023459698611111118
4 0.572230069921875 0.4894546513888889 0.011996438281250032 0.01066350000000003
4 0.5686311390625 0.5001181499999999 0.011996437500000035 0.010663499999999953
0 0.43487086171874995 0.5363740506944444 0.010796795312500062 0.01492890138888888
0 0.352695262109375 0.5502366020833334 0.021593585156250004 0.03412319861111107
0 0.33829953828125003 0.54917025 0.02399287499999998 0.03625589999999998
0 0.32030488046874994 0.5523692993055556 0.021593585937500003 0.04265399861111108
0 0.39348315156249997 0.53850675 0.019194299999999977 0.03199049722222224
0 0.298111472265625 0.54917025 0.02999109296875 0.053317497222222225
0 0.268720200390625 0.5523693 0.040787888281249976 0.05971559722222221
0 0.5308423605468751 0.5344546354166667 0.013196080468750005 0.02559240138888891
0 0.56563202890625 0.5387200340277778 0.03718895624999998 0.059715598611111094
0 0.584826330078125 0.5525825868055556 0.04678610703124999 0.06611369861111108
0 0.617216710546875 0.5653787868055556 0.05878254453125002 0.0917060986111111
0 0.63641101171875 0.5835067347222223 0.06358111874999998 0.09810419722222222
0 0.6598040640624999 0.6037673833333334 0.07677719999999999 0.12582929999999995
0 0.723385183984375 0.6389569319444445 0.15835297578124993 0.18341219722222213
0 0.22433338125 0.5645256881944445 0.0695793375 0.07464450138888887
0 0.094172034765625 0.5719901354166667 0.14995546953125 0.11943120138888885
0 0.41507673867187495 0.5399996333333333 0.03359002421874999 0.04691940000000001
0 0.447467120703125 0.5410659833333333 0.023992875781249978 0.036255900000000056
0 0.49545287031249996 0.5261370840277777 0.011996437500000035 0.019194301388888925
2 0.48105714570312497 0.5235778513888889 0.016795013281249993 0.036255900000000056
0 0.8790389609375 0.7315161034722223 0.23872910781249992 0.42867270138888897
0 0.5036131050781251 0.5243748118055556 0.009492183593750082 0.018749993055555574