5 0.27489581328124996 0.3310014194444444 0.011697693750000005 0.055455736111111084
5 0.515673350390625 0.2850771395833333 0.013647310156249936 0.06412069583333332
5 0.678953664453125 0.5242299972222223 0.018521349218749972 0.0329268416666667
5 0.6696929898437499 0.18802960277777778 0.025345004687499985 0.08838257777777776
5 0.49910161640625006 0.28247765069444447 0.019496156250000053 0.06585368472222225
5 0.49471498203125003 0.3024070555555556 0.022420581250000016 0.08145061111111107
5 0.645322794140625 0.40292057638888884 0.02144577265625003 0.06758667777777774
4 0.045815968359375 0.38905664236111115 0.03704269765625 0.02252889305555554
5 0.021933176171875 0.4947691381944444 0.02242058046875 0.03985880972222217
5 0.054101835546875 0.4982351208333333 0.008773271093750007 0.03639282500000007
3 0.2398027296875 0.6221440298611111 0.02339538750000001 0.10744548749999999
3 0.538093930859375 0.6264765090277777 0.017546541406249984 0.10224651249999997
3 0.52688363984375 0.6256100131944444 0.014622117187500016 0.10051352083333333
0 0.341182745703125 0.6620028402777777 0.16181810234375002 0.22182294166666666
0 0.26514773476562503 0.62994249375 0.04289154609375001 0.0779846263888889
2 0.4118563144531249 0.5944161625000001 0.016571732031249998 0.04505778611111116
4 0.66189452734375 0.46704126944444446 0.02924423593750003 0.022528891666666655
4 0.679441068359375 0.42198348402777774 0.02924423515625003 0.02252889305555554
4 0.56441374296875 0.3188704770833333 0.03899231406250001 0.048523768055555534