0 0.092246147265625 0.4528347715277778 0.18416343671875002 0.4592127263888888
0 0.8719510859374999 0.5208662861111111 0.2535236906250001 0.5570080277777778
0 0.73920990859375 0.41563003541666665 0.2487402265624999 0.27850401527777774
0 0.616035661328125 0.40074814305555556 0.08371065390624999 0.14244098611111108
0 0.5741803339843751 0.3624804152777778 0.08371065234375008 0.11692916944444443
0 0.530531208984375 0.3571654541666667 0.04424706015624995 0.09354333055555553
0 0.51079941171875 0.3444095451388889 0.04065945781249995 0.06803151249999995
4 0.532325008984375 0.2901969291666667 0.016742132031249923 0.027637802777777803
1 0.541891940625 0.3263386743055555 0.13872051093750004 0.07015749861111115
0 0.44024329140624996 0.3242126895833333 0.014350396874999926 0.02763780138888888
0 0.4569854199218749 0.3401575763888889 0.03587599609375003 0.05952757500000002
3 0.41811976015625 0.3348426145833333 0.013154529687500017 0.05314962361111111
0 0.41273836093750005 0.33165363680555554 0.021525595312500024 0.042519695833333336
0 0.427686693359375 0.3199607173611111 0.010762799218750008 0.0318897736111111
0 0.393604497265625 0.33059064097222224 0.026309061718750026 0.06165355694444447
0 0.384037564453125 0.33590560416666665 0.026309061718750026 0.06803151666666668
0 0.35713057031249995 0.3316536326388889 0.051422257812500004 0.0765354541666667
0 0.343378106640625 0.3539764736111111 0.03587599453125003 0.08291340833333333
0 0.29554344609375 0.36460640208333334 0.10284451718750001 0.10842522638888888
4 0.17834853164062497 0.21578746180555555 0.019133863281249996 0.05314962083333331
4 0.360120235546875 0.2838189756944445 0.016742132031249968 0.02763780138888888
4 0.758343771875 0.1690157951388889 0.028700795312500027 0.04039371250000002
4 0.75714790546875 0.09248034166666667 0.05979332343750006 0.11692916666666665
4 0.576572067578125 0.26681109861111113 0.016742130468750015 0.014881897222222228