5 0.40580374843749994 0.4308675402777778 0.006887757812499995 0.013775516666666635
5 0.338648106640625 0.43316345972222225 0.006887758593749993 0.015306127777777808
0 0.34008306015625 0.4591838784722222 0.01377551562499999 0.021428581944444462
0 0.328029484765625 0.46454102291666666 0.013775519531250025 0.019897968055555597
0 0.31081008828125 0.4614797993055556 0.024107154687499976 0.03214287083333329
0 0.28928584335937496 0.45765326736111106 0.029272969531250005 0.030612256944444423
0 0.28541148046875 0.4737247006944445 0.02841200156250001 0.03826532361111114
0 0.25527753906250006 0.46836756041666666 0.0352997609375 0.05510207083333335
0 0.21868632265625002 0.4737247027777778 0.065433703125 0.06887758333333333
0 0.19156577539062497 0.48750021805555555 0.09728958359374998 0.07500003333333341
0 0.14636486093749998 0.4897961381944444 0.06715564218749999 0.07346942083333335
0 0.129575948828125 0.4974492076388889 0.057684971093750016 0.08265310416666662
0 0.09628511601562499 0.4928573638888889 0.03529976171874999 0.11938780833333328
0 0.047705556249999996 0.49037446180555555 0.09541111249999999 0.15000006527777776
0 0.025750829296875 0.5179254979166666 0.05150165859375 0.11326536250000001
0 0.42107571718750003 0.45874656041666667 0.007748726562499986 0.01836734861111111
0 0.42925492890625006 0.4633384027777778 0.012053575000000016 0.027551033333333346
0 0.44389141679687505 0.4656343215277778 0.024107153906250022 0.032142870833333365
0 0.452070627734375 0.47328738541666665 0.023246180468750044 0.03214287361111106
0 0.46885953984375 0.47711391805555553 0.022385214062500047 0.04897961388888884
0 0.61371491796875 0.5148642666666666 0.12570158749999996 0.16836741666666666
0 0.7576534011718751 0.5693880111111111 0.2660396601562501 0.24489806944444448
0 0.892845836328125 0.6421519152777778 0.21093759765624992 0.3658164916666667
0 0.503510785546875 0.4773642548611111 0.06371176328125001 0.09030616250000002
0 0.352423623046875 0.4591838784722222 0.010331636718750037 0.01836735416666673
0 0.367921078125 0.45994918472222224 0.01033163749999999 0.010714291666666674
0 0.3915977484375 0.46301041111111113 0.007748726562499986 0.010714288888888904
0 0.383418536328125 0.458418575 0.013775519531250025 0.019897975000000026
0 0.4079561734375 0.45765326597222217 0.012914546874999999 0.015306129166666693