0 0.32142847890625 0.5471427 0.024107137499999976 0.028571419444444423
0 0.21595975781250001 0.55607126875 0.0381696296875 0.03214284861111112
1 0.109486576953125 0.53821413125 0.11852675234375001 0.10357139583333329
0 0.413839169140625 0.55428555625 0.020089280468750026 0.028571423611111077
0 0.58962036640625 0.5221427069444445 0.03415177812499994 0.0214285611111111
0 0.64587035078125 0.5292855652777777 0.026116064062499954 0.028571425000000043
0 0.685044446484375 0.5221427090277777 0.06830355390624998 0.04999998750000003
0 0.774441743359375 0.5203569930555556 0.13058032109375003 0.06785711944444443
0 0.445982016015625 0.5989283993055555 0.06830355234374999 0.0964285430555556
4 0.593638223828125 0.38285702847222225 0.06227677109375005 0.09999997361111114
4 0.667968558984375 0.38107131458333326 0.07031248046874997 0.10357139027777774
4 0.515290030078125 0.5042855743055555 0.02209820859375 0.028571423611111157
5 0.53437484765625 0.4560712979166667 0.008035710937499996 0.03214284861111112
0 0.539397166015625 0.4910712895833334 0.006026782031250022 0.03214285138888889
0 0.5675221593750001 0.4607141541666667 0.006026784375000016 0.0357142722222222
5 0.602025094140625 0.46376664861111105 0.008264057031249994 0.027750908333333355
5 0.576865633984375 0.4564208201388889 0.008264057031249994 0.026118501388888878