3 0.7417579097656251 0.4692184201388889 0.03295896171874997 0.15937489027777774
4 0.6929786460937499 0.1692186263888889 0.048779264062499994 0.09374993611111111
4 0.109605022265625 0.3215622715277778 0.04218747109375 0.02343748194444445
4 0.195957503125 0.2278123361111111 0.098876884375 0.03281247777777779
4 0.48977017109375004 0.3346872576388889 0.03032224531249996 0.014062490277777763
4 0.505590473046875 0.36984348333333333 0.01713866015625003 0.03281247500000002
5 0.267808039453125 0.24421857569444447 0.007910150781250014 0.046874968055555556
5 0.47083524375 0.3063279090277778 0.007910150000000015 0.03046872916666664
5 0.25857952968750003 0.2465623222222222 0.007910149999999972 0.042187469444444445
5 0.46424345078125 0.3074997826388889 0.007910150000000015 0.03281247638888887
5 0.671225730859375 0.34851537847222225 0.034277319531249975 0.0398437236111111
5 0.065440014453125 0.3848434777777778 0.030322244531249997 0.03281247499999999
0 0.27685527812500005 0.46037913333333336 0.018457018749999988 0.023437483333333297
0 0.29794901445312505 0.4510041416666667 0.01582030234374998 0.018749986111111148
0 0.30783670234375 0.46272288333333333 0.01186522656250002 0.023437483333333297
0 0.322997824609375 0.46741038055555556 0.034277321093750014 0.06093745833333336
0 0.3091550609375 0.4322541548611112 0.01713866093750003 0.018749987499999954
0 0.4502194171875001 0.44866039305555555 0.03823239531249998 0.028124980555555606
0 0.5167965203125 0.4498322673611111 0.06064449062500001 0.04453121805555548
2 0.6103999710937501 0.438113525 0.050097621875 0.04921871666666667
2 0.2887205046875 0.43459790277777777 0.018457018749999988 0.023437483333333297
0 0.7171870078125 0.4392853993055556 0.031640603125000055 0.046874968055555556
0 0.8703049316406251 0.4275666576388889 0.0922850914062499 0.056249962500000014
0 0.1227886078125 0.508827775 0.14238271406249997 0.08203119444444443
0 0.413486649609375 0.45374968888888895 0.030322244531249966 0.037499974999999984
0 0.340317755078125 0.4771871743055556 0.042187471093750026 0.06562495416666662
0 0.970493103125 0.42445283333333333 0.0580077718750001 0.0539062138888889
4 0.722820017578125 0.25561627986111113 0.055564047656250004 0.02252889305555554
4 0.702349052734375 0.235686875 0.016571733593749992 0.02426188333333334