5 0.6665189234375 0.24643727430555554 0.007016807812500048 0.024948654166666667
5 0.7811268124999999 0.24920934652777776 0.007016812500000036 0.011088287500000031
5 0.6584106167968751 0.3164783194444445 0.005457517968750025 0.013860358333333324
0 0.6720544125 0.34327503125000003 0.01091503593750005 0.013860368055555523
0 0.66191902109375 0.34050295555555554 0.007796456250000005 0.016632436111111086
0 0.654122566015625 0.34327503125000003 0.007796453906250012 0.013860368055555523
0 0.6490548695312499 0.34466106597222224 0.008576100000000064 0.013860368055555562
0 0.6428177054687501 0.34881917500000004 0.010135390624999996 0.011088291666666687
0 0.6435973535156251 0.3606004826388889 0.013253974218749942 0.01801847361111106
0 0.636970365625 0.34812615625 0.009355748437500023 0.009702254166666672
0 0.6291739109375001 0.36267953750000004 0.02027078281249999 0.03603695000000001
0 0.615530112890625 0.3709957569444444 0.030406172656249987 0.04435316666666671
0 0.5983779128906249 0.35367030138888883 0.016372550781249995 0.020790544444444434
0 0.59525933046875 0.3564423736111111 0.016372553124999988 0.015246399999999995
0 0.591361101953125 0.3626795402777778 0.02260971640624998 0.019404513888888884
0 0.675562815234375 0.35990746597222223 0.011694682031250014 0.016632440277777782
0 0.6599699082031251 0.37030273750000003 0.03196546953124999 0.04851127499999998
0 0.684528739453125 0.34131146805555557 0.008576100781249974 0.012474327777777777
0 0.6872574984375 0.3454695784722222 0.0062371640624999895 0.009702254166666672
0 0.6899862582031251 0.3510137263888889 0.007016808593750046 0.012474327777777777
0 0.694664130078125 0.3551718340277778 0.010135391406249994 0.015246404166666653
0 0.70635881484375 0.3593299423611111 0.014813265625000049 0.020790543055555548
0 0.734036227734375 0.3627950368055555 0.01559290859375002 0.02494865972222221
0 0.74417162109375 0.36487409027777773 0.009355746874999937 0.029106766666666634
0 0.561734575 0.3627950368055555 0.01559290937500002 0.02494865972222221
0 0.547700955859375 0.36140899791666664 0.02806723671875 0.036036951388888856
0 0.42178820976562503 0.36071597986111115 0.08342206953125002 0.07068785416666669
0 0.39021256640625 0.36556710625000005 0.07484596406250002 0.06930181805555556
0 0.349281177734375 0.3627950368055555 0.12240434140624998 0.08316218750000005
0 0.15333839765625 0.32271548125 0.0374229859375 0.01801847083333333
0 0.10694949062499999 0.32594956666666663 0.04288050312499999 0.025410672222222215
0 0.03249334453125 0.3414269715277778 0.05301589375 0.0471252375
0 0.22311666875 0.39686843402777777 0.19101314531249997 0.1302874263888889
0 0.5053483359375 0.4197380319444445 0.11616717968749998 0.14553382222222225
1 0.797455515625 0.3402719416666667 0.10057426874999997 0.19265906111111117
0 0.9494863875 0.38116001597222227 0.09433710624999989 0.14691986250000003
0 0.9904177761718749 0.39224830972222224 0.018711491406249968 0.1524640055555556
4 0.928752688671875 0.2418633576388889 0.010135391406249994 0.013860370833333333
4 0.9353796753906248 0.2550307027777778 0.023389364843749937 0.015246405555555577
4 0.9213460566406251 0.2772072840277778 0.012474325781249896 0.01801847083333333
5 0.8603387988281248 0.3174023388888889 0.017931846093750002 0.019404508333333344
5 0.9168630957031251 0.21552866388888886 0.012474325781249896 0.03742298333333333
5 0.93050689375 0.30977914305555554 0.021050431249999946 0.023562622222222235
4 0.5335893695312499 0.29383972013888887 0.018711492187499967 0.013860362499999982
4 0.569063237109375 0.2862165208333333 0.014813263281250055 0.009702252777777746
4 0.4447097828125 0.2460214659722222 0.02183007343749992 0.02079054583333332
3 0.8928240437500001 0.37168877708333337 0.011694682812500013 0.056827495833333366
3 0.87294308359375 0.3772329208333334 0.01403361874999991 0.05682749444444449
3 0.8826886511718751 0.37931197569444447 0.01481326484375014 0.07207389305555556
4 0.150958847265625 0.22998303680555554 0.028067238281249997 0.01247432638888889
4 0.1618738828125 0.2431503854166667 0.023389364062500008 0.016632443055555553
5 0.13185753203125 0.22443889166666667 0.01325397343750001 0.03465091111111111
5 0.417207780859375 0.2985918402777778 0.010135391406249994 0.024948658333333363