4 0.37648953007812497 0.2902142951388889 0.009941464843750003 0.010876131944444447
5 0.45361120429687496 0.23406343611111113 0.0068825523437500815 0.025830813888888887
5 0.533907649609375 0.23338367847222222 0.0068825523437500815 0.021752265277777776
5 0.48917105820312495 0.28368579027777774 0.00764728046875005 0.01903323055555555
5 0.44723846289062497 0.23678247083333334 0.005353097656249961 0.023111783333333316
5 0.5274074609375 0.23474319513888886 0.003058912500000055 0.021752265277777776
0 0.33022348359375 0.37574024513888893 0.029059665624999998 0.03262839583333338
0 0.2454777046875 0.41012082916666665 0.10247355781249998 0.13051358888888887
0 0.11967993984375 0.4445619159722222 0.17971109218749998 0.19395769861111115
0 0.487004321484375 0.33534741875 0.006882552343749992 0.021752265277777776
0 0.5428294687499999 0.3489425840277777 0.016059289062499982 0.03806646250000002
0 0.7674045988281251 0.31359515416666667 0.04358949921874995 0.02990936388888888
0 0.45175353906249993 0.34939574930555556 0.02753020937500006 0.029909362499999995
0 0.476607200390625 0.343277925 0.014529832031250045 0.02854984722222219
0 0.51484359765625 0.35619333125 0.048177867187499945 0.07613292361111113
0 0.035459484375 0.5091389409722222 0.07091896875 0.1835347319444444
0 0.8821424882812501 0.4445619069444444 0.234006784375 0.3996978611111111