5 0.54305123046875 0.5971560020833333 0.007197862499999985 0.017061601388888903
5 0.46687385195312503 0.6056868013888889 0.005998219531250015 0.017061600000000017
2 0.5040628078125 0.6270138 0.010796793749999978 0.02132699999999998
0 0.49506547929687506 0.6440754020833334 0.011996436718750036 0.02559240138888891
0 0.4626750968750001 0.6515398534722222 0.00959715000000001 0.027725101388888854
4 0.35770626914062503 0.5736963013888888 0.01079679453125002 0.012796200000000053
4 0.36550395351562504 0.5896915500000001 0.014395725781250012 0.010663502777777802
4 0.556247312109375 0.5971560034722223 0.014395725781250058 0.008530801388888894
4 0.15916522890625 0.575829 0.0215935875 0.034123200000000034
4 0.159165228125 0.5491702520833334 0.014395725000000015 0.01492890416666673
4 0.0088036328125 0.5438385013888889 0.017607265625 0.05545020000000002
0 0.45247812617187505 0.6472744527777777 0.008397505468750044 0.01919430000000004
0 0.44588008593749995 0.6526062013888889 0.00959715000000001 0.025592399999999946
0 0.43748257929687495 0.6547389020833333 0.007197863281249983 0.02132700416666664
0 0.43088453750000005 0.6526062013888889 0.013196081250000002 0.025592399999999946
0 0.42188721054687495 0.6483408020833333 0.011996436718750036 0.02559240138888891
0 0.4116902390625 0.6526062013888889 0.010796793750000066 0.034123200000000034
0 0.393095760546875 0.6547389020833333 0.03359002578124994 0.03838860138888889
0 0.314278576953125 0.6525539888888889 0.06789865859375 0.08520357222222219
2 0.546650160546875 0.6387436513888889 0.016795011718749996 0.04478670277777776
2 0.568843569140625 0.6270138020833333 0.013196080468750005 0.02559240138888891
0 0.55204855859375 0.6494071520833333 0.013196081250000002 0.027725101388888933
0 0.5712428578125001 0.6579379513888889 0.02279323125000001 0.03199050000000001
0 0.5958355546874999 0.6664687520833333 0.04078788906250006 0.07037910138888889
0 0.6066323476562501 0.6760659006944445 0.03838859999999995 0.07251179861111115
0 0.622227717578125 0.6835303534722222 0.033590025781250074 0.07464450138888887
0 0.6726127546875 0.6856630506944444 0.09597150000000002 0.134360098611111
0 0.717599395703125 0.7197862541666666 0.09477185703124995 0.1428909055555555
0 0.84896038671875 0.7507104041666667 0.23513017500000002 0.28151640277777773
0 0.93107823359375 0.8018952041666667 0.13784353281250006 0.3924168027777778
0 0.0633874234375 0.7219189527777778 0.126774846875 0.15142169999999996
0 0.038001209375 0.6323455513888889 0.0479857515625 0.027725099999999968
4 0.6096314574218751 0.6110185506944444 0.010796794531249976 0.02345970138888889
0 0.509461204296875 0.6462081020833333 0.016795013281249993 0.029857801388888876
0 0.48072293203124994 0.6541401756944445 0.022412093749999952 0.03046872916666664