4 0.48696267382812497 0.41507061944444446 0.03368195859375005 0.03538306944444448
4 0.480073184375 0.44569058055555555 0.021433976562499967 0.014969761111111129
0 0.409264518359375 0.46270167291666664 0.005358492968749929 0.016330648611111165
0 0.42074700468750004 0.4599798979166667 0.019137479687500035 0.024495970833333304
0 0.40428877500000004 0.4620212284722222 0.009185992187499981 0.020413306944444463
0 0.37826180625 0.46270167361111114 0.012247985937499983 0.019052424999999967
0 0.320083875 0.4661038923611111 0.029088965625000008 0.047631056944444417
0 0.48925917265625 0.47631054513888893 0.02602696875000001 0.04354839305555558
0 0.4777766859375 0.4824345388888889 0.024495971874999967 0.055796380555555594
0 0.25769569765625 0.5001260729166666 0.1247763515625 0.13744961250000004
0 0.16047731406250001 0.4905998611111111 0.1247763515625 0.1374496166666666
0 0.36065532421875 0.46610389097222227 0.02449596875000002 0.03130040694444444
0 0.7756323878906249 0.5116936145833333 0.08956339453124995 0.08709678472222228
0 0.707502968359375 0.5144153888888888 0.07884640703125001 0.10887098055555558
1 0.541772416015625 0.44160791944444444 0.09798388515624996 0.16738913333333333
0 0.44409472578125 0.5099244659722223 0.07961190468749998 0.11567541527777776
0 0.607146037890625 0.5092440229166666 0.13625883671874997 0.18780244583333333
4 0.6216905203125 0.40717747777777774 0.009185987499999992 0.02177419166666665
0 0.8523175074218751 0.7496916618055555 0.29110614921875005 0.4962109486111111