5 0.38452178593749997 0.459250761111111 0.008057029687499995 0.023275869444444434
5 0.43991387421874995 0.4288130902777778 0.00805703124999999 0.030437672222222212
5 0.286326723046875 0.4601459868055555 0.007049902343750025 0.02506632083333334
5 0.27877325625 0.49326933611111107 0.006042773437499971 0.023275869444444434
5 0.25007008476562503 0.4243369597222222 0.007049902343750025 0.032228125
5 0.23496315078125002 0.4592507611111111 0.007049903124999979 0.037599477777777834
5 0.269205533203125 0.5165452013888889 0.007049902343749981 0.023275866666666662
5 0.32711544140625 0.4995359166666667 0.008057029687499995 0.010742708333333281
5 0.32207979726562497 0.5120690729166667 0.006042774218750014 0.01432360972222221
5 0.359343565625 0.5138595263888889 0.00805703124999999 0.010742705555555511
5 0.340711680078125 0.5129642993055555 0.005035642968749965 0.0161140625
5 0.3754576265625 0.5138595263888889 0.00805703124999999 0.014323608333333324
5 0.380996836328125 0.49864068819444446 0.015106932031249975 0.012533159722222189
5 0.549690919921875 0.5129643 0.010071288281249924 0.01969496388888893
5 0.39257881757812496 0.46104121111111107 0.006042772656250017 0.01969496388888885
5 0.989302667578125 0.3115385277777778 0.01913544921875001 0.07161805277777779
4 0.06173698710937501 0.3706234215277778 0.03927802578125 0.0537135402777778
4 0.05468708398437501 0.4359748944444445 0.035249510156250004 0.06624670000000002
4 0.10907204414062499 0.41538470347222217 0.04733505703125 0.050132637499999945
4 0.24050236015625 0.35361413402777775 0.012085546874999986 0.019694965277777775
4 0.238488101953125 0.38673748402777774 0.024171092968749974 0.021485415277777836
4 0.23697740898437497 0.4207560576388889 0.013092675781249997 0.03222812361111112
4 0.22338116914062497 0.43328921666666664 0.014099803906250008 0.014323611111111094
4 0.42682119921875 0.46820301736111114 0.022156832812500048 0.012533159722222189
4 0.545158840625 0.4592507597222222 0.015106932812500062 0.00895225833333334
0 0.390060995703125 0.5532494548611111 0.01309267578125004 0.021485418055555608
2 0.2510772125 0.5362401673611111 0.02719247812500001 0.03401857638888891
0 0.2314382 0.546982875 0.010071289062500011 0.016114061111111116
4 0.30294435000000003 0.5156499756944445 0.008057031250000036 0.021485415277777756
3 0.14986076171875 0.5559351305555555 0.01409980312500001 0.0411803777777778
2 0.1158814734375 0.5467590034722223 0.026711534375000002 0.040732640277777836
0 0.077347484765625 0.5523542291666667 0.036256638281249996 0.03401857500000002
0 0.40718218593749994 0.5434019722222222 0.011078417187499934 0.03759947777777776
0 0.41322496015625 0.5532494548611111 0.011078417187500023 0.025066320833333263
0 0.346250890234375 0.5908489319444445 0.09064159765625002 0.1324933972222222
1 0.467609919140625 0.5380306166666666 0.10574853046874999 0.17009287499999995
3 0.625729148828125 0.5630969375 0.007049902343749981 0.051923088888888934
2 0.7289598574218751 0.5371353916666667 0.07049902109374999 0.07161804999999993
3 0.596018846484375 0.5675730659722222 0.018128319531250003 0.06803715138888894
6 0.593501025390625 0.5765253208333333 0.031220994531249956 0.02864721944444442
3 0.6342897445312501 0.5684682909722222 0.006042773437499971 0.04476128472222219
6 0.657307579296875 0.5872680284722221 0.03453463828125001 0.05013263472222217
6 0.8236299703125001 0.6194961541666667 0.06848476250000006 0.05729444166666669
6 0.8624044312500001 0.6248675055555555 0.07754892187499998 0.08594166111111111
6 0.09714132890625 0.5947011340277778 0.028681453125000013 0.041277012499999995