4 0.11420524765625002 0.3463229333333333 0.022721464062499995 0.023385833333333314
4 0.11420524804687501 0.3731103381944444 0.027504928906250004 0.03188977361111106
4 0.083112719921875 0.43157492152777777 0.08012305390625 0.07228348472222221
4 0.26787408984375 0.43051192986111114 0.02630906249999998 0.04889765416666671
4 0.239173294140625 0.43157492152777777 0.02870079453125003 0.034015756944444475
4 0.32706948046875 0.4475198090277778 0.015546264062500014 0.010629923611111123
5 0.34264807070312503 0.4422048479166667 0.00591468203125003 0.02551181805555558
5 0.379089671875 0.4549607569444444 0.007175198437500007 0.025511819444444386
0 0.297172819140625 0.5208662847222223 0.02032973046875002 0.025511819444444465
0 0.2750492890625 0.5378741645833333 0.035875995312499985 0.0510236347222222
0 0.37490413984375 0.5251182569444445 0.02272146406250002 0.021259850000000018
0 0.3300591453125 0.5293702243055555 0.06696852187499998 0.0510236347222222
0 0.37968760429687504 0.5421261354166667 0.05142225703125001 0.017007879166666604
0 0.22362703046875 0.5750789013888888 0.1076279828125 0.17645674166666667
4 0.60570636875 0.44050406736111114 0.037071860937499944 0.055275604166666645
0 0.346801276953125 0.7081655479166667 0.22482289609375 0.32782685694444447
0 0.084308586328125 0.6254647347222222 0.16861717265625 0.28913393888888883
0 0.6413431921875 0.4149922513888889 0.11121557968750002 0.2636221222222222