4 0.148368434765625 0.35047369027777775 0.03838860078124999 0.06398099999999998
4 0.16156451523437498 0.39312768958333333 0.03598931171874999 0.021326998611111096
4 0.552648380078125 0.34087654027777775 0.035989311718750014 0.06611369999999997
4 0.5058622734375 0.3739333902777778 0.014395726562500055 0.02132699999999998
4 0.46267509765625 0.43364899027777776 0.014395725000000059 0.02132699999999998
0 0.38709754140624997 0.46990489027777776 0.016795012499999994 0.025592399999999946
0 0.37390146015625003 0.4731039402777778 0.014395725000000015 0.01919429999999996
0 0.35950573476562503 0.4741702909722223 0.019194300781249972 0.02559240138888891
0 0.33671250390624996 0.48056838958333337 0.03838860156249999 0.046919398611111045
0 0.312719628515625 0.49123189027777775 0.045586463281249975 0.05971559999999998
4 0.274331029296875 0.41445469027777776 0.011996436718749993 0.017061600000000017
7 0.219147415625 0.5360185909722222 0.0455864625 0.1236966013888889
2 0.4104905945312501 0.4581750402777778 0.013196081250000002 0.03625589999999998
2 0.42128738828125006 0.46670584027777773 0.02519251875000004 0.03199050000000001
0 0.43748257929687495 0.4688385402777778 0.021593588281249954 0.027725099999999968
0 0.45847634453125 0.4816347402777778 0.029991093749999996 0.044786699999999985
0 0.4860681515625 0.48483378958333334 0.04678610781249999 0.06398099861111115
0 0.601233951171875 0.5168242895833334 0.12356330703125007 0.1450235986111111
0 0.8848919500000001 0.5392176416666666 0.23021609999999998 0.43720350277777775
0 0.12737466953124998 0.5349522402777778 0.20753836875 0.21113730000000003
0 0.029797398046875 0.6319900902777777 0.05959479609375 0.2090046000000001