5 0.077581689453125 0.04028406458333333 0.021266049218749992 0.06301052083333333
5 0.09574644140625 0.041859327777777774 0.020379965625000006 0.059859994444444446
5 0.06163215234375 0.03870880138888889 0.012405195312499995 0.053558941666666665
4 0.044993442578125 0.08754195347222223 0.08998688515625 0.031505256944444456
5 0.708458526171875 0.09609104027777779 0.008860855468749929 0.0472578888888889
5 0.721306764453125 0.20320892291666667 0.02215213515625001 0.034655784722222235
3 0.136537711328125 0.32488456041666663 0.01417736640624998 0.08549382361111112
3 0.15027203515625 0.32352411180555557 0.022152135937500005 0.09136525416666663
3 0.8360215984374999 0.27776988402777775 0.016835623437500048 0.08033841250000001
3 0.81697076171875 0.28170804236111113 0.014177367187500067 0.07876314861111114
3 0.7346914101562501 0.30695124305555554 0.01772170937499995 0.08821472777777777
3 0.693045395703125 0.27702124513888887 0.01417736640624998 0.06301052083333332
0 0.32563639375 0.30233797013888886 0.039873843750000006 0.05198367916666666
0 0.41202972265624993 0.2733081263888889 0.010633025000000008 0.017327891666666654
0 0.514594110546875 0.2674008909722222 0.011962153906249995 0.01654026249999999
0 0.487790026171875 0.2654318118055556 0.008860855468750017 0.018903154166666682
0 0.281775165234375 0.3102142840277778 0.04784861328124999 0.07403735972222221
0 0.316332496875 0.30785139097222225 0.023038220312500003 0.05670946805555555
0 0.3686115375 0.29536180833333336 0.028354732812500005 0.04253209999999999
0 0.41646015 0.28613527083333334 0.015949537500000055 0.02677946944444444
0 0.45101748046875 0.27567102083333334 0.014177367187499979 0.018903155555555568
0 0.4368401140625 0.2725204944444445 0.015949537500000055 0.01575262777777778
0 0.43772620117187505 0.2866978611111111 0.024810392968749984 0.04095683611111112
0 0.49576479492187503 0.26700707430555554 0.011519111718749997 0.020478420833333327
0 0.5298790828125 0.27724628333333334 0.01949387812500003 0.02835473333333335
1 0.5951282011718749 0.2583431270833333 0.07708943203124993 0.1449241930555556
4 0.009303897265625 0.17879234861111112 0.01860779453125 0.05828472777777779