0 0.33114395703125 0.4082228979166667 0.024171092187499976 0.042970831944444475
0 0.297405140625 0.4180703798611111 0.05136357187499998 0.05908489305555552
0 0.267694838671875 0.4010610930555556 0.02215683515625 0.021485416666666642
0 0.24755226171875 0.40285154444444443 0.020142576562500025 0.025066319444444377
0 0.203238591796875 0.4162799291666666 0.04632792734375002 0.048342186111111116
0 0.15993205078125 0.410908575 0.0241710921875 0.04118038055555549
0 0.10252570546874999 0.4010610930555556 0.0322281234375 0.025066319444444454
0 0.077347484375 0.4064324465277778 0.040285154687500005 0.03222812361111112
0 0.059722729296875 0.4135942520833333 0.03726376796874999 0.053713540277777756
0 0.022458961328125 0.41807038055555557 0.043306541406249996 0.06624669722222226
0 0.011884108203125 0.4485080527777778 0.02014257734375 0.09489391944444445
0 0.116625509765625 0.4341844423611111 0.07855605078125 0.06982760138888895
2 0.427324763671875 0.307957625 0.17020477734374997 0.4511937305555555
0 0.5245126984375 0.43597489375000004 0.04028515468750005 0.06624669861111114
3 0.57688339921875 0.4225465083333333 0.008057031250000079 0.05013263611111106
3 0.64939667734375 0.4279178625 0.00805703124999999 0.05371353888888887
3 0.660978659375 0.42881308819444447 0.015106932812500062 0.051923087499999965
3 0.777302042578125 0.4610412118055556 0.030213866406250033 0.10205572361111111
3 0.8568652226562499 0.4735743708333334 0.036256639062500005 0.10205572499999999
3 0.874993541796875 0.4825266277777778 0.04834218515625004 0.11279843333333335
4 0.6927032183593751 0.27662472708333335 0.020142577343750023 0.041180379166666684
4 0.685653316015625 0.21933028541666666 0.024171092968749974 0.02327586805555559
4 0.6972352984375 0.24529182916666667 0.019135448437499925 0.010742708333333361
5 0.31805128203125 0.3151194298611111 0.00805703124999999 0.021485415277777756
5 0.309994251171875 0.3133289784722222 0.006042772656249973 0.02506631805555553
5 0.53307329375 0.3562998104166667 0.005035643750000052 0.021485415277777795
0 0.5693299328125001 0.3885279340277778 0.023163964062500052 0.02506631805555557