4 0.27489581289062504 0.4930361458333334 0.023395388281250006 0.03292684444444447
4 0.24223974960937503 0.49390264375 0.020470964843749995 0.031193851388888937
4 0.2734336 0.4540438319444445 0.03411827500000002 0.04159180000000002
4 0.272946196875 0.42198348541666664 0.027294620312500007 0.02252889305555554
4 0.24126494101562498 0.45491032708333334 0.032168658593749996 0.039858806944444485
4 0.24175234609375 0.42544946805555556 0.027294620312500007 0.02599487500000003
2 0.13062425117187498 0.5424264090277777 0.011697694531250002 0.02426188472222227
4 0.10576665156250001 0.5363609381944444 0.008773271874999988 0.019062906944444475
0 0.21738214882812498 0.5770862451388888 0.025345003906249986 0.03812581805555561
0 0.253450040234375 0.57968573125 0.07408539765625002 0.05718872638888889
0 0.34654418906249995 0.5753532527777778 0.07506020312500002 0.07278565277777777
0 0.37481361679687497 0.5883506895833334 0.05166481640625 0.07105265972222223
0 0.4177051625 0.5892171868055556 0.06531212499999998 0.09011557083333335
0 0.6414235628906251 0.5684212854166666 0.025345003906249986 0.04852376805555557
0 0.6633567386718751 0.5736202618055556 0.028269427343750042 0.04852376805555557
0 0.76863598671875 0.5753532534722222 0.041916737500000065 0.05545573472222224
0 0.799342434375 0.5580233340277777 0.05069000937500005 0.05545573472222224
2 0.16230550625 0.5649553020833333 0.05556404687500001 0.06931967083333335
0 0.181314258984375 0.5753532527777777 0.058488471093750015 0.048523769444444455
0 0.07847203164062501 0.5753532527777777 0.05751366328125 0.048523769444444455
0 0.46205891914062497 0.6143455666666666 0.07798462734375003 0.12304241388888887
0 0.599506825390625 0.5822852187499999 0.07993424296875 0.1039795041666667
0 0.8393095550781251 0.5701542777777777 0.06823654921875004 0.05198975277777783