4 0.651171641796875 0.3344674034722222 0.013647310156249936 0.031193851388888857
0 0.15938108359375 0.43411442638888886 0.1998356078125 0.1854301138888889
0 0.339720534375 0.3708602284722222 0.08285866718749997 0.09704753749999999
0 0.50251344453125 0.3803916833333333 0.096505975 0.15423626388888886
0 0.3938223703125 0.36219527083333336 0.042891545312500015 0.06585368611111113
0 0.42501622109375 0.35439680833333337 0.03509308124999997 0.04679077777777777
0 0.44889901249999997 0.34573184861111117 0.02631981250000006 0.043324794444444474
0 0.5541782609375 0.3656612541666667 0.024370196874999993 0.0589217194444445
0 0.54832941328125 0.33186791597222226 0.016571732812500083 0.025994876388888876
0 0.56733816640625 0.34573185 0.011697693750000049 0.02599487777777772
0 0.58578716953125 0.3431323631944444 0.025489693749999986 0.027727870833333293
0 0.6321628875 0.3301349236111111 0.014622118750000013 0.02599487499999999
0 0.61412894296875 0.32926842777777776 0.015596925000000006 0.020795899999999968
4 0.20955026562499998 0.1425354402777778 0.035989312499999995 0.04478670277777778