5 0.3159281234375 0.38484347847222217 0.006591792187500012 0.023437484722222183
5 0.3785501515625 0.3883591006944444 0.007910151562500013 0.02109373472222218
5 0.371958358203125 0.38953097500000006 0.007910150781250014 0.023437483333333297
5 0.30867715234375004 0.3848434777777778 0.007910151562499967 0.028124980555555526
5 0.426011055859375 0.4574996784722222 0.010546867968749929 0.01874998750000003
5 0.448423149609375 0.4481246847222222 0.010546867968750017 0.023437483333333297
0 0.38514194375 0.5055465194444444 0.026367168750000003 0.06328120555555551
0 0.45171904570312493 0.4821090368055555 0.019775377343750032 0.02109373472222218
0 0.469516884765625 0.48679653263888883 0.02636716796874996 0.03046872638888887
0 0.49061061992187494 0.5020308979166667 0.026367169531250047 0.056249962500000014
0 0.5143410730468749 0.4926559034722222 0.03164060390624997 0.09374993472222223
2 0.5855324308593749 0.42117157847222225 0.09755852578124999 0.04921871527777778
0 0.6165138546875 0.4328903208333333 0.09360344999999999 0.03984372222222221
2 0.60135273203125 0.4996871493055555 0.1529295828125 0.12656241249999997
2 0.6554054292968751 0.42234345208333335 0.15556629921875 0.10312492916666668
2 0.758896569140625 0.4645309236111111 0.22280258046875004 0.24374983333333333
2 0.8287695671875 0.44109343958333336 0.15424794062500008 0.10312492916666662
2 0.8366797187499999 0.519609011111111 0.18852526093750005 0.24609358055555558
0 0.8953466703124999 0.6051558270833334 0.10810539375000001 0.14999989583333329
2 0.9291882351562499 0.4348412465277777 0.1406175093749999 0.5187540375
0 0.32911170898437503 0.50789026875 0.022412094531249992 0.03984372361111118
0 0.365366566015625 0.49148403124999995 0.010546867968749974 0.02109373472222218
0 0.4121682921875 0.5125777652777778 0.05141598124999995 0.0773436972222222
2 0.24078169101562502 0.5442183687500001 0.13579092265625 0.20624985416666664