5 0.197041487109375 0.35722725069444444 0.016795011718749996 0.029857798611111104
4 0.18489507578125 0.32721710416666666 0.017994656250000008 0.017061600000000017
4 0.17949667851562498 0.3144209041666667 0.026392161718749984 0.017061600000000017
4 0.18729436328125 0.2952266027777778 0.017994656250000008 0.017061600000000017
4 0.16750024140625 0.2792313534722223 0.0215935875 0.019194298611111115
3 0.4776081507812499 0.4114587541666667 0.0131960828125 0.044786699999999985
3 0.5813773359375001 0.4093260527777777 0.00959715000000001 0.044786699999999985
3 0.6191661140625 0.4189232048611111 0.013196081250000002 0.059715601388888866
3 0.63596112734375 0.4050606548611111 0.013196081250000002 0.05758289861111107
3 0.69054491796875 0.42318860277777776 0.014395725000000059 0.07251180000000003
3 0.67494954921875 0.4146578041666667 0.016795012499999994 0.07251180000000003
3 0.995827749609375 0.4562454541666667 0.008344500781250019 0.1002369
0 0.46021331523437503 0.3890654041666666 0.011996438281250032 0.02132699999999998
0 0.45001634531249995 0.39333080416666666 0.015595368749999939 0.025592400000000026
0 0.4410190171875 0.4018616048611111 0.01919429999999993 0.03838860138888889
0 0.4284227578125 0.40292795347222227 0.017994656249999963 0.0319905013888889
0 0.41222756757812495 0.4146578041666667 0.03598931328124997 0.051184799999999975
0 0.5004013828125 0.39013175347222223 0.017994656249999963 0.019194298611111073
0 0.5063996015625 0.3997289041666666 0.02519251875000004 0.017061599999999937
0 0.504000313671875 0.43491845277777785 0.041987530468750034 0.0618483
2 0.478630651953125 0.3725932208333333 0.023395388281250006 0.02079590000000001