3 0.11284783828125 0.5109330833333333 0.02458410312499999 0.14082745277777775
3 0.194111955078125 0.5048629326388888 0.028681452343750014 0.10440655972222225
3 0.37234670000000003 0.5534241222222223 0.057362906250000026 0.21609729722222223
3 0.8865641773437499 0.5267154673611111 0.015023618750000089 0.036420893055555584
3 0.987632153515625 0.6092694916666667 0.017755185156249985 0.0461331305555556
3 0.8046171687499999 0.6214097888888889 0.10789689375 0.38120534444444437
4 0.15655291015625 0.1321558 0.0382419375 0.07769790555555556
4 0.19547773867187498 0.2547728027777778 0.07238652421875 0.04613313055555553
4 0.47546335234375 0.30454802291666666 0.04507085468750001 0.05341730972222223
3 0.85583405 0.5194312909722222 0.016389401562500083 0.036420893055555584
4 0.10328735507812499 0.28633757638888885 0.019120969531249997 0.03156477222222224
3 0.04250998984375 0.4210948763888889 0.0150236171875 0.048561188888888926
5 0.14426085898437502 0.33247070833333336 0.019120967968750003 0.05098925000000002
5 0.19957508984375 0.2972638444444444 0.020486751562499995 0.038848952777777786
5 0.171576528125 0.33732682569444444 0.02731566875 0.05584536805555555
0 0.027059575000000002 0.47936830625000004 0.054119150000000005 0.1553958069444444
0 0.988997937109375 0.6554026208333334 0.02048675234374997 0.09955043888888887
0 0.8626629664062498 0.617767698611111 0.25403572656249995 0.1942447583333334
0 0.646186286328125 0.6116975520833334 0.24720681015625007 0.17724834305555556