0 0.889603555859375 0.5346132458333334 0.11926904453125005 0.07322032499999993
3 0.93379316640625 0.4987657944444444 0.008580506250000041 0.013728808333333358
0 0.7703345105468751 0.5323251118055555 0.11755294453124998 0.0655932097222222
5 0.6901067703124999 0.22876584722222224 0.013728810937500047 0.056440669444444445
5 0.326722305859375 0.30885057638888885 0.009438557031249984 0.03661016111111112
5 0.309990318359375 0.3119014236111111 0.008580507031249995 0.042711855555555546
5 0.20745326171874998 0.44308783958333336 0.011154659374999997 0.018305081944444388
5 0.6999743542968749 0.23563025069444446 0.0042902539062500186 0.04881355138888889
5 0.21860791992187503 0.44385055208333335 0.0077224554687500115 0.019830506944444437
5 0.6163144125000001 0.45071495625 0.013728810937500047 0.018305079166666696
4 0.21260156523437498 0.3675793784722222 0.01801906328124998 0.01067796249999999
4 0.22761745195312502 0.39656242569444444 0.006864405468750024 0.013728809722222164
3 0.35375090351562505 0.5193590125 0.024025419531250015 0.06406778611111111
0 0.45671698515625003 0.5224098590277778 0.041186432812499965 0.05491524583333332
0 0.303125912109375 0.5224098590277778 0.04290253359375003 0.05491524583333332
0 0.4378398703125 0.5201217236111111 0.013728810937499957 0.03813558611111113
0 0.4309754640625 0.5185962999999999 0.010296607812500014 0.03508473888888888
0 0.43011741367187495 0.5124946055555556 0.02230931796875 0.03813558611111105
0 0.31513862265625 0.5147827409722222 0.03260592656250001 0.054915243055555625
0 0.33444476328125 0.5185963 0.006006354687499993 0.05033897499999998
0 0.37992144921875 0.5063929125 0.007722456250000009 0.013728811111111128
0 0.36104433242187495 0.5086810472222223 0.009438557031249984 0.021355927777777752
0 0.3709119171875 0.5048674895833334 0.006864404687500025 0.019830506944444437