0 0.339539255859375 0.5353096347222223 0.00917673671874999 0.018353474999999973
0 0.3601869125 0.5312310875 0.009176735937499991 0.01427492499999998
0 0.37165783398437496 0.5291918118055556 0.009176736718750033 0.0101963736111111
0 0.330936064453125 0.5342899986111111 0.01491219609375003 0.0203927472222222
0 0.31946514296875 0.5393881840277778 0.019500565624999976 0.026510573611111077
0 0.394599673828125 0.5312310861111111 0.01835347265624998 0.022432022222222278
0 0.40951187109375004 0.5251132604166666 0.011470918749999993 0.022432020833333392
0 0.41811506171875 0.5302114486111111 0.017206381249999937 0.028549847222222268
0 0.48464640195312503 0.5373489118055557 0.01261801328124994 0.01835347638888886
7 0.56838412421875 0.5506041965277778 0.030971487500000006 0.036706945833333296
0 0.5135961421874999 0.5567220208333333 0.04588368281249995 0.06933534444444452
0 0.297942831640625 0.5465256465277778 0.027530210156249967 0.036706945833333296
0 0.38140811484375 0.570996945138889 0.05850169531249998 0.08157099305555554
0 0.262110539453125 0.566918395138889 0.04932495859374999 0.06933534305555555
0 0.12101821406249999 0.5852718680555556 0.08603190624999998 0.10196373888888885
4 0.50873533515625 0.4282477083333333 0.03326566875000001 0.05709969444444446
4 0.8106929902343751 0.1305135875 0.10553247109374997 0.04894259444444445
5 0.545714719921875 0.2192220402777778 0.025236027343749967 0.08768881666666668
5 0.657556197265625 0.3844033 0.012618011718750034 0.050981869444444466
4 0.552242902734375 0.4426683055555556 0.020647657031249978 0.03466767500000003
4 0.47956642265625005 0.4888433048611111 0.01261801250000003 0.020392745833333316
4 0.575840222265625 0.44354226875 0.022941841406250062 0.032628395833333296