0 0.35117705429687496 0.5509960618055556 0.37285888671875 0.3763492208333334
2 0.9534875675781251 0.5145751701388889 0.09150749296875009 0.1918166986111111
0 0.633211343359375 0.4623718923611111 0.11472581328124995 0.14082745416666664
0 0.777984390625 0.44173338472222223 0.03551037031249997 0.04127701111111111
0 0.8913444191406249 0.4720841291666667 0.07648387421875 0.09712238055555554
0 0.8531024820312499 0.4635859201388889 0.030047235937500007 0.06070148749999996
0 0.836030188671875 0.45994383125 0.02048675234374997 0.04856119027777781
0 0.8216894628906249 0.4563017430555555 0.02185253671874996 0.0461331333333333
0 0.693305815234375 0.45144562152777784 0.02731566953124993 0.0704137236111111
0 0.7158412421875 0.4514456229166666 0.012292051562499929 0.05584536805555555
0 0.728816185546875 0.4380912958333334 0.010926267968750025 0.033992833333333375
0 0.7390595617187501 0.43323517777777776 0.012292051562500017 0.024280597222222235
4 0.942561298828125 0.36767757152777775 0.02048675234374997 0.019424479166666706
4 0.637308693359375 0.3822459263888889 0.02731566953125002 0.02913671388888888