5 0.28160906875 0.3234593972222222 0.01638098281250002 0.0644838666666667
5 0.451854278125 0.33073983333333334 0.010530631249999978 0.045762744444444434
5 0.570031364453125 0.4846690645833333 0.01989119140625002 0.029121745833333375
5 0.3003301921875 0.3255395215277778 0.014040840625000018 0.05616336805555555
5 0.06807126328124999 0.2776966534722222 0.0292517546875 0.07696461527777779
5 0.7519772765624999 0.32657958472222226 0.05148308593750004 0.08736523888888893
5 0.16869729765625002 0.5200311847222222 0.01053063125 0.024961497222222247
5 0.15641156171874998 0.5210712472222222 0.014040840624999995 0.027041622222222214
4 0.549555137109375 0.44306656944444445 0.028081683593750028 0.024961497222222247
4 0.691133626953125 0.37858270208333333 0.07020421015625003 0.12480748194444445
4 0.9877464144531249 0.405624325 0.019891192968749926 0.06656399166666663
3 0.42084741875000004 0.5969958006944445 0.023401403125000008 0.09984598750000002
3 0.945038853515625 0.6136367986111111 0.05616336796874997 0.2704162166666666
3 0.98423620390625 0.6271576090277777 0.029251754687500055 0.2350540958333333
0 0.269908366796875 0.6073964243055556 0.05616336796874997 0.05824349305555556
0 0.36234391015625 0.5876352395833333 0.046802806250000016 0.07280436527777773
0 0.48461624296875006 0.5678740541666667 0.0269116140625 0.037442244444444446
3 0.23480626249999997 0.5865951770833333 0.011700703125 0.04160249583333334
0 0.234806262109375 0.5772346152777778 0.03510210546875001 0.04368261944444451
0 0.303840401953125 0.5938756131944445 0.044462666406250004 0.06032361805555553
0 0.336602366796875 0.5865951770833333 0.018721122656249988 0.04160249583333334
0 0.3875004203125 0.5772346152777778 0.01287077187500003 0.03952236944444441
0 0.4383984710937501 0.558513492361111 0.011700701562500004 0.010400623611111114
0 0.46882029531249997 0.5574734305555555 0.00936056093750004 0.02080124722222223
0 0.9023312925781249 0.5751544909722223 0.19306157890625003 0.1518491069444444
4 0.681188030859375 0.17265035347222224 0.09243554296875 0.05824349305555556