5 0.38022136562500003 0.3684949201388889 0.01044303281250003 0.020253156944444427
5 0.27784798750000006 0.3777776152777778 0.010126579687499993 0.02194091944444444
5 0.09066452148437501 0.12039375416666667 0.01613923359374999 0.03037973333333333
4 0.7260285382812499 0.22595355 0.052653157812499976 0.06500389722222223
5 0.7068686390625001 0.30213811875 0.03773476249999996 0.07488449027777777
4 0.46455677656249994 0.4500701388888889 0.015189867187500017 0.033755261111111184
3 0.647048801953125 0.59855589375 0.025741542968749975 0.18929135138888883
0 0.31679096875 0.5631602861111111 0.015784889062499995 0.021358283333333283
2 0.402504137890625 0.5337600215277778 0.028081685156250025 0.0291217458333333
2 0.263449260546875 0.5651927104166666 0.06550630078125001 0.09522409861111111
0 0.405199528125 0.5782746784722222 0.041412024999999984 0.05824349305555556
0 0.33792930625 0.5732823909722222 0.0378841890625 0.049922993055555524
0 0.980076573828125 0.5275196465277777 0.039262736718750094 0.07488449027777777
0 0.9616180332031249 0.5420805201388889 0.062138978906249955 0.08736524027777774
0 0.87992411015625 0.5328803458333333 0.03188861250000006 0.04400339444444441
0 0.91739401328125 0.5625753444444445 0.09327758593750009 0.0909126416666667
0 0.7553541062500001 0.5612599972222223 0.09925691875 0.09354333333333334
4 0.5691028738281251 0.38079049791666664 0.014938388281249982 0.0335373375
5 0.32761964648437497 0.05668339861111111 0.032761964843750005 0.11024661111111111
0 0.303633208203125 0.5639218298611111 0.00819049140625001 0.018721123611111147
3 0.37383741875 0.5678740548611111 0.00819049218750001 0.033281995833333314
5 0.372667348046875 0.5096305618055555 0.005850350781250002 0.0166409986111111
0 0.677763144140625 0.5507130256944445 0.028081683593750028 0.07696461527777781
5 0.716667976953125 0.3338600208333333 0.033932035156249984 0.06864411666666663
4 0.7394843453125001 0.2758245451388889 0.028081684375000027 0.033281995833333314
0 0.85988455859375 0.5348000840277778 0.01287077187500003 0.03536212083333336