0 0.477168440234375 0.5034340965277778 0.07311058828124999 0.10571249583333334
4 0.9086542570312499 0.2282770097222222 0.07771793906249994 0.1881189027777778
0 0.341670150390625 0.4843711868055556 0.04386635390625 0.05372274305555559
0 0.386998715234375 0.4783057166666667 0.027294621093750006 0.03465983611111112
0 0.0248576 0.4774392208333334 0.0497152 0.07798462777777779
0 0.051177412109375 0.48437118611111113 0.020470964843749995 0.06412069444444445
0 0.09748078437499999 0.48090520347222226 0.05069000781249999 0.04332479305555555
0 0.1403723296875 0.4835046909722222 0.03509308281250001 0.024261881944444497
0 0.17595281640625 0.47570622916666666 0.036067890625 0.0259948777777778
0 0.2159199375 0.4800387069444445 0.045815968750000026 0.03119385000000005
0 0.25150042421875 0.4817717 0.03899231406250001 0.024261883333333303
0 0.27343360078125 0.4757062284722222 0.014622117187499973 0.02252889305555554
2 0.295691715625 0.46646361666666664 0.03379334374999998 0.025994874999999952
0 0.31364442460937497 0.4791722125 0.020470964843749995 0.024261883333333303
0 0.44183165546875003 0.4757062284722222 0.013647309375000027 0.02426188472222227
0 0.37310770351562506 0.47137374930555553 0.012672502343749992 0.015596926388888871
0 0.402839342578125 0.4670412701388889 0.009748077343749984 0.013863934722222224
0 0.410637805078125 0.46357528680555554 0.007798463281250001 0.013863934722222224
0 0.41404963242187504 0.46704126944444446 0.00877327109374999 0.010397949999999965
0 0.42087328749999997 0.46444178263888886 0.01072288593750006 0.012130943055555576
0 0.4315961742187501 0.46270879097222223 0.010722887499999967 0.015596926388888871
0 0.4121000171875 0.41505151874999996 0.022420581249999925 0.013863934722222224
0 0.156212957421875 0.4271824604166667 0.007798463281250001 0.010397951388888929
0 0.16644843984375 0.42371647708333326 0.012672501562499994 0.020795901388888892
0 0.209339984765625 0.4185175013888889 0.012672502343749992 0.010397950000000043
0 0.223962103125 0.42025049375 0.014622118750000013 0.013863934722222224
4 0.074694636328125 0.4313911458333334 0.009748078906250002 0.022528894444444426
4 0.6059649125 0.44352208750000005 0.007798462500000003 0.01906290833333336
4 0.6800503085937499 0.41926020277777776 0.009748078124999981 0.015596924999999985
4 0.625948473046875 0.4079957569444444 0.00877327109374999 0.01386393333333326