0 0.505261228515625 0.5142434243055556 0.015986841406250018 0.02664473750000001
0 0.4937706859375 0.5106907902777778 0.006994243749999995 0.0230921055555556
0 0.48577726328125 0.506250004861111 0.008992598437500022 0.024868423611111093
0 0.4752858984375 0.5044736868055556 0.01199013124999997 0.031973684722222215
0 0.46929083359375 0.5044736881944445 0.013988489062499988 0.028421051388888844
0 0.4553023453125 0.49914474166666667 0.015986842187500017 0.039078949999999994
0 0.43431961601562497 0.5000328979166666 0.02198190859375 0.03730263194444442
0 0.40534346445312497 0.49648026527777783 0.043963814843750046 0.06572368611111111
0 0.37436895742187504 0.5080263173611111 0.06194901328125004 0.06394736805555555
0 0.230487376953125 0.5364473708333334 0.13189144765625 0.13855263055555558
0 0.08576794843749999 0.5568750027777778 0.17153589687499998 0.24690789444444444
0 0.544229155859375 0.5044736868055555 0.045962171093749934 0.06394736805555555
2 0.574985562890625 0.4926559041666667 0.026367169531249957 0.0515624638888889