5 0.9816315003906251 0.18196413125 0.017546539843750077 0.06931966527777779
5 0.8763522542968751 0.23482037916666668 0.013647310156249936 0.046790775000000034
5 0.864167155859375 0.2339538826388889 0.010722886718749968 0.05198975138888891
5 0.8125023394531251 0.17849814652777776 0.018521349218749882 0.051989751388888866
5 0.7627871394531249 0.14730429652777777 0.016571733593749992 0.05892171805555556
4 0.499589021484375 0.22875490902777776 0.02047096484375004 0.020795901388888892
4 0.843696190234375 0.3708602298611111 0.01852134765624989 0.031193851388888857
4 0.6589701039062501 0.36739424652777775 0.019496157812500046 0.02426188472222219
5 0.508849695703125 0.3431323611111111 0.015596925781250003 0.02772786944444445
0 0.809577915625 0.41938399930555553 0.026319810937500066 0.0415918013888889
0 0.78520771953125 0.42458297222222224 0.01657173437499999 0.017329916666666712
0 0.7622997351562499 0.4254494673611111 0.011697695312500044 0.02946085972222221
3 0.7423161746093749 0.43324793194444444 0.010722886718749968 0.02772786944444445
0 0.7408539632812501 0.4193839979166667 0.03314346562499999 0.03812581805555561
0 0.7198955933593749 0.4375804104166666 0.010722886718750057 0.04332479305555563
0 0.706735687890625 0.44537887361111106 0.021445769531250037 0.07278565277777783
0 0.67797885703125 0.4549103291666667 0.045815968750000026 0.12650839444444448
0 0.40107467617187503 0.5150954805555555 0.22116387421875 0.1602519277777778
0 0.14670858125000003 0.5554238479166667 0.2895179296875 0.2824776513888889
0 0.8753774453125001 0.42284998263888884 0.07213577968749992 0.04852376805555557
0 0.96457236328125 0.4791722125 0.06531212656249999 0.1299743805555556
0 0.935328128125 0.44451237847222225 0.045815968750000026 0.06412069305555555