4 0.182208407421875 0.3220354729166667 0.024088933593749993 0.03976585694444444
4 0.7547029425781251 0.20834590208333334 0.033839216406250025 0.04894259583333335
5 0.2504603859375 0.3898413618055555 0.006882553124999991 0.026510573611111077
5 0.342801296875 0.33936931111111107 0.005735459374999996 0.02549093611111112
5 0.5002396843750001 0.2960347194444444 0.008603190625000057 0.026510572222222233
5 0.3382129296875 0.3373300347222222 0.006882553124999991 0.029569483333333344
3 0.5872274992187501 0.4214501208333333 0.010897375000000053 0.028549847222222268
4 0.5855068609374999 0.37301734374999995 0.007456098437500014 0.019373109722222243
3 0.7030837980468749 0.4015671909722222 0.01892701953125 0.06015860694444449
3 0.654905931640625 0.41176356527777785 0.014338650781250007 0.03976585833333333
3 0.6339715011718751 0.41125374513888885 0.011470921093750076 0.028549845833333382
3 0.783380244140625 0.4239992145833333 0.03728049296874989 0.11317975416666665
3 0.8341390683593751 0.40870465208333334 0.022941841406249885 0.06627642916666672
3 0.05602827890624999 0.4678436229166667 0.024088934375000003 0.060158606944444415
7 0.5325494421875 0.43266613333333337 0.00975028281250001 0.018353472222222205
0 0.41028854609375004 0.4403134118055555 0.025236024999999974 0.03976585694444444
0 0.385626066796875 0.43368576875000003 0.03326566953125001 0.07749244027777777
0 0.4360981179687499 0.431136675 0.017206381250000024 0.021412383333333354
0 0.48112148203125005 0.41023410694444445 0.017779928125000045 0.02854984722222219
0 0.500048501953125 0.41482247708333325 0.010897374218749967 0.02753020972222223
0 0.522990342578125 0.41635193402777776 0.007456097656249927 0.018353473611111167
0 0.0280201078125 0.49384437569444445 0.053339781249999996 0.05098187083333335
0 0.140052773828125 0.4902756451388889 0.16575480546874996 0.13969032361111114
0 0.33477165273437504 0.45764725000000006 0.10438537890625002 0.12949395000000005
0 0.46171650625 0.42501885 0.02638311875000001 0.04180513333333333
0 0.490967353515625 0.4260384868055555 0.016059288281249983 0.029569484722222227
0 0.51419596953125 0.42450903333333334 0.017779928124999955 0.03466767222222226
0 0.5569251480468751 0.41431265694444447 0.02523602578125006 0.050981869444444466