0 0.9450570457031251 0.5172710972222223 0.013728811718750044 0.0167796583333333
0 0.9206025999999999 0.5180338104166667 0.026599570312500022 0.015254234722222215
0 0.8819903195312498 0.5187965215277777 0.011154659375000087 0.016779656944444415
0 0.82879117734375 0.5218473680555555 0.03518007812499988 0.028983041666666685
0 0.772760477734375 0.5256609256944444 0.01716101328124999 0.021355926388888866
0 0.695106890625 0.5325253319444444 0.03689617812500003 0.03203389166666671
0 0.638592530859375 0.5286116638888889 0.020530817968750004 0.01810485833333336
0 0.6068134546874999 0.53252533125 0.03947033124999999 0.0350847375
0 0.590510492578125 0.5401524486111111 0.04633473828124997 0.028983044444444456
0 0.565197996875 0.5264236381944444 0.024883471875000042 0.02288135138888892
0 0.53345012109375 0.5439660076388888 0.04376058281250002 0.024406776388888888
0 0.486257333203125 0.53252533125 0.03003177421875005 0.0350847375
0 0.43863552031249997 0.5378643138888889 0.08408896718749999 0.04881355000000001
0 0.37985904843749996 0.5546439708333334 0.059205496874999985 0.042711855555555504
0 0.34296286953125 0.5500677020833333 0.05577329531249999 0.04576270416666672
0 0.308211815625 0.55693210625 0.03432202656249998 0.038135584722222164
0 0.26837485976562503 0.5460539222222222 0.042044483593749994 0.044237277777777785