0 0.8663333039062501 0.7102945986111111 0.13847435937499997 0.0741176972222222
0 0.771039121484375 0.7155887201388889 0.09678315390624999 0.06352945416666664
0 0.689642011328125 0.7131622493055555 0.06601106640625005 0.10014712361111104
0 0.054099294140625 0.7486769784722223 0.07147063828125 0.055588270833333314
0 0.10621329921875 0.7407357958333334 0.05658092187500001 0.06617651666666664
0 0.1367372171875 0.7288240236111111 0.040202234375000014 0.06882357499999993
0 0.009926473046875 0.7473534479166667 0.01985294609375 0.06882357638888897
0 0.17768393671875 0.735441675 0.023823545312500017 0.03441178888888885
3 0.225331028125 0.73411814375 0.023823545312500017 0.06352945416666664
3 0.19356630820312498 0.7292652041666666 0.026801488281249997 0.09000006111111106
3 0.16080893359375 0.7398534458333333 0.020845601562500017 0.0741176972222222
3 0.265781430859375 0.7292652034722222 0.019356630468750025 0.06882357638888889
3 0.28811600546875005 0.7239710819444445 0.0163786875 0.05823533333333326
3 0.35809767070312504 0.7186769597222222 0.019356630468750025 0.06352945555555552
3 0.32385132304687503 0.7213240222222222 0.013400744531250019 0.05823533611111118
3 0.30747263710937495 0.7200004909722223 0.016378688281249998 0.05558827361111117
3 0.740018887109375 0.7451475659722222 0.03573531796875003 0.1747060013888889
3 0.7668203765625 0.7477946277777777 0.04466914843750001 0.1694118805555555
4 0.29779432148437496 0.6207357180555555 0.01786766015625001 0.03705884722222221
4 0.65663647734375 0.39441203263888885 0.023823545312500017 0.05558827361111117
4 0.6387688179687501 0.3877943826388889 0.020845601562499993 0.05294121249999995
0 0.6566364777343751 0.6207357180555555 0.017867660156249965 0.047647091666666655
0 0.24344685703125002 0.6630886875 0.0163786875 0.03705884722222221
4 0.21962331132812501 0.6683828104166666 0.01935663046874998 0.031764726388888914
5 0.300772263671875 0.6551475062500001 0.026801488281249997 0.031764729166666686
5 0.28662703398437495 0.6127945361111111 0.019356630468750025 0.05294121111111107
5 0.639513303125 0.5810298069444444 0.03722429062500003 0.042352969444444395
5 0.5538974367187499 0.33750022916666667 0.032757375 0.07941181944444442
5 0.6484471339843749 0.5002944576388889 0.03126840234374999 0.09794124305555556
5 0.512950717578125 0.33220611041666664 0.031268403906249985 0.07941181805555557
5 0.43552419453124996 0.31102962291666664 0.028290460937499963 0.08470594027777775
5 0.466048112109375 0.31102962430555553 0.029779432031249976 0.09529418194444443
0 0.8695594164062499 0.6644122173611111 0.04169120468749998 0.03970590694444446
5 0.938158464453125 0.2707564902777778 0.04318017578125009 0.11117654722222221
0 0.515290530859375 0.8001686138888888 0.36479804296875 0.3970590944444444