3 0.9423422550781251 0.5132551805555555 0.04441631328125002 0.19613225277777777
3 0.786168765234375 0.4635853236111111 0.03295403671874997 0.07132081944444447
5 0.3567632921875 0.32731161388888885 0.005731137500000027 0.02801889444444442
5 0.48428109531249997 0.34132106319444444 0.005731137500000027 0.02547172083333334
5 0.3503157625 0.32731161388888885 0.007163920312499972 0.02801889444444442
5 0.361778036328125 0.32603802916666663 0.007163921093750014 0.030566063888888884
5 0.4900122324218749 0.3438682340277778 0.008596703906250003 0.02037737916666668
5 0.5573530941406251 0.36297202430555553 0.008596705468749999 0.028018893055555535
5 0.56451701640625 0.39226450416666664 0.017193410937499997 0.025471722222222187
4 0.5358613296874999 0.3655191951388889 0.01146227343749997 0.017830204166666638
4 0.5759792906250001 0.37443429930555555 0.008596704687500002 0.03056606527777777
4 0.32954039101562504 0.32221726875 0.034386824218750035 0.017830204166666676
4 0.5845759968750001 0.36169843888888886 0.01146227343749997 0.015283030555555518
4 0.596754663671875 0.38207581666666673 0.018626196093750026 0.01018868888888886
4 0.534715098828125 0.39226450208333336 0.017193411718749996 0.015283029166666592
4 0.629995276171875 0.3655191965277778 0.027222900781249938 0.028018893055555574
3 0.326674821875 0.41646263888888885 0.005731137499999983 0.03820758333333332
3 0.340286271875 0.4139154673611111 0.007163920312500016 0.028018893055555497
0 0.42625333125000003 0.42155698194444446 0.021491764062500085 0.02801889166666661
0 0.4828483109375 0.4190098097222222 0.01146227656250005 0.017830202777777752
0 0.47425160507812497 0.4139154652777778 0.011462274218750058 0.012735858333333284
0 0.46135654609375 0.4177362236111111 0.011462275000000055 0.015283030555555558
0 0.4534762328125 0.41646263750000007 0.012895059374999995 0.017830202777777752
0 0.442730350390625 0.4177362236111111 0.011462274218749968 0.015283030555555558
0 0.41192548828125003 0.41518905347222224 0.01862619687500002 0.03056606527777777
0 0.402612390625 0.4177362229166667 0.011462274999999966 0.02547172083333338
0 0.391150115625 0.4177362229166667 0.014327843750000024 0.02547172083333338
0 0.377538663671875 0.4177362229166667 0.012895058593749998 0.02547172083333338
0 0.36106164375 0.4190098118055556 0.02579011874999999 0.03820758194444444
0 0.300168311328125 0.4291985 0.04155074453125 0.05858495833333326
0 0.27437819414062503 0.4291984986111111 0.03581960703125002 0.06367930277777781
0 0.23569301757812502 0.4304720840277778 0.06447529453125003 0.07641516249999998
0 0.20058980312500002 0.44448153125 0.06304250937499997 0.07386799027777771
0 0.11963748984375 0.4393871881944444 0.121786665625 0.12481143194444438
0 0.034386823828125 0.44702870277777784 0.06877364765625 0.15028315277777776
0 0.502907291796875 0.4228305694444444 0.014327842968750027 0.025471722222222187
0 0.5229662718749999 0.45212304583333335 0.02865568749999996 0.043301924999999936
0 0.532995761328125 0.4559438069444444 0.025790116406249997 0.05603778611111115
0 0.559502270703125 0.46231173402777775 0.04155074453125005 0.08405667916666665
0 0.57383011484375 0.46995325277777783 0.04728188124999999 0.08405667777777784
0 0.613231683203125 0.4826891131944445 0.08596705859374998 0.11971709027777777
0 0.7056462707031249 0.5285382111111111 0.18769474453125 0.20122659444444446
0 0.8695568082031251 0.4865098708333333 0.15330792109374994 0.12735860555555556
0 0.98729072734375 0.7774333152777777 0.021491764062499995 0.29801913333333324