4 0.17985204765625 0.3578627916666666 0.034118274999999997 0.05718872777777773
5 0.167666949609375 0.4367139152777778 0.019496157031250006 0.0623877027777778
5 0.23492869023437501 0.2729461965277778 0.015596924218750008 0.05718872638888889
5 0.25734927148437503 0.2738126923611111 0.019496157031250006 0.05545573472222224
5 0.164742526171875 0.49043665833333333 0.013647310156250004 0.024261883333333383
2 0.04825298828125 0.5034340958333333 0.0965059765625 0.4939026416666667
0 0.15938108281250002 0.577952742361111 0.034118274999999997 0.02946086249999998
1 0.21445772617187497 0.5467588895833333 0.07603501171875 0.07105265972222223
0 0.441100550390625 0.5831517152777778 0.05751366328124998 0.08491659444444445
0 0.4493864171875 0.5415599145833333 0.04289154531250006 0.046790776388888844
0 0.484966903125 0.5467588895833333 0.028269426562499957 0.03639282638888888
0 0.514211137890625 0.5415599145833333 0.022420578906250023 0.04332479305555555
6 0.55369085625 0.5510913673611111 0.009748078124999981 0.031193848611111165
0 0.29487937304687495 0.5493583770833333 0.022420580468749972 0.038125818055555524