0 0.425130530859375 0.36248041597222225 0.01315452890624993 0.01700787916666668
0 0.45442926015624996 0.3592914381944445 0.011958665625000009 0.010629923611111123
0 0.46459412499999997 0.3656693923611111 0.010762798437500009 0.010629923611111123
0 0.339028145703125 0.3550394680555556 0.01315453203125001 0.010629925000000009
0 0.3306570796875 0.3699213604166667 0.010762798437500009 0.010629926388888893
0 0.3258736140625 0.3784253006944444 0.013154531250000013 0.014881893055555493
0 0.3097294171875 0.38267727291666664 0.021525596874999976 0.014881893055555493
0 0.29059555234375 0.38161427777777784 0.021525596875000018 0.021259847222222166
0 0.2666782234375 0.3837402652777778 0.021525596874999976 0.01700787777777772
0 0.37908967109375 0.38267726944444447 0.026309062500000025 0.036141744444444394
0 0.185957236328125 0.38161427777777784 0.046638791406250026 0.034015761111111056
0 0.42991399765625005 0.3858662472222223 0.02032972968749993 0.03826772777777773
0 0.458016859375 0.38480325624999995 0.019133864062500016 0.02763780416666661
0 0.53036678046875 0.38161427986111107 0.020329731250000017 0.017007879166666604
0 0.569232440625 0.38480325624999995 0.026309062500000025 0.02338583194444439
0 0.405398734375 0.3869292416666667 0.047834659374999956 0.07015749999999998
0 0.358162008984375 0.38586625 0.04185532734374999 0.0552756083333333
4 0.417955332421875 0.33165363541666665 0.015546264843750013 0.02338583472222224
4 0.45861479101562497 0.32952764930555556 0.029896660156250032 0.027637801388888918
4 0.48671765429687497 0.3369685986111111 0.02391733046875002 0.021259847222222246
4 0.6882211546875 0.3263386729166667 0.017937996875000018 0.03826772638888889
4 0.7982408707031251 0.3125197708333333 0.008371064843750008 0.019133861111111095
0 0.862899873828125 0.3930945979166667 0.14486426953125003 0.1679528041666667
0 0.09942134531249999 0.49110249791666666 0.1961221015625 0.5910237875