4 0.43927008828125 0.42473696805555555 0.02185253593750005 0.026708655555555558
5 0.651649419140625 0.2878984784722222 0.012292049218750023 0.05341730972222223
5 0.6612099015625 0.29396862777777777 0.009560484375000034 0.05098925000000002
5 0.43790430585937495 0.5124939805555556 0.021852533593750056 0.021852536111111064
4 0.45429370859375 0.45543458402777776 0.02458410468750003 0.019424476388888855
5 0.925489005859375 0.5112799513888889 0.010926267968750025 0.01942447777777774
4 0.9248061125 0.4611578659722222 0.015023617187499916 0.016996415277777763
4 0.9418784082031252 0.4465895048611111 0.010926266406250029 0.012140295833333268
4 0.9377810578125001 0.4684420416666667 0.016389401562499906 0.0072841750000000455
4 0.9370981671875 0.4781542770833333 0.012292051562499929 0.007284176388888852
4 0.4563423832031249 0.47329816180555556 0.023218317968750048 0.01699641527777784
0 0.110799165625 0.586202925 0.05326555781250001 0.02913671111111111
0 0.39010188398437495 0.5716345666666668 0.049168203906249985 0.014568358333333324
0 0.349811271484375 0.6286939687499999 0.09423906171875003 0.11897491250000003
0 0.22347630000000002 0.640834267361111 0.2021359515625 0.1675361097222222
0 0.07324011953125001 0.6723990361111111 0.1447730484375 0.2646584888888889
0 0.9589507031250001 0.5947011326388889 0.08058122656249989 0.12868715416666662
0 0.9883150449218749 0.5230733777777778 0.021852533593749966 0.04856118888888885
0 0.935049489453125 0.5692065111111111 0.09833641015625005 0.12140297499999993
2 0.751351611328125 0.5339996444444444 0.31276441796875004 0.2646584833333333
0 0.5307775808593751 0.605627398611111 0.32505646953125 0.25737430833333325