1 0.38300129453125004 0.38836855833333334 0.09712046250000003 0.1658610166666667
4 0.5123677941406249 0.35664650694444444 0.015294560156250015 0.029909363888888922
4 0.51313252265625 0.37635949444444444 0.01682401718750004 0.00951661388888883
0 0.432581182421875 0.3967522555555555 0.007647280468749962 0.017673713888888897
0 0.4784648652343749 0.3926737076388889 0.006117824218749934 0.0149546819444444
0 0.4742588617187501 0.39539274027777777 0.006882553124999991 0.014954683333333366
0 0.46508212539062493 0.39947128958333333 0.013000377343750013 0.02311178194444447
0 0.44672865234375003 0.4055891131944444 0.023706568749999945 0.03534742916666668
0 0.2978615765625 0.4060422784722222 0.04817786718749999 0.06253775972222225
0 0.211579695703125 0.4264402888888889 0.11673861015625 0.13324314722222222
0 0.079882034765625 0.4185719993055555 0.14141059765625003 0.12566366249999994