0 0.905168413671875 0.5973816979166666 0.1886742085937499 0.4573920208333333
0 0.7137654457031251 0.4560059840277778 0.26897769453125003 0.31047215972222225
0 0.24753744296875002 0.43660147430555557 0.11148930468749998 0.1136549875
0 0.374229834765625 0.4171969645833334 0.02027078203124999 0.030492801388888876
0 0.536006274609375 0.43729449375 0.08186277734374992 0.10672480416666666
0 0.1988096 0.4192760180555556 0.035863692187500004 0.06791578333333333
0 0.29782457734375 0.4234341277777778 0.023389365625000026 0.04573920000000003
0 0.317315714453125 0.42204809166666674 0.018711491406250013 0.03742298333333333
0 0.325112169140625 0.4206620569444444 0.009355746093750028 0.026334691666666684
0 0.33212897890625 0.4234341277777778 0.010915037500000002 0.026334691666666684
0 0.334857737890625 0.41858300069444443 0.017931846093750002 0.030492801388888876
0 0.35239976171875 0.41303885486111114 0.014033618749999999 0.016632437499999972
0 0.3605860390625 0.4081877270833333 0.00857610000000002 0.015246398611111149
0 0.4880580765625 0.41234583611111114 0.046778729687500055 0.07068785555555558
0 0.45609261132812495 0.4109598 0.02183007421874992 0.048511275000000055
0 0.44010987890625 0.4158109277777778 0.014813264062500053 0.0360369472222222
0 0.431143955859375 0.40749470902777774 0.01091503671874996 0.02217658194444441
0 0.4256864375 0.40402961875 0.010915037500000047 0.0180184736111111
7 0.4097037042968751 0.42204809166666674 0.011694682031250014 0.023562619444444426
4 0.1785388171875 0.3201744125 0.00779645468750001 0.013860363888888906
5 0.417500159765625 0.3506672152777778 0.005457517968750025 0.013860363888888866
5 0.359026748046875 0.35551834375 0.005457517968750025 0.0180184736111111
3 0.385927803515625 0.39179547638888895 0.01115465859375 0.015254233333333329
3 0.370053866015625 0.39637174652777774 0.00858050703125004 0.012203387499999963