0 0.11481960703125 0.4494846083333333 0.071907228125 0.07422681666666667
4 0.08466496171875 0.41305847708333326 0.0347938203125 0.0865979513888889
7 0.020296394921875 0.4735395902777777 0.04059278984375 0.111340225
0 0.35547686250000005 0.45704474375 0.012757734375000006 0.012371134722222225
0 0.33981964296875 0.4591066006944445 0.013917528125 0.016494848611111085
0 0.32126293984375 0.4570447423611111 0.0208762921875 0.020618559722222173
0 0.28994850078125 0.4529210326388889 0.018556703125000018 0.024742270833333337
0 0.274871179296875 0.4529210326388889 0.011597939843750016 0.024742270833333337
0 0.26327324023437504 0.4549828847222222 0.013917527343750003 0.024742272222222222
0 0.2238402421875 0.441580825 0.05335052343750002 0.059793825000000016
0 0.37983253710937503 0.4484536805555556 0.035953614843749995 0.03505155277777771
5 0.918556851953125 0.17663232708333332 0.04175258359375 0.10309280138888886