5 0.5604787171875 0.36784008125 0.006864403124999985 0.03618410416666665
5 0.540250209765625 0.36928323750000003 0.009567191406250064 0.036348641666666695
5 0.44163869843750003 0.4278812722222222 0.004290254687500017 0.028983044444444456
5 0.24540249570312503 0.3707846722222222 0.006864405468750024 0.028464413888888866
5 0.36879018671874997 0.3522704611111111 0.008580507812499994 0.03498438333333331
0 0.5448621839843749 0.5491524395833333 0.058347446093749956 0.07932201805555555
0 0.49741199296875005 0.550677863888889 0.026599571875000016 0.12508472499999995
0 0.473815599609375 0.5468643020833334 0.054915244531250004 0.1540677680555556
0 0.5778971359374999 0.5338982027777778 0.023167368749999983 0.03661016111111108
2 0.6549500773437501 0.5087287159722222 0.14501056562499998 0.16322030694444445
0 0.295855865625 0.6681354687500001 0.394703315625 0.44847449583333343
0 0.790043878125 0.7241225763888889 0.41863037031250006 0.5500595527777777
0 0.187312453515625 0.5102541409722222 0.031747874218749986 0.05033897361111117
0 0.047021166015625 0.5461015909722222 0.09266947421874999 0.13423726249999998
4 0.246053277734375 0.3451793298611111 0.006123992968749992 0.012247984722222209
4 0.36973607265624997 0.32476602083333334 0.007654990624999991 0.012247986111111133
4 0.540606400390625 0.34109666805555555 0.008420489843750012 0.012247986111111093
4 0.560126626953125 0.34109666805555555 0.007654991406249945 0.012247986111111093
4 0.707102452734375 0.4126404631944445 0.03215096171875 0.03130040694444444