0 0.028006316796874996 0.5468352222222223 0.025632900781250002 0.04388183888888888
0 0.00996835078125 0.5468352256944444 0.0199367015625 0.08101263472222228
0 0.0716771875 0.5282698291666666 0.03322783593749999 0.03037973611111108
0 0.054588584765625 0.5557803722222222 0.06170883359375 0.0759493444444444
0 0.15142398984375 0.5389027416666666 0.012341771875000008 0.03206749444444452
0 0.21408219218750002 0.5152740583333333 0.023734168750000027 0.03206749722222229
0 0.24066446015625004 0.5093668874999999 0.016139234374999978 0.02025315555555562
0 0.252531544140625 0.5127424118055556 0.017088600781249984 0.01687762916666663
0 0.23117079296875 0.49839642847222226 0.008544301562499967 0.015189870833333351
0 0.22357585859375 0.5093668874999999 0.014240500000000012 0.03375526111111111
0 0.23924040937499996 0.4967086666666667 0.009493665625000026 0.018565394444444414
0 0.28386064375000003 0.5110546527777777 0.020886065625000016 0.04725736666666659
0 0.27151887734375 0.5296200444444443 0.034177201562500016 0.05400841666666665
0 0.29762646171874996 0.5161179395833333 0.006645565625000005 0.01687762916666663
0 0.344999855078125 0.5287761597222222 0.013291133593750004 0.03881854444444441
0 0.35496820429687503 0.5287761604166666 0.01613923515625002 0.04894512638888892
0 0.3668352890625 0.52962004375 0.0265822703125 0.05738394305555556
0 0.371582123046875 0.5355272138888889 0.01708860234374998 0.04556960277777777
0 0.39294287304687503 0.5355272145833333 0.04462023515625 0.06582275694444444
0 0.40053780703125 0.5405905020833334 0.0313291 0.06919828194444445
0 0.42522134179687504 0.5422782659722223 0.04841770390625007 0.0928269652777778
0 0.321431829296875 0.5093668888888889 0.014857583593750024 0.02362868611111111
0 0.2036391578125 0.5346833347222222 0.038924034375000006 0.05400841944444442
2 0.153797406640625 0.5169618159722222 0.030379733593749993 0.05569616805555558
2 0.172784738671875 0.5118985319444445 0.0075949320312500125 0.038818550000000035
2 0.1908227078125 0.5009280729166666 0.018987332812500025 0.030379734722222197
2 0.5739396433593751 0.5088605541666666 0.2847150679687499 0.4185652333333334
0 0.0047468328125 0.5805904819444444 0.009493665625 0.04388183611111111
0 0.914240134765625 0.7035159041666665 0.16898727265624985 0.28973268055555546
0 0.248259393359375 0.5654006138888888 0.07499996796875 0.10126578055555555
0 0.11582273750000001 0.5400841687500001 0.0702531375 0.08438815138888892
0 0.258702427734375 0.4919829243055555 0.012341767968749995 0.015189870833333351
3 0.310205569921875 0.50590696875 0.0056961976562500015 0.01856539305555553
4 0.31936695468750004 0.4497888479166666 0.009493665625000026 0.01518986527777781
4 0.30702518515625005 0.4421939138888889 0.007594931250000015 0.02025315555555554
4 0.323639105078125 0.4751052909722222 0.01044303671875002 0.008438815277777758
4 0.050980991796875 0.4413500298611111 0.014240500781250004 0.03881855138888884
4 0.04955694375 0.4016876006944445 0.017088601562499993 0.03375525972222222
4 0.910822438671875 0.22109695416666666 0.04367086796875004 0.0573839388888889
0 0.26772141054687504 0.4708858847222222 0.007594933593750008 0.01012657777777777