5 0.45501494179687507 0.19734360555555558 0.013183583593750025 0.06093745833333332
5 0.439853819921875 0.2032029784722222 0.014501942968750025 0.05859370972222223
5 0.46688016796875004 0.20203110416666664 0.015820301562500028 0.05624996111111111
3 0.11158256054687501 0.4961715263888889 0.02504881015625001 0.1054686777777778
3 0.162998541015625 0.5043746465277777 0.017138660156250006 0.07031245138888885
3 0.19727586054687501 0.4867965333333334 0.011865224218750026 0.04921871944444444
0 0.27374065234374995 0.5043746458333334 0.027685528125000004 0.06093745833333328
0 0.295493566796875 0.5196090118055555 0.036914036718749973 0.11015617638888892
1 0.296152746484375 0.4457809347222222 0.038232396093749975 0.09374993333333334
0 0.22825728554687502 0.5090621444444444 0.07382807421875 0.08906244166666666
1 0.654746249609375 0.4000778430555556 0.68950147890625 0.6023433361111111