4 0.034605678515625 0.25041730416666663 0.01852134921875 0.06412069444444445
4 0.03850490937499999 0.30240705763888887 0.012672501562499999 0.019062909722222247
4 0.11843915351562499 0.3110720138888889 0.012672502343749992 0.03985880833333333
4 0.133548674609375 0.30327355208333334 0.015596925781250003 0.01732991805555556
4 0.74767761796875 0.2512838006944444 0.03314346562499999 0.05198975138888891
4 0.7462154050781249 0.3024070555555556 0.032168657031250006 0.04332479444444443
4 0.650196833203125 0.31540449236111107 0.02144577265625003 0.03465983472222219
4 0.651171641015625 0.34313236180555556 0.01949615703125005 0.013863934722222224
5 0.46010930312500004 0.011264445833333333 0.019496156250000053 0.022528891666666665
5 0.607305287109375 0.008664958333333334 0.015596925781250003 0.017329916666666667
5 0.8144519550781251 0.0849165951388889 0.026319811718749975 0.09704753472222222
5 0.483504691015625 0.21922345347222225 0.007798461718750005 0.039858809722222215
5 0.350930825 0.08318360277777778 0.015596925000000006 0.0762516361111111
5 0.208121474609375 0.25994875902777775 0.014622116406250019 0.020795901388888892
5 0.19106233789062502 0.24521833055555556 0.01169769453124998 0.029460858333333326
5 0.27002177265625005 0.3110720152777778 0.013647309374999982 0.01906291111111109
3 0.72964367265625 0.40378707222222227 0.014622117187500016 0.07278565277777777
3 0.7008868406250001 0.40378707222222227 0.015596925000000006 0.07278565277777777
0 0.267584754296875 0.43324793194444444 0.14329675390625002 0.1663672055555556
0 0.387973521875 0.40725305555555563 0.05458923906250002 0.06585368611111109
0 0.505437867578125 0.43064844375000005 0.08870751328125 0.12997437916666674
0 0.638986543359375 0.4167845090277778 0.09845559140624997 0.12997437916666668
0 0.566850762890625 0.40898604722222226 0.03411827421874998 0.048523769444444455
4 0.56977518515625 0.36826074236111106 0.004874039062499946 0.019062906944444475