4 0.285379294140625 0.5743423895833334 0.02313886171874997 0.01682826527777779
4 0.292391067578125 0.6151664986111111 0.02734592734375001 0.014958455555555538
4 0.38126533046875 0.5469185430555555 0.05784715312499995 0.024307491666666594
4 0.46102429609374995 0.5441138333333334 0.023138860937500016 0.044875369444444466
5 0.48591608984374995 0.5391276986111111 0.014724729687500026 0.05983382222222215
5 0.5006408203125 0.6899587777777777 0.010517664062500032 0.029916911111111152
4 0.47907960859375 0.6936983923611111 0.0178800296875 0.011218843055555539
5 0.270303971875 0.6575488 0.014724729687500026 0.022437683333333305
5 0.280646344921875 0.6569255388888889 0.007362364843750013 0.02617729722222219
4 0.9699039632812501 0.5459836395833334 0.034708292187499976 0.04861498194444446
4 0.9136344597656251 0.49830356111111107 0.03996712421875 0.05796401666666663
5 0.8868144156250001 0.48583818680555557 0.013672964062500093 0.054224404166666636
5 0.8647273207031251 0.48521491180555554 0.01788002890624991 0.04674517361111109
4 0.7074882390624999 0.6681443833333333 0.04417418906250008 0.01869807222222219
0 0.47049019414062504 0.7497926006944444 0.042070657031249944 0.09722996250000003
0 0.494154938671875 0.7582067319444445 0.011569430468750053 0.03178671666666667
2 0.392308878125 0.7226803993055556 0.07362365 0.15893359305555554
0 0.422284220703125 0.766620863888889 0.09991781015624994 0.09349035000000011
0 0.419479522265625 0.7731651881944444 0.07888248203125 0.1028393847222222
0 0.7244917867187499 0.7659976055555556 0.10833194218749993 0.13836571944444442
0 0.5860092171875 0.7404435659722222 0.18826619218750001 0.19445992638888895
0 0.13098435195312502 0.5534628680555556 0.26083807421875 0.5011082722222222