5 0.39318991015625004 0.48044137361111106 0.005076039062499982 0.021657763888888897
5 0.463746841015625 0.48134378055555554 0.006091246093750069 0.019852950000000015
5 0.517552846484375 0.5228544930555555 0.012182491406250051 0.01624332222222225
0 0.5226288851562501 0.5580483590277778 0.0284258140625 0.057754034722222194
0 0.55866875625 0.5779013076388889 0.05786683593749995 0.0794117986111111
0 0.36324128398437494 0.5670724256944445 0.012182491406250006 0.03248664305555561
0 0.344459942578125 0.5634627993055555 0.027410607031249958 0.05053478194444444
0 0.318064543359375 0.5670724256944445 0.03350185234375003 0.046925151388888905
0 0.2876083140625 0.5769989006944444 0.03350185156250003 0.05233959305555555
0 0.25156844296875003 0.5824133423611111 0.056851628125 0.06316847638888892
0 0.19319400312499999 0.5923398173611111 0.065988496875 0.09385030694444446
0 0.11248499453125001 0.6076807326388889 0.11776408749999998 0.1245321375
0 0.032892721484375 0.6284360888888888 0.06578544296875 0.12633695277777776
0 0.41552447812499993 0.5210496798611112 0.019288945312500073 0.023462576388888896
0 0.4642544453125 0.5246593069444445 0.08426223437500005 0.027072202777777773
0 0.756634248046875 0.5300737472222222 0.10050555703125 0.05233959444444451
0 0.92465111328125 0.5580483597222222 0.12588574843749994 0.09385030833333335
0 0.9840407609374999 0.5878277833333333 0.03147143749999994 0.0776069861111111
0 0.442935084375 0.6870925305555556 0.2284217203125 0.30862312500000005