0 0.36234754140625 0.5495670819444445 0.023917329687499978 0.031889772222222175
0 0.383873137890625 0.5463781041666667 0.019133863281250017 0.012755908333333269
0 0.333646745703125 0.5474410972222222 0.040659460156250035 0.05740159166666664
0 0.289399686328125 0.5591340131944444 0.07414372109374998 0.07653545416666666
0 0.523789515234375 0.5176773083333334 0.05022639140624996 0.07440946944444443
0 0.47495829765625003 0.6186615888888889 0.17100890625000004 0.2593701500000001
0 0.824549933203125 0.5899607930555555 0.19133863515625 0.33165363333333325
0 0.990974680859375 0.5559450361111111 0.014350397656249925 0.08291340833333333
2 0.104257819921875 0.6698362166666666 0.20568903203124997 0.4315749222222222
5 0.15785437460937501 0.4018111347222222 0.009566932031249985 0.042519697222222264
5 0.612283634375 0.26043314305555554 0.01913386406249993 0.07015749999999998
5 0.71692195078125 0.38480325624999995 0.010762798437500009 0.042519695833333294
5 0.718715750390625 0.4464568180555556 0.01913386328124993 0.025511822222222237
5 0.871786658984375 0.36566939305555557 0.0119586648437501 0.05102363611111108
4 0.17100890546874997 0.29444890069444446 0.0263090625 0.057401590277777755
4 0.70795295234375 0.29019693055555557 0.05979332343749997 0.027637802777777803
4 0.687623221875 0.3805512868055555 0.023917329687500023 0.06377954583333331
3 0.915136818359375 0.533090698611111 0.045442925781249956 0.12968507500000004
3 0.97373427578125 0.5171458124999999 0.026309062500000025 0.10629924166666668