3 0.225579198046875 0.5106180194444445 0.01935663046874998 0.087353
3 0.45800767421875 0.563559232638889 0.06849269375000003 0.3097060930555555
5 0.01191177265625 0.17602953194444446 0.017867659375 0.08205888055555553
5 0.32563808515625003 0.39044144305555556 0.010422801562499995 0.045000030555555605
5 0.39040836171875004 0.3970590944444444 0.008933829687500028 0.04235296944444447
5 0.343952440625 0.18264718333333335 0.06253680781250001 0.11647066666666668
5 0.321617866796875 0.4420591256944445 0.011911772656250008 0.021176484722222236
5 0.36405355742187495 0.021176484722222222 0.04020223359375001 0.042352969444444444
0 0.09752764023437499 0.5016179895833334 0.05509194921874999 0.03441178750000004
0 0.198777709375 0.52147094375 0.06104783593749998 0.052941212500000036
0 0.1280515578125 0.5254415354166666 0.083382409375 0.06617651527777785
0 0.44773375703124996 0.5108827013888889 0.1295405296875 0.07941181944444445
0 0.54660148515625 0.5122062319444445 0.04913606250000004 0.05029415277777779
0 0.663187943359375 0.505588579861111 0.029779432031249976 0.0370588486111111
0 0.71232400625 0.49102974652777776 0.023823545312500017 0.02382354583333329
0 0.8195299617187501 0.5002944590277778 0.017867659374999966 0.02647060694444442
0 0.6091382921874999 0.5002944590277778 0.087849325 0.07941181805555557
0 0.045413633984375 0.5241180041666667 0.09082726796875 0.09000006111111113