3 0.729892683203125 0.47273404236111105 0.07778315078125005 0.22734359305555557
3 0.67583998515625 0.47742153888888894 0.030322243749999967 0.11484366944444441
3 0.6362892312499999 0.4328903201388889 0.019775376562499947 0.04921871527777778
3 0.28099162421874996 0.41648408194444453 0.010546867187499975 0.04453121944444444
3 0.333725962109375 0.4129684590277778 0.007910150781249969 0.03281247638888895
3 0.32120155703125 0.4129684590277778 0.009228507812500019 0.03281247638888895
3 0.10960502421875 0.40945283611111116 0.015820301562499983 0.03984372222222221
3 0.16497607890625 0.42117157847222225 0.015820301562500007 0.06796870416666663
1 0.54004906328125 0.4223434527777778 0.0514159796875 0.1031249277777778
0 0.45369658398437496 0.5782027208333334 0.25839825859375 0.3632810000000001
0 0.10094505820312501 0.5946089590277778 0.20189011640625001 0.4382809486111111