4 0.873593755859375 0.29460916388888886 0.04614254609374999 0.04921871666666667
4 0.8742529351562499 0.22195296527777775 0.044824187499999904 0.0867186916666667
4 0.8742529351562499 0.13992177013888887 0.04746090468750008 0.08203119305555553
4 0.6942970046875001 0.37664035902777776 0.022412093749999952 0.044531218055555516
4 0.678476702734375 0.3860153527777778 0.03032224609374996 0.06328120555555555
4 0.299448643359375 0.4305465715277778 0.018457017968750034 0.02578123194444441
4 0.300767001171875 0.40359346527777784 0.018457017968750034 0.028124980555555526
4 0.23418989882812502 0.35085912708333333 0.019775375781249993 0.03515622638888887
4 0.23418989765624998 0.3203903979166667 0.017138657812499992 0.02578123194444445
0 0.346909547265625 0.4657027993055556 0.021093736718750034 0.03515622638888895
0 0.36272984921875 0.48328091250000005 0.029003885937500008 0.05624996111111113
5 0.367344104296875 0.44109344166666664 0.00659179296875001 0.028124983333333298
0 0.236826615625 0.4949996534722222 0.06987299843749999 0.08437494305555554
0 0.1056499484375 0.47742154166666667 0.0263671703125 0.04453121944444444
0 0.13135793828125 0.4797652875 0.027685528125000004 0.03984372222222221
2 0.5855324312500001 0.4223434527777778 0.05537105625000001 0.08437494166666666
0 0.57630392109375 0.5137496416666667 0.09228509218750007 0.1171874194444445
0 0.305381255078125 0.5032027715277778 0.09887688515625 0.12890616250000006
0 0.44908232890625 0.5184371368055556 0.172704959375 0.3140622847222222
0 0.060825759765625 0.5828902166666667 0.12128897890625001 0.33515601944444445
0 0.8887548796875 0.6426558006944444 0.22148422343749993 0.5390621291666666
0 0.043687099609375 0.4574996784722222 0.08701165859375 0.12187491527777783