0 0.017546541796875002 0.40898604861111115 0.035093083593750005 0.05198975277777775
0 0.88382278671875 0.4361715777777778 0.23134840624999997 0.1617186388888889
0 0.058488470703124996 0.40898604722222226 0.05848847109375001 0.0623877027777778
0 0.1252628078125 0.382124675 0.04386635156249998 0.10224651388888889
0 0.26368552265625 0.3578627916666666 0.028269428124999996 0.03985880833333333
0 0.192851972265625 0.4156069381944445 0.14200198359375 0.1934729236111111
0 0.49422757734375 0.4055200625 0.03509308281249997 0.03119384999999997
0 0.773510024609375 0.4349809229166667 0.0653121257812499 0.07971761805555554
0 0.750602041015625 0.42978194791666674 0.07213578046875 0.0693196680555555
0 0.3611663078125 0.4393134013888889 0.21738215000000002 0.3517973194444444
4 0.628751060546875 0.25908226319444444 0.03899231328125001 0.06412069305555555
4 0.555640471484375 0.31887047777777777 0.01949615703125005 0.04852376944444441
4 0.535656910546875 0.3561298 0.016571733593749992 0.012130941666666692
4 0.488866134375 0.35006432777777774 0.012672501562500039 0.01386393611111111
5 0.5605145113281249 0.3691272375 0.005848847656249934 0.04159180000000002
5 0.53565691171875 0.32926842916666665 0.006823656250000009 0.04159179999999998
5 0.18716310664062502 0.30240705625 0.00584884765625 0.025994876388888914
0 0.541505758203125 0.4393134027777778 0.010722886718749968 0.02599487500000003
0 0.649709430078125 0.42198348680555553 0.055564047656250004 0.06065470972222226
0 0.7408539632812501 0.38905664375000004 0.09943040000000006 0.03639282638888888
0 0.6965002050781249 0.43238143472222224 0.055564047656249914 0.07105266111111111