5 0.575429126953125 0.3398102048611111 0.007197863281250072 0.029857798611111146
5 0.40268042499999995 0.36540260625 0.00959715000000001 0.0255923986111111
5 0.472259764453125 0.4229855055555556 0.009597150781250008 0.017061599999999937
5 0.568231263671875 0.34407560277777777 0.007197863281249983 0.03412319999999996
5 0.51084830234375 0.44431250277777773 0.008397506249999954 0.017061599999999937
5 0.44666736093750004 0.4379144041666666 0.00959715000000001 0.012796200000000053
0 0.4510660523437499 0.45959685069444445 0.00959715000000001 0.012796201388888939
0 0.45706427031249997 0.46172955069444443 0.00959715000000001 0.012796201388888939
0 0.46426213164062496 0.4627958999999999 0.009597150781250008 0.01919430000000004
0 0.47086017421875004 0.46172955 0.008397506249999954 0.017061600000000017
0 0.477458215625 0.4649286 0.00959715000000001 0.01919430000000004
0 0.485855720703125 0.4627959006944445 0.014395724218749972 0.023459698611111118
0 0.6100188484375 0.4414689006944444 0.027591806249999972 0.02345969861111104
0 0.59922205546875 0.4819902027777778 0.05878254374999994 0.08744069999999995
0 0.41807584804687503 0.46492859999999997 0.013196080468750005 0.023459700000000003
0 0.44734714843750006 0.47345940208333337 0.012236381250000062 0.027725098611111085
0 0.43127193046874995 0.4798574993055556 0.029991093749999996 0.04905209861111114
0 0.41867566992187494 0.4681276527777778 0.014395724218749972 0.017061600000000017
0 0.40787887617187496 0.46066320069444444 0.011996436718750036 0.019194298611111073
0 0.38028706953125 0.49265370277777776 0.0695793375 0.10876769999999994
0 0.335300429296875 0.5011845 0.04438681953124997 0.0618483
0 0.303509869921875 0.5139807020833334 0.04798575078125 0.06184830138888889
0 0.25012572187500004 0.5214451527777778 0.07317826875 0.08957339999999997
0 0.1589527984375 0.5566347013888888 0.1211640203125 0.11729849999999994
0 0.052184503125000004 0.5971560034722223 0.10436900625000001 0.14289090138888894
0 0.64120958671875 0.4617295520833333 0.05158468281250004 0.06824640138888888
0 0.5410393332031249 0.5139807006944445 0.12476294921875004 0.21113729861111116
0 0.747078148046875 0.4819902006944444 0.09477185703125005 0.13862549861111112
0 0.8340523203125001 0.5001181513888888 0.1751479890625 0.18767759999999994