0 0.500563828515625 0.48567093125 0.010722885156249973 0.020795901388888892
0 0.511774119140625 0.4874039229166666 0.017546541406249984 0.02426188472222219
0 0.517622966015625 0.49086990694444443 0.01949615703125005 0.024261883333333383
0 0.529808064453125 0.4969353777777777 0.016571733593749992 0.036392825
0 0.539068738671875 0.5151317902777778 0.029244235156249944 0.06931966944444438
0 0.47083218945312505 0.48913691458333336 0.02924423515625003 0.031193851388888857
0 0.437201319140625 0.5203307659722223 0.05166481640625005 0.07971762083333331
0 0.3046274515625 0.4874039229166666 0.045815968750000026 0.034659834722222234
0 0.35921669140625 0.5454591451388888 0.13549829062499996 0.16810019861111106
0 0.57611143671875 0.5168647826388888 0.07018616406249993 0.1039795041666667
0 0.624851829296875 0.5411266659722223 0.06823654921874996 0.11784343749999995
0 0.685777319921875 0.5653885506944445 0.11405251796874998 0.18023114027777776
0 0.8483265277343751 0.5684212861111111 0.3012156242187499 0.455776825
4 0.367746259765625 0.43324793055555555 0.00974807890624998 0.01906290833333328