4 0.69643224296875 0.22395011805555554 0.022405171874999928 0.03414121666666665
4 0.28473717890624994 0.3114369875 0.008802032812499982 0.009957858333333331
4 0.278735792578125 0.32210611666666666 0.014403325781249966 0.011380405555555563
5 0.41423731484375 0.3293204881944444 0.006401478125000004 0.015648056944444457
5 0.47025024921874997 0.32789793819444446 0.006401478125000004 0.009957856944444446
5 0.45184600039062506 0.3499474736111111 0.008001849218749957 0.011380405555555523
0 0.382008210546875 0.40115929930555555 0.03360776015624998 0.04267652083333328
0 0.46362705742187504 0.3684406333333334 0.011202586718750051 0.011380405555555563
0 0.47122881328125 0.37057445902777775 0.012002773437500025 0.01280295694444449
0 0.46122650273437493 0.37910976319444445 0.00800184765624996 0.018493159722222194
0 0.46762798125000005 0.3897788930555556 0.01600369531250001 0.03414121666666669
0 0.48083102968749997 0.3748421104166667 0.010402401562499986 0.024183359722222204
0 0.48443186093749996 0.3833774152777778 0.012802956250000008 0.02418336111111109
0 0.49531437421874996 0.38800070555555555 0.022405173437500016 0.03840886944444443
0 0.498115020703125 0.3951134590277778 0.015203510156249943 0.04125397083333332
0 0.5085174226562501 0.3958247340277778 0.016803879687499988 0.05974712916666663
0 0.5249212109375 0.39724728472222226 0.04000923906249998 0.07966283888888886
0 0.540524813671875 0.4029374875 0.042409792968750006 0.08535304166666664
0 0.542125183203125 0.41218406736111113 0.029606836718749995 0.08677559305555557
0 0.564530356640625 0.4200080958333333 0.04881127109375001 0.13940996944444442
0 0.630145507421875 0.4281877625 0.14003233359375003 0.20769240277777778
0 0.813987959765625 0.5092731534722222 0.3672848101562501 0.3442572708333333
0 0.348880560546875 0.4130138916666667 0.04641071640624998 0.04552162222222225
0 0.3148727078125 0.43577470347222225 0.05041164062500001 0.06543733194444441
0 0.2683286296875 0.45142277222222227 0.059213674999999986 0.07397263611111107
0 0.207114493359375 0.4734723083333333 0.10162346484375002 0.11807170833333329
0 0.07073633476562499 0.5306114131944445 0.14083252109375 0.18777669305555558
0 0.42921911953125 0.4345892409722222 0.09122106406250001 0.1408325208333334