0 0.0798523328125 0.5204744958333333 0.08076400156249999 0.06406778333333334
0 0.1864829984375 0.5090338208333333 0.06578385312500001 0.04118643333333331
0 0.15616522382812498 0.5067456854166666 0.03432202578125001 0.04576270138888887
0 0.226230388671875 0.4912498291666667 0.032695300781250006 0.026249988888888885
0 0.246269445703125 0.5015623243055555 0.045351547656250005 0.0356249875
0 0.2805467765625 0.4940623270833333 0.0253124921875 0.03562499027777777
0 0.3079686421875 0.49406232638888886 0.0295312359375 0.028124988888888917
0 0.306386612109375 0.4771873326388889 0.02214843046874999 0.009374993055555574
0 0.33697253789062503 0.4874998305555555 0.030585925781249967 0.02999998888888887
0 0.358593625 0.48562482916666666 0.010546871875000008 0.01874999444444446
0 0.3696678390625 0.4865623305555556 0.007382809374999999 0.016874991666666655
0 0.47144514882812505 0.48562482777777777 0.016874994531249944 0.029999988888888947
0 0.4566795265625 0.48468732847222223 0.012656245312500047 0.028124990277777803
0 0.48673811171875003 0.4828123305555555 0.013710932812500066 0.028124988888888838
0 0.520488100390625 0.47437483402777775 0.013710933593749974 0.014999998611111131
0 0.50519513515625 0.46893734513888885 0.021093743750000015 0.013124990277777786
0 0.534199032421875 0.46874983611111115 0.013710933593749974 0.01124999722222226
0 0.5310349703125 0.48937482916666664 0.01792968124999996 0.02999998888888887
0 0.604757609375 0.49893732986111117 0.030375007812500066 0.06037498749999999
0 0.819122769921875 0.6395310291666667 0.35827720078125 0.4103123472222223
0 0.42082016601562494 0.5214373270833333 0.08648434453124998 0.14062494861111116
0 0.5062498222656251 0.4923748388888889 0.02953123984374999 0.04124998611111105
0 0.564152155859375 0.5188123201388889 0.07783592890625002 0.11062497638888892
4 0.61066384765625 0.4273123541666667 0.01898436562499999 0.03337499166666665
4 0.5874607328125 0.4432498493055555 0.016874993750000032 0.02774999583333329
4 0.5748044859375 0.45281234236111106 0.010546871875000008 0.016874995833333312
4 0.205136646484375 0.46443734513888885 0.013710933593749974 0.02437499305555559