0 0.052190730078125004 0.3000000479166667 0.016237116406249995 0.018556704166666667
0 0.00695876328125 0.2969072659722222 0.0139175265625 0.02061855972222221
0 0.01855670390625 0.30618561805555555 0.013917528125 0.026804130555555538
0 0.0330541296875 0.2979381916666667 0.0173969109375 0.014432991666666655
0 0.030154644140625 0.31134025972222223 0.00927835234375 0.0164948472222222
0 0.05219072890625 0.31030933194444443 0.013917528124999995 0.014432991666666655
0 0.005219072265625 0.31340211319444444 0.01043814453125 0.016494848611111123
0 0.01739691015625 0.34020624236111113 0.0347938203125 0.057731970833333354
0 0.042332481640624996 0.3185567541666667 0.017396911718749998 0.026804130555555538
0 0.0811855796875 0.3350516020833333 0.04175258281250001 0.0556701125
0 0.1159794015625 0.34123716944444443 0.02783505625 0.03917526388888888
0 0.283569635546875 0.3371134576388889 0.01971649765625001 0.03505155138888891
0 0.297487163671875 0.3371134576388889 0.015077322656250036 0.03505155138888891
0 0.310824793359375 0.33917531250000005 0.01623711640625003 0.030927841666666664
0 0.320103146875 0.34948459583333336 0.023195879687499987 0.03505155277777783
0 0.339239747265625 0.3536083034722222 0.028994849218749997 0.04742268749999998
0 0.3722938765625 0.3319588166666667 0.020876293749999997 0.01649485000000001
0 0.404768107421875 0.35257737777777776 0.032474230468750066 0.05360825555555553
0 0.43318306015624997 0.34948459375 0.026675262499999963 0.04329897638888889
0 0.372873773046875 0.3670103694444445 0.05451031796875001 0.07835052777777779
2 0.623737237109375 0.3711340805555556 0.09742269609375001 0.1072165111111111
0 0.5317655515625 0.3927835722222222 0.1055412546875 0.1216495055555556
0 0.943793993359375 0.40824748958333335 0.11100490546875008 0.2061856013888889
4 0.461598014453125 0.3041237625 0.00927835234374994 0.030927841666666664
4 0.50740987734375 0.2525773611111111 0.022036085937499995 0.014432991666666695
4 0.49349234921875 0.2855670576388889 0.05682990624999995 0.05979382361111113
4 0.471456263671875 0.31958768125000003 0.010438146093750067 0.016494848611111123