4 0.25044208203124996 0.5835844576388889 0.007895206249999998 0.024243865277777762
4 0.290276983203125 0.5746525083333334 0.011483935156249991 0.026795850000000045
4 0.33764821874999995 0.5733765152777778 0.00861295156249997 0.02169188055555556
4 0.42808421328125 0.5791184826388889 0.01148393593749999 0.012759929166666635
4 0.410499436328125 0.5721005222222222 0.00789520546875 0.019139894444444396
4 0.16215932500000002 0.5893264256944445 0.01220168281249998 0.02551985694444446
0 0.187331703125 0.5978026576388888 0.014354920312500009 0.011483934722222165
0 0.212811685546875 0.5984406548611111 0.01507266640624998 0.015311915277777801
0 0.22429562148437504 0.6035446270833333 0.013637174218749992 0.025519859722222232
0 0.23829166757812498 0.6048206180555555 0.02296787109374998 0.030623825000000063
0 0.1277637484375 0.61672899375 0.07808261250000001 0.07230447638888886
0 0.1977390203125 0.6092865944444443 0.023685618750000016 0.03189982222222222
0 0.17907762460937499 0.6060966118055556 0.01650815859375001 0.01786389861111112
0 0.30480281171875 0.5958886694444445 0.010048443750000002 0.025519858333333346
4 0.285064796875 0.5926986868055555 0.012201682812500003 0.011483934722222245
4 0.29726647773437503 0.5901467027777778 0.006459714843750008 0.019139894444444472
0 0.360069251953125 0.5965266666666666 0.01866139609374997 0.03445180833333339
0 0.5822116359375 0.6258745013888889 0.11699259687500004 0.13653123611111115
0 0.334708886328125 0.6003546444444445 0.02296787109374998 0.03189982222222222
2 0.38794170664062505 0.5929113784722222 0.048088980468750056 0.08166354305555557