5 0.953239318359375 0.18752957430555559 0.013984805468749962 0.05469612916666669
5 0.7763315222656251 0.1838002951388889 0.01538328671875 0.05718231805555557
5 0.64767130625 0.13407654097222224 0.015383285937499913 0.05718231805555555
5 0.620400934765625 0.13656272569444444 0.011187844531249968 0.04226519027777778
5 0.6602576332031249 0.1353196326388889 0.009789364843749926 0.044751379166666674
4 0.7308809023437499 0.1614246034722222 0.058736185937500004 0.027348065277777778
5 0.679137119921875 0.2733030527777778 0.008390883593749976 0.022375688888888905
5 0.616205493359375 0.25838592430555557 0.008390883593749976 0.027348065277777778
0 0.571454114453125 0.2994080229166667 0.04195441796874997 0.05469613194444444
3 0.680535600390625 0.32799918194444444 0.008390883593749976 0.05220994444444445
3 0.667250036328125 0.3255129951388889 0.009789364843750014 0.05718231805555555
4 0.73787330546875 0.27578923958333335 0.016781768750000037 0.027348062500000006
0 0.7749330417968749 0.3516179659722222 0.03216505390624995 0.034806629166666644
2 0.7952110105468749 0.3329715569444444 0.01398480546875005 0.027348066666666664
0 0.8455563128906249 0.35907652916666666 0.011187844531250057 0.02983425277777781
0 0.8579088839843749 0.3677781868055556 0.02004623671874999 0.032320440277777765
1 0.8210829015625001 0.34788868472222223 0.04335289843749992 0.07209944444444444
1 0.9231719851562499 0.3615627173611111 0.12166781249999996 0.1044198847222222
0 0.34559949765625 0.27578923958333335 0.02657113281250001 0.037292818055555524
0 0.312735203125 0.2745461458333333 0.0447513796875 0.03480663055555553
3 0.25190129609375 0.26335830069444444 0.012586324999999964 0.042265193055555546
3 0.23651800937500003 0.26460139583333336 0.009789364062499972 0.0348066277777778
3 0.226728646875 0.26335830069444444 0.006992403125000024 0.03729281805555556
3 0.21763852148437496 0.26335830208333333 0.00839088359375002 0.032320440277777765
4 0.16519549960937502 0.16639698055555555 0.01538328671875 0.01740331666666667
3 0.9721727125000001 0.5442975159722222 0.05464855468749992 0.27099446250000003
3 0.40643340390625005 0.2969218375 0.12866021562500002 0.44751379166666666
0 0.47845515429687496 0.32551299513888887 0.2503280273437499 0.18646407916666666