0 0.207477933984375 0.5270853479166667 0.03926019453125 0.04591835694444445
0 0.297796335546875 0.5051019333333334 0.03616070546875001 0.04775509166666667
0 0.363918770703125 0.5051019333333334 0.017563771093750003 0.025714280555555608
0 0.350487651953125 0.5152039722222223 0.019630097656250012 0.02755101388888887
0 0.37993279765625 0.5069386694444445 0.016530607812499997 0.022040808333333377
0 0.322592249609375 0.5298978472222221 0.03822703359374997 0.04959183055555556
0 0.45690344609375 0.49499989513888887 0.019630096875000013 0.03857142361111114
0 0.474467215625 0.5060203013888889 0.03202805312500008 0.04959182777777779
0 0.50959476015625 0.5152039729166666 0.03616070468749992 0.053265295833333365
0 0.42849146210937494 0.5326529458333333 0.06818875859375 0.11755099444444449
0 0.729141908203125 0.5693876347222223 0.15497445703124998 0.14326527777777778
0 0.901334876953125 0.7240971256944445 0.19451189921874992 0.5481944458333333
4 0.0926402859375 0.4940815284722222 0.014464281250000011 0.025714281944444414
5 0.28643154296875 0.4334692951388889 0.011364793750000013 0.022040809722222183
5 0.48893150078125 0.4435713333333333 0.011364793749999968 0.01285714166666665
5 0.5028792015625 0.4426529673611111 0.010331629687500055 0.018367343055555572