0 0.44520056445312506 0.5542824069444444 0.04686321640625 0.1292192111111111
0 0.4174651917968751 0.5398302576388889 0.012433099218749976 0.018702781944444444
0 0.390208012890625 0.5729851868055555 0.06886023828124994 0.10881617916666665
0 0.316565814453125 0.6010393576388889 0.11667984765625002 0.14112098194444442
0 0.797152904296875 0.5041249479166667 0.03921208046874991 0.05610834027777779
0 0.8956613000000001 0.6392950458333333 0.20753710468750003 0.2788414555555555
0 0.12979608203124998 0.6169488736111112 0.25959216406249996 0.4148616777777778
0 0.962608753125 0.787217036111111 0.07364219843749993 0.343451061111111
1 0.555663875 0.4288280423611111 0.177888946875 0.2363351375
0 0.634566231640625 0.6042973729166667 0.37968769921874995 0.48768756805555563
4 0.44041860390625 0.49205315624999996 0.008607529687500027 0.006801012499999991