4 0.69896145078125 0.30759061944444444 0.032118578124999964 0.05913896944444445
4 0.701255634375 0.3422582923611111 0.032118578124999964 0.026510570833333347
4 0.708711732421875 0.36367067708333334 0.019500564843750023 0.020392745833333354
4 0.913467667578125 0.22262083263888885 0.029824392968749967 0.05098186805555554
4 0.5871199726562499 0.4421827576388889 0.014912196875000028 0.0101963736111111
3 0.54123628984375 0.5040407659722222 0.01032382968750003 0.03058912361111115
3 0.5286182761718751 0.5040407659722222 0.010323827343750036 0.03058912361111115
3 0.642180391796875 0.5020014902777779 0.01491219609375003 0.07137461666666667
3 0.6479158515625001 0.48262838055555557 0.005735460937499948 0.024471299999999967
3 0.673151878125 0.5009818520833333 0.012618012499999942 0.06117824305555557
3 0.68404925234375 0.4975830493055555 0.013765106249999982 0.06117824305555557
0 0.516573809375 0.5108383381944445 0.009176735937499991 0.03058912361111115
5 0.443733462890625 0.4394637194444444 0.0057354601562500385 0.0224320222222222
5 0.44774827695312497 0.4360649493055555 0.0068825523437500815 0.01835347361111109
2 0.4861758703125 0.47956946736111106 0.07226680000000005 0.1611027097222222
0 0.474704949609375 0.5291918097222222 0.06309006484374997 0.1529456083333334
0 0.5544278484375 0.5016616006944444 0.013765104687499984 0.036706945833333296
0 0.567619407421875 0.5108383381944445 0.026383117968750015 0.055060420833333346
0 0.5779432359375001 0.515936525 0.02179474843750002 0.06525679444444445
0 0.29136138828125 0.530551338888889 0.36477528125 0.5186555777777778
0 0.609297080859375 0.5149168868055556 0.053913327343750074 0.07953171805555555
0 0.807935197265625 0.5332703597222223 0.24318352109375 0.25898789722222215