5 0.329581945703125 0.043682620138888885 0.014040841406249971 0.07072424305555555
5 0.349473137890625 0.05824349305555556 0.014040841406250015 0.06656399166666667
5 0.46472505000000003 0.03952237013888889 0.01287077187500003 0.07072424027777778
5 0.6103987859375 0.08112486527777778 0.011700701562500004 0.05408324444444444
5 0.179812963671875 0.16328979236111113 0.009360561718749993 0.06448386805555559
5 0.447173996484375 0.04888292986111111 0.015210911718749998 0.052003118055555554
5 0.48403120742187494 0.0915254888888889 0.014040842968749967 0.04992299444444445
5 0.467650225390625 0.09048542638888889 0.01404084140625006 0.04368261944444444
5 0.19034359609375 0.1622497298611111 0.011700701562500004 0.04160249583333334
5 0.20087422734375 0.06864411597222222 0.01404084218749999 0.05408324305555556
5 0.173962613671875 0.24753484375 0.01638098203124998 0.020801245833333346
5 0.515623101953125 0.24961496805555555 0.007020421093749984 0.016640997222222214
5 0.5460449257812501 0.25377521805555553 0.011700701562500004 0.016640997222222214
5 0.6279498382812501 0.2932975888888889 0.011700701562500004 0.029121747222222223
5 0.11545910625 0.024961497222222222 0.0210612625 0.049922994444444445
4 0.80989574921875 0.21945316041666668 0.015210912499999906 0.04368262083333335
4 0.8093107140625001 0.25169509375 0.018721123437500077 0.016640998611111138
4 0.7350112585937499 0.3453007055555556 0.0269116140625 0.04160249444444446
4 0.7385214703124999 0.3900233888888888 0.024571473437500036 0.04368261944444443
4 0.6361403296875 0.17993079027777778 0.018721123437499987 0.022881372222222217
4 0.63146004921875 0.20177209930555556 0.018721123437499987 0.020801245833333346
4 0.634385225390625 0.2329739715277778 0.01755105234375005 0.033281995833333355
4 0.6355552941406251 0.26417584236111114 0.012870771093749945 0.029121745833333337
4 0.58114703125 0.2527351548611111 0.014040842187499968 0.022881370833333314
4 0.5577456281250001 0.2350540958333333 0.011700701562500004 0.02080124722222223
4 0.45243931328125003 0.25169509305555554 0.011700701562500004 0.024961494444444437
4 0.46179987421875 0.22361340972222227 0.014040842187499968 0.018721122222222223
4 0.4635549796875 0.25065503125 0.01755105312499996 0.031201870833333346
4 0.038234475390625 0.2017721 0.05382322734375 0.08736523888888888
4 0.62560969765625 0.32137927222222223 0.009360560937499951 0.018721122222222223
4 0.07158147343750002 0.037442245138888886 0.029251753125000002 0.07488449027777777
4 0.07450664921875001 0.11648698541666667 0.030421825000000003 0.08320499027777778
4 0.173962613671875 0.20801247430555556 0.01638098203124998 0.0166409986111111
4 0.729745942578125 0.04680280694444445 0.08424505234374999 0.08944536388888888
0 0.9807259929687501 0.32865970972222225 0.036272176562500036 0.09984598888888886
0 0.98306613359375 0.34530070625000003 0.029251753125000057 0.08320498750000004
0 0.9093517136718751 0.33177989583333334 0.11115666640625008 0.13104785833333338
0 0.8175012062499999 0.3349000833333333 0.1450887 0.1289677333333333
0 0.656031521875 0.31513889930555555 0.03042182500000008 0.039522370833333334
1 0.69815404765625 0.3016180868055555 0.05850350781250002 0.05824349027777779
0 0.323731594921875 0.3359401458333333 0.12168729765624997 0.08528511388888889
0 0.139634463671875 0.4014640736111111 0.27926892734375 0.39938395
4 0.6554464875 0.28185690208333336 0.010530632812499973 0.01456087361111113
0 0.49397680390625 0.45346719305555555 0.3030481734375 0.4451466944444445