0 0.23889521757812499 0.4341891166666667 0.05336147734375003 0.05837836944444451
3 0.285073419140625 0.41959452291666666 0.022576010156249993 0.07662160972222228
3 0.614991015625 0.39405398888888893 0.05028292968750003 0.1970269916666667
3 0.6683524937499999 0.39131750069444443 0.048230565624999944 0.2061486152777778
3 0.72171397109375 0.3758107472222223 0.04002110781249994 0.17513510833333334
3 0.5872840949218749 0.3767229097222222 0.01949746328124995 0.08939187777777775
3 0.5411058933593751 0.3867566923611111 0.015392733593750041 0.06932431249999994
3 0.531870253125 0.3894931777777777 0.011288004687499954 0.060202691666666655
3 0.52212152109375 0.39040534166666674 0.008209459374999995 0.04743242500000006
3 0.5523938984375001 0.3748985854166667 0.011288004687499954 0.03466215416666666
3 0.51493824609375 0.3858445298611111 0.010261821874999999 0.049256748611111095
0 0.3020054265625 0.4086485805555556 0.025654556249999995 0.05108107222222229
0 0.36357636289062495 0.3995269611111111 0.021549827343749994 0.04378377499999999
2 0.41334620234374997 0.37581074791666663 0.028733103124999947 0.05837836805555554
0 0.391796374609375 0.39770263611111106 0.03078546796874999 0.047432424999999986
1 0.45541967421875 0.37581074791666663 0.057466206249999985 0.08391890416666664
3 0.48415277695312503 0.40499993263888895 0.024628374218749992 0.10581079305555556
0 0.33484325859375 0.4132093888888889 0.05028292968749999 0.06385134166666673
5 0.185148424609375 0.18576694166666666 0.00949119140625001 0.05045285555555555
5 0.3420931578125 0.09208608888888889 0.011421250000000027 0.07331125555555555
5 0.57650918125 0.2819668125 0.010261821874999999 0.045390597222222225
5 0.396414194921875 0.33111480833333334 0.007183275781249998 0.020067563888888883
5 0.43540912070312493 0.32837832291666663 0.007183275781250042 0.018243240277777774
4 0.46055058593750003 0.12770268125 0.03899492656249999 0.0437837763888889
4 0.553420080859375 0.24810806666666668 0.027706921093750038 0.02189188888888888
2 0.7991907320312499 0.2882431951388889 0.12519423593749995 0.23351347361111108
2 0.9248980585937501 0.2234796923611111 0.1467440640625 0.3010134625
0 0.969023896484375 0.33749994375 0.05438766015625003 0.11675673749999997
3 0.15619989921875 0.4380794541666666 0.015086920312500007 0.06437085833333332
3 0.20598673515624996 0.4345032951388889 0.012069535937499997 0.0715231763888889
3 0.504707750390625 0.3799668736111111 0.010057946093749947 0.051854302777777764