4 0.5122615234375 0.46704127013888885 0.06141289531250003 0.02252889305555554
4 0.5897587468750001 0.44711186458333335 0.021445773437500027 0.05545573472222224
4 0.600969037109375 0.5094995673611111 0.018521349218749972 0.027727868055555563
4 0.9304540886718751 0.3552633027777778 0.03216865859375009 0.04852376944444441
4 0.15109521640625 0.5346279472222222 0.021445773437500003 0.04332479444444443
4 0.513236331640625 0.5822852208333333 0.014622117968750015 0.03465983333333335
5 0.24370196093750002 0.40552006319444445 0.013647310937500023 0.04852376805555549
5 0.43720131875 0.4471118652777778 0.010722885937499971 0.04159180000000002
5 0.336308707421875 0.5684212861111111 0.005848847656250022 0.024261883333333383
5 0.9319163003906251 0.46097579930555554 0.02144577265624985 0.05545573472222224
5 0.88268850390625 0.2512838 0.030219042187500024 0.07971761944444447
5 0.257349271875 0.4133185270833334 0.01364731093749998 0.05025675972222222
5 0.23200426640625 0.40552006319444445 0.011697693750000005 0.04852376805555549
5 0.9660345757812501 0.46790776666666667 0.031193851562500007 0.048523769444444455
0 0.45913449570312503 0.6126125763888889 0.01949615703125005 0.03639282777777776
0 0.48789132617187503 0.6403404444444445 0.05166481640624996 0.07105266388888888
0 0.508362291015625 0.659403351388889 0.06921135703125003 0.07105266111111111
0 0.39869640859375 0.6758667729166666 0.13452348124999997 0.2079590069444445
0 0.968631069140625 0.6438064263888889 0.0617318414062499 0.11957643055555557
0 0.16279291015625 0.6316754854166666 0.06823654999999999 0.10917847916666663
0 0.103817035546875 0.7521184090277779 0.20568445546875003 0.4193839986111112
6 0.5873217261718751 0.7529849041666666 0.06921135703125003 0.23741986388888886
3 0.657507891015625 0.6498718972222223 0.014622117968750015 0.05892172222222227
3 0.8685537906250002 0.7061941277777778 0.07798462812500002 0.3517973194444444
3 0.9211934136718749 0.6568038638888889 0.03899231328125001 0.21489097222222228