3 0.030019112109375003 0.38343741388888886 0.02582907578125 0.15612241666666662
3 0.055331607421875 0.3751721097222222 0.020663261718750003 0.12489793333333334
3 0.650433521875 0.36690680486111105 0.012397957812499971 0.08265304305555558
3 0.626670771484375 0.37058027361111107 0.012397957031249972 0.06795916944444444
3 0.6013582765625001 0.3751721097222222 0.011364793749999968 0.06244896666666667
3 0.5827613417968751 0.3834374145833333 0.015497446093749988 0.07163264027777778
3 0.5708799671874999 0.38251904652777774 0.016530609374999995 0.07714284027777778
3 0.5429845648437499 0.3935394527777777 0.016530609374999995 0.04775509166666667
3 0.52852028203125 0.3944578201388888 0.014464282812499984 0.049591826388888906
3 0.485700445703125 0.3959070840277778 0.01354398046875005 0.06718422916666664
3 0.499076883984375 0.3959070840277778 0.015500942968749954 0.06718422916666664
5 0.467875662890625 0.23556777013888888 0.010955632031250051 0.03670962083333333
5 0.50837360234375 0.3457843611111111 0.00929846718749996 0.025714280555555566
5 0.37642117460937496 0.19126564513888888 0.012846235156249986 0.04822115972222224
5 0.45568228710937503 0.24017213888888891 0.011364792968749971 0.034897952777777755
5 0.5016756992187499 0.20546229444444444 0.010366943749999979 0.035274166666666676
5 0.5814177468749999 0.3113436236111111 0.023141885937500016 0.028473319444444437
5 0.207723155859375 0.3072129395833333 0.013431119531250025 0.03306121527777776
5 0.2046236671875 0.2805802923611111 0.015497445312499991 0.049591826388888906
4 0.4412180046875 0.2640496840277778 0.01963009843750001 0.023877545833333336
3 0.247383115625 0.4129619993055556 0.04019377500000001 0.18211036805555558
4 0.378711640234375 0.36874354027777784 0.008265303906249999 0.01653061111111111
0 0.3704463359375 0.3806823125 0.008265304687499997 0.02938774999999999
0 0.3632141953125 0.38802925 0.010331631250000006 0.036734686111111144
0 0.35373528359375 0.3909038013888889 0.0141033953125 0.04248378888888896
0 0.283785833984375 0.40956020833333334 0.04777588828124997 0.09449047777777776
0 0.22683667226562498 0.41833536597222226 0.09298467421875001 0.14510200972222226
0 0.38697694453125 0.37792721041666666 0.014464282812499984 0.02755101249999999
0 0.449999890234375 0.3944578201388889 0.07232141328125001 0.060612231944444435
0 0.130235927734375 0.4697639256944445 0.20146679453125 0.22224484861111116
0 0.32808665078125 0.4008863895833334 0.03926019531249998 0.05510202916666671
0 0.015784428125 0.5239475881944445 0.03156885625 0.3195917680555555
1 0.817805934765625 0.3788455777777778 0.36160706640625007 0.7530610638888889
0 0.402474390234375 0.3724170083333334 0.02479591328124999 0.0202040777777778