4 0.417417554296875 0.32033040833333337 0.08194700859374997 0.06070148888888889
4 0.475463351953125 0.2851235472222222 0.03414458828124998 0.01942447500000001
4 0.5082421546875 0.2851235472222222 0.03414458593750007 0.01942447500000001
4 0.492535645703125 0.3215444402777778 0.06555760703125006 0.053417308333333344
4 0.616139049609375 0.4113826402777778 0.012292050781250018 0.01942447499999997
2 0.27674185546875 0.49757875625000003 0.19120968593749998 0.24037789583333335
2 0.4201491203125 0.445375475 0.04643663906249999 0.10683461944444446
1 0.479560701171875 0.4575157708333333 0.07511809140625 0.14568357222222225
0 0.5731168699218749 0.4368772645833333 0.016389400781249997 0.026708654166666672
0 0.6058956734375001 0.43323517638888887 0.02185253593750005 0.024280594444444463
0 0.646869178125 0.43809129513888884 0.021852535937499962 0.01456835694444444
0 0.670087496484375 0.4478035326388889 0.024584102343750035 0.033992831944444406
0 0.687842681640625 0.45265965069444447 0.03551037109374997 0.03399283194444449
0 0.71174389375 0.45872980416666664 0.025949885937500028 0.031564772222222204
0 0.7322306453125 0.45994383055555554 0.039607721874999946 0.04370507222222228
0 0.7916422277343751 0.46844203958333336 0.04097350390625003 0.026708654166666672
0 0.8339815144531251 0.47087009722222223 0.04097350390625003 0.02185253888888891
0 0.881783933984375 0.47451218958333335 0.05463133671874996 0.019424476388888934
0 0.9500731101562501 0.5072909930555555 0.07648387500000009 0.08498208333333339
0 0.51985131484375 0.4563017402777777 0.019120968749999977 0.04127701111111111
0 0.560141926953125 0.4830103986111111 0.05326555703125004 0.08012596111111113
0 0.6256995324218749 0.5000068111111111 0.09150749296875 0.12383103333333333
0 0.4064912859375 0.47572621527777775 0.04916820468749994 0.07526984166666671
0 0.381907183984375 0.50122084375 0.04370507265625001 0.09226626249999993
0 0.100128990625 0.635978145138889 0.20025798125 0.3083635569444445
0 0.8449077824218749 0.6371921777777778 0.30866706484375 0.325359975
0 0.9883150457031251 0.5303575576388889 0.01912096796874998 0.05341730694444446
4 0.344460584375 0.34005055625 0.01817145156250004 0.05440809027777777