4 0.17474035937500002 0.3738670458333333 0.013000376562499994 0.014954683333333286
4 0.15944579882812498 0.3874622118055555 0.009941463281250007 0.01767371250000001
4 0.153710338671875 0.4309667409722222 0.02905966484375 0.020392748611111164
4 0.643136291796875 0.4649546541666667 0.02523602578124997 0.01631419722222221
5 0.193476196875 0.2791087486111111 0.010706192187499996 0.053021144444444425
5 0.6445128152343751 0.4332779138888889 0.012235649218750044 0.04214501388888887
5 0.670513569140625 0.20773413125 0.016824016406249954 0.10060422083333331
5 0.2049471171875 0.2854984722222222 0.010706193750000014 0.050302111111111124
5 0.6960937082031251 0.21276433819444446 0.027530208593749973 0.10740180694444444
3 0.053832672656250004 0.6777455451388888 0.0726491640625 0.40377640972222234
3 0.033225341796875 0.6772790930555556 0.06645068359375 0.4047093138888889
3 0.464516514453125 0.7006041784722222 0.07330233828125002 0.37522656249999997
3 0.437806809765625 0.6967522243055555 0.09329682265624997 0.3521147847222222
3 0.6274593656249999 0.7171449722222222 0.05047205156250003 0.34395768333333326
3 0.664548675 0.7117069069444445 0.10323828593749998 0.37658608055555554
3 0.97388117265625 0.749773367361111 0.052001506249999885 0.42009060972222223
3 0.584294705078125 0.6146006027777777 0.02676548203125 0.09652567500000002
3 0.52005754921875 0.620718426388889 0.022177114062500003 0.0842900277777778
3 0.31893407109374994 0.5901293048611111 0.014529832812499999 0.07477340972222224
4 0.236725805078125 0.5513830819444444 0.024471296093750004 0.04622356111111109
0 0.8221005765625 0.6431044263888889 0.162887075 0.1305135888888889