0 0.844779782421875 0.6186050298611111 0.2801291710937501 0.15790479027777782
0 0.99411693515625 0.6350895965277779 0.008784539062500051 0.05899739583333338
3 0.1727625890625 0.5830330708333333 0.054659349999999975 0.1839330527777778
0 0.264024184375 0.4251282805555555 0.04587481250000001 0.038174783333333316
0 0.347477298828125 0.4511565437499999 0.03318603515624998 0.0381747847222222
0 0.349917448046875 0.4806552409722222 0.026353614843749984 0.04511565416666667
0 0.355285778125 0.5092863284722222 0.027329674999999963 0.05379174305555555
0 0.371390765625 0.5231680680555556 0.04587481250000001 0.06767348055555553
0 0.38554363203125 0.5370498083333334 0.05856358906249999 0.07808478611111111
0 0.40799300898437496 0.5656808979166666 0.08589326484374996 0.11105391805555556
0 0.163001991796875 0.4233930631944445 0.01952119609374998 0.03470434861111108
0 0.183987278125 0.4251282805555555 0.028305735937499986 0.038174783333333316
0 0.2083887734375 0.43033393333333336 0.040018453125000006 0.04164521944444444
0 0.20692468398437502 0.4754495868055555 0.03318603515625 0.05205652361111114
0 0.199116205078125 0.4962721979166667 0.027329675781250007 0.06246782916666665
0 0.1742266796875 0.5023454597222222 0.05173117187500002 0.06767348055555553
0 0.148849124609375 0.5353145909722221 0.026353616406250002 0.08155522083333334
0 0.137136405859375 0.5448582861111111 0.030257855468750018 0.1075834833333334
2 0.06441994882812499 0.5422554597222222 0.12883989765624998 0.2516065333333333