0 0.3749057390625 0.40551028611111106 0.011476707812500032 0.01870278055555556
0 0.363907228515625 0.40891079375 0.016258667968749974 0.03230480416666666
0 0.35721248320312504 0.40891079375 0.018171450781249997 0.03910581249999999
0 0.339997425390625 0.4055102868055556 0.021997021093749992 0.05950884861111116
0 0.322782364453125 0.41401154861111106 0.03156094140625001 0.07311086666666672
0 0.306523696875 0.4157118048611111 0.0353865125 0.08331238749999999
0 0.277353734375 0.4165619305555555 0.05929631875000001 0.10541567500000003
0 0.24914016523437504 0.43186420555555555 0.06407827734375 0.11561718888888887
0 0.164499455859375 0.4344145847222222 0.17023780859375 0.1904283111111111
0 0.0486166015625 0.46841964027777777 0.097233203125 0.30774575555555556
0 0.385744859765625 0.40437680277777777 0.01338949140625001 0.01870278333333333
0 0.40869827187499996 0.40692718194444444 0.00956392187499997 0.017002527777777724
0 0.42113137031250003 0.4120279416666667 0.01912784375000003 0.02380353888888891
0 0.442171998828125 0.4196790770833333 0.02295341328124998 0.05270783749999997
0 0.46177803750000007 0.4281803430555556 0.04112486562499997 0.05950884999999996
0 0.834213617578125 0.6024638173611111 0.32530481328125005 0.5968089791666666
0 0.395642064453125 0.4120456361111111 0.025822588281250038 0.039105813888888875
4 0.16832502421875 0.22443336666666663 0.024866196875000003 0.030604549999999973
4 0.43228926874999996 0.38850775972222223 0.009563921875000058 0.01870278055555556
4 0.44950432851562494 0.3834070013888889 0.011476707031250033 0.01870278055555556
4 0.619263943359375 0.2524875368055555 0.03921208046875 0.08331238750000003
4 0.9133545542968751 0.21435329861111113 0.05547074765625002 0.11051643055555556