0 0.903159469140625 0.6654688222222223 0.18813791484374995 0.3812581805555555
0 0.14475896523437498 0.6576703590277778 0.28756831484375 0.4384469069444445
0 0.28561869843750004 0.56668829375 0.12477540312499999 0.23222089027777781
0 0.354830055859375 0.5493583777777777 0.05458923984374997 0.1282413888888889
0 0.367015153515625 0.5363609402777778 0.05556404609375001 0.10224651388888893
0 0.38212467578125003 0.5172980291666667 0.05263962343749999 0.08491659444444445
0 0.3962593890625 0.5086330722222223 0.04191673749999998 0.07798462777777779
0 0.498126809375 0.48437118749999997 0.01754654218749998 0.03292684166666662
3 0.418679969921875 0.5116658069444444 0.010722888281249964 0.04505778333333331
1 0.47100480781250004 0.48437118749999997 0.039967121875 0.0745186444444444
0 0.51925779453125 0.4982351208333333 0.037042698437500035 0.04679077777777773
0 0.554838282421875 0.5155650402777777 0.038017505468750025 0.07451864444444449
0 0.58310770859375 0.5268294854166666 0.06141289531250003 0.09011557083333328
0 0.598217230859375 0.5458923944444444 0.05458923984375001 0.09358155555555554
0 0.6645041636718749 0.5562903451388889 0.12477540390625004 0.15596925416666668
0 0.767833796484375 0.6143455673611111 0.2261554210937499 0.20276003472222218
4 0.9584087296874999 0.26428123819444443 0.041916737500000065 0.04332479305555555
4 0.58262030546875 0.4592428076388889 0.007798464062499999 0.017329918055555598
3 0.42665104960937494 0.5008346097222222 0.015596925781250003 0.03812581944444441
3 0.44322278359375 0.4739732368055556 0.01754654218749998 0.02252889305555554
3 0.44078576328125 0.48610417916666665 0.016571732812499997 0.025994874999999952