5 0.40249080312499996 0.42048095902777777 0.008265304687499997 0.027551015277777757
5 0.40765661875000003 0.4213993236111111 0.008265306250000038 0.025714280555555528
5 0.47894486914062495 0.4765013527777777 0.00826530546875004 0.014693874999999995
5 0.55591551640625 0.4213993222222222 0.007232142187499946 0.018367341666666606
5 0.5595315875 0.42139932569444444 0.008265306250000038 0.02204081249999995
0 0.49550499453125 0.5179590743055555 0.010331629687500055 0.02204081250000003
0 0.480007550390625 0.517959073611111 0.02686223984374996 0.04040815555555552
2 0.44488000546874995 0.5106121354166666 0.045459173437499965 0.0697959041666667
2 0.159869069921875 0.5142856055555555 0.24382647890625 0.26448974166666667
0 0.423670645703125 0.5288482805555555 0.027895402343749966 0.05693876111111109
0 0.40249080312499996 0.5343584847222222 0.04132652187499999 0.06061223055555555
0 0.36116428125 0.5472156263888889 0.051658153124999995 0.06795916944444448
0 0.31363878125 0.5536441972222222 0.06612243437500002 0.09551018333333335
0 0.333146470703125 0.4623758104166667 0.049347008593750005 0.09437351527777772
0 0.049456225390625004 0.5840815090277778 0.09891245078125001 0.2204081152777778
4 0.600596473828125 0.4508608729166667 0.013431121093750064 0.018367343055555572
0 0.619193408203125 0.5243302465277777 0.04442601015625005 0.11755099305555561
0 0.645539065625 0.5362690180555556 0.05785712968750003 0.15979588333333336
0 0.716310733984375 0.5491261597222222 0.13534435703124997 0.23693872777777772
4 0.7953477078125 0.3516772215277778 0.02892856562499997 0.03673468472222226
0 0.867856958984375 0.5868366097222222 0.2634565773437501 0.5932651805555555
0 0.535768837109375 0.5318669 0.08471936953124999 0.12594525833333334