5 0.709458126171875 0.2805466743055556 0.007910150781250014 0.03046872638888887
5 0.51895532734375 0.3602341201388889 0.009228507812500019 0.02578123194444445
5 0.84590822734375 0.2512498201388889 0.011865225000000024 0.03281247638888891
5 0.7028663339843749 0.2805466743055556 0.010546867968750017 0.03046872638888887
5 0.5031350265625 0.3192185236111111 0.009228510937500012 0.028124980555555564
4 0.67452162734375 0.34968725138888884 0.014501943750000024 0.018749986111111106
4 0.445127253125 0.32624976875 0.009228507812500019 0.03281247638888887
4 0.865024425390625 0.2559373173611111 0.015820300781249942 0.014062490277777803
0 0.5523921984375 0.39592605416666665 0.013183584375000024 0.016406238888888917
0 0.551733019140625 0.40881666875 0.014501942968750025 0.01874998750000003
0 0.528661745703125 0.41116041875000003 0.02373045234374995 0.02343748750000003
0 0.49899868046875007 0.40881667083333334 0.04350582968749998 0.028124980555555606
0 0.47592740703125 0.41936353749999994 0.03427732031249997 0.025781233333333296
0 0.4521969546875 0.40764479583333335 0.026367168750000048 0.01640624166666669
0 0.467358077734375 0.42522290972222215 0.05668941484375001 0.03281247777777775
0 0.638744678125 0.4064729222222222 0.009228509374999926 0.023437483333333377
0 0.6730219984375 0.4064729215277778 0.025048810937500044 0.02812497916666672
0 0.65192826328125 0.4031247229166667 0.022412095312500036 0.03281247638888887
0 0.796947693359375 0.40898409444444445 0.046142544531249996 0.07265619999999996
0 0.585351160546875 0.4019528472222222 0.010546867968749929 0.021093733333333375
0 0.5682124996093749 0.4148434645833333 0.02373045390625004 0.0374999736111111
1 0.6103999714843751 0.39374972986111106 0.04482418828124999 0.0703124541666667
2 0.220256499609375 0.3192185236111111 0.44051299921875 0.543749625