0 0.52755117734375 0.4763211826388889 0.011462274999999966 0.02037737638888891
0 0.5361478828124999 0.4788683548611111 0.020058979687499968 0.02547172083333338
0 0.485284040234375 0.46613249375 0.018626196093750026 0.0254717208333333
0 0.470956197265625 0.47759476874999995 0.015760627343750055 0.043301926388888905
0 0.45591196171875004 0.4839626986111111 0.028655685937500053 0.066226475
0 0.431554628515625 0.49033062916666664 0.04298352890624999 0.10443405555555556
0 0.387711441796875 0.49669855972222227 0.08310148984375001 0.1528303277777778
0 0.27824671875 0.5196231083333334 0.19199309687500002 0.27000024166666664
0 0.557639647265625 0.4839626979166667 0.04584909765624996 0.05094344027777779
0 0.56480356875 0.4954249736111111 0.03438682343749999 0.05349061388888888
0 0.585578941796875 0.4979721458333333 0.03868517734375008 0.05349061388888888
0 0.599906783984375 0.5145287638888888 0.032954038281249966 0.066226475
0 0.6229746425781251 0.5145287631944444 0.04298352890624999 0.07641516249999998
0 0.6681073480468751 0.5247174520833333 0.09313098046875004 0.1171699152777778
0 0.780580915625 0.5578306895833334 0.19485866562499998 0.2088681125
0 0.130383371875 0.5858495930555556 0.26076674375 0.4567928694444445
0 0.9016989375 0.66778363125 0.19485866562500007 0.3183965125
0 0.5062647957031251 0.48291567222222226 0.028054147656250007 0.047607038888888946