4 0.7811689234375001 0.26973184930555555 0.026397743750000036 0.0782155347222222
4 0.6777777640625 0.2869392666666667 0.0360769140625 0.056315186111111144
4 0.6307017890625 0.3315221201388889 0.014078796874999976 0.020336037499999984
1 0.64346069921875 0.42538076319444446 0.0747936046875 0.07665122638888885
0 0.4906680328125 0.5984605979166666 0.28861532343749996 0.5193511513888889
7 0.745120278515625 0.6496582229166666 0.11790991796875003 0.23933953472222227
3 0.117249975 0.5005794208333334 0.035196990625 0.0860370888888889
3 0.08733253203125 0.47163967291666664 0.014078796874999999 0.06570104861111112
3 0.07457362304687501 0.4599073437500001 0.02023826953125 0.08290846805555556
3 0.06753422539062501 0.4778969159722222 0.027277667968749995 0.10011588472222223
3 0.343830600390625 0.4614716527777778 0.011439021093750012 0.05787949722222218
3 0.3332715046875 0.4583430333333333 0.009679171875000003 0.06726536111111112
3 0.32271240625 0.4575608756944444 0.013198870312500022 0.050057943055555554
3 0.29939440078125 0.4489571680555555 0.012318946875000014 0.04223638888888885
3 0.282675830078125 0.4622538104166667 0.012318946093749972 0.04380069861111117
3 0.245718990625 0.4606894986111111 0.012318946874999969 0.046929322222222285
3 0.23252011953124999 0.45990734305555553 0.017598495312499997 0.06100811666666665
3 0.22592068359375 0.4669467409722223 0.014958720312499984 0.043800698611111084
3 0.21492162304687498 0.4685110527777777 0.012318947656250013 0.05005794166666667
3 0.6254065246093751 0.4505214791666666 0.011439021093749968 0.05162225277777779
3 0.659723591015625 0.4591251881944444 0.01671857109374999 0.06882967083333334
3 0.6821616718750001 0.4395713034722222 0.015838646874999984 0.03597914583333335
3 0.8655618199218751 0.46564314999999995 0.02463789296875003 0.1032445055555555
3 0.78988828984375 0.47190039375 0.02111819531250001 0.10011588472222223
3 0.774929569921875 0.4672074611111111 0.015838646093750075 0.07508691388888886