3 0.073515344140625 0.4026357118055556 0.013727399218750002 0.04104353750000003
3 0.59070360546875 0.4242667645833333 0.014351371874999953 0.08430564305555556
3 0.777271440234375 0.41927498472222224 0.03307055234374996 0.14309773611111107
3 0.403058004296875 0.5313127465277778 0.08548425859375004 0.3427689986111111
2 0.326649703515625 0.3566350569444445 0.18531988984375003 0.12978631944444444
3 0.262255715234375 0.39268681388888893 0.013103427343749984 0.03993425277777776
1 0.06508034453125 0.3838125354166667 0.0730048046875 0.0887427819444444
0 0.013602596875000001 0.4182003631944445 0.026206853124999995 0.03771568472222226
4 0.9563941433593751 0.012756776388888889 0.06114932421875015 0.024404263888888892
4 0.8921249554687499 0.17193914236111113 0.021215071875000113 0.0343878263888889
4 0.839399263671875 0.2407148 0.013103427343749984 0.02329498055555557
5 0.909284204296875 0.23738694375 0.045550007031249964 0.052136384722222255
0 0.9843949179687499 0.6177131777777778 0.02995068906249987 0.15117969166666667