0 0.377231792578125 0.36960911319444445 0.023730452343749996 0.03984372083333337
0 0.34625036953125 0.37429661180555557 0.040869114062499975 0.06796870416666666
0 0.321860736328125 0.39304659791666663 0.05009762109375 0.1148436708333333
0 0.26451214296875003 0.40124971666666664 0.11997062187499999 0.17343738055555555
0 0.422055980859375 0.3778122340277778 0.015820300781249942 0.02343748194444449
0 0.433262026953125 0.37664035902777776 0.01713866015624994 0.03046872916666672
0 0.44776397070312496 0.37546848402777777 0.01713866015625003 0.02812497916666672
0 0.46028837578125004 0.37781223333333336 0.018457018750000033 0.042187472222222216
0 0.470176063671875 0.37898410624999995 0.022412094531249947 0.039843720833333325
0 0.498520771484375 0.36843723958333335 0.05273433828125 0.08437494305555554
0 0.5156594312499999 0.3871872263888889 0.044824189062499985 0.07499994722222224
0 0.547300034765625 0.39773409722222225 0.05800777265625001 0.0867186916666667
0 0.563120336328125 0.40945283541666666 0.05009762109375 0.09609368194444445
0 0.627060722265625 0.4199997048611111 0.13051748828124995 0.1499998986111111
0 0.12361215820312502 0.4343978527777778 0.24722431640625003 0.36026593333333334
0 0.8858730601562501 0.5571089861111111 0.22724785781250006 0.3773434916666667
4 0.22891646484374997 0.2524216965277778 0.019775378124999986 0.08671869305555559