4 0.5156231023437501 0.5293917465277778 0.011700701562500004 0.018721123611111067
0 0.585242277734375 0.6042762368055555 0.01287077265624994 0.02288137361111116
0 0.575296680859375 0.6011560493055556 0.018721122656249988 0.029121748611111147
0 0.5554054875000001 0.6042762368055555 0.039782384374999945 0.04784286805555556
0 0.5483850671875 0.6157169236111112 0.03042182500000008 0.04992299444444441
0 0.5343442246093749 0.6292377333333333 0.03276196484375005 0.0686441138888889
0 0.62677976875 0.6053162993055555 0.014040840624999973 0.0291217458333333
0 0.49046659414062505 0.6261175458333332 0.09009540390625004 0.12064723333333337
0 0.6068885753906249 0.603236173611111 0.016380982031250026 0.02080124722222223
0 0.6443308203125 0.6084364868055556 0.03510210468750001 0.03536212083333336
0 0.31612613984375 0.6791607284722221 0.24688480468750001 0.28913734027777777
2 0.733845259765625 0.6090612458333333 0.10880838203124998 0.1505995888888889
2 0.9064265386718751 0.6864411645833334 0.18487108515625011 0.3827429513888888