0 0.1040806375 0.31836022013888887 0.208161275 0.30241030972222216
0 0.666800960546875 0.2890123847222222 0.34738905859375 0.424905625
0 0.45434814843750004 0.24435263333333335 0.18661395781249998 0.2258507361111111
0 0.158995675 0.22010876805555557 0.07105685312499999 0.10080343611111112
0 0.263427716015625 0.2500946034722222 0.11053288203124997 0.13525524305555553
0 0.33663780664062504 0.21691878680555557 0.06603263203125001 0.058695670833333345
0 0.30254487265624996 0.18693295555555553 0.04234701250000002 0.03700379166666667
0 0.21462098984375003 0.2162807923611111 0.018661395312500016 0.03445180694444443
0 0.40733578632812495 0.19076093402777777 0.02368561796874995 0.044659748611111126
3 0.377908200390625 0.22457474444444445 0.023685617968749996 0.05359170000000001
3 0.201701561328125 0.2443526361111111 0.024403363281250014 0.14163520833333335
3 0.7884589070312501 0.15439513611111114 0.04091152187500002 0.12249531388888889
3 0.8218340953125001 0.1760870152777778 0.027274348437500075 0.05614368611111112
3 0.913705580859375 0.22521274166666663 0.030145330468750054 0.17481102222222222