1 0.0789594359375 0.2634147423611111 0.154019640625 0.1282413875
0 0.083346070703125 0.42458297361111114 0.16474252578125 0.25301679444444447
0 0.17351579648437498 0.3483313361111111 0.18326387421874998 0.19409507222222225
2 0.511286715234375 0.25994875902777775 0.014622117968750015 0.031193851388888857
0 0.524934025 0.30240705625 0.045815968749999936 0.05372274305555559
0 0.557102683984375 0.29807457708333335 0.03606788984375005 0.051989751388888866
0 0.5863469195312501 0.2842106423611111 0.028269426562499957 0.03465983194444446
0 0.6579952960937501 0.31800398194444446 0.03899231406250001 0.060654711111111106
0 0.6107171156250001 0.34313236180555556 0.08480828281250004 0.12477540416666666
0 0.91095793203125 0.33793338611111107 0.09845559218749997 0.06931966944444443
4 0.30121562421875 0.2703467090277778 0.015596925000000006 0.034659834722222234
4 0.15596925546875 0.10224651250000001 0.04484116093749999 0.024261886111111113
4 0.139884926171875 0.06931966875000001 0.020470964843749995 0.020795901388888892
4 0.152557427734375 0.04765727152777778 0.010722886718749991 0.025994873611111115
4 0.0389923140625 0.06758667777777777 0.038992314062500005 0.09358155277777777
4 0.975295249609375 0.07018616458333334 0.02047096484375004 0.04332479305555557
4 0.9884551558593749 0.11697694097222223 0.01949615703124987 0.039858809722222235
4 0.9635975562500001 0.12130942013888889 0.01852134999999997 0.031193848611111127
5 0.962622748046875 0.20016054375 0.024370196093749998 0.039858809722222215
5 0.9324037042968751 0.20189353680555555 0.014622116406250107 0.04332479583333332
5 0.7023490535156249 0.20535951875000003 0.00877327109374999 0.025994873611111104
5 0.368477365234375 0.04765727291666667 0.015596924218750008 0.05372274305555555
5 0.7081979 0.2400193541666667 0.008773270312499993 0.022528891666666696
5 0.69601280234375 0.2400193541666667 0.007798464062499999 0.01906290833333332
5 0.288055718359375 0.23048789930555552 0.014622117968750015 0.01732991805555556
5 0.131111655078125 0.17849814791666666 0.03021904296875 0.038125818055555566
5 0.296828988671875 0.13517335486111112 0.010722885156249973 0.0415918013888889
3 0.28171946757812505 0.31800398125 0.011697694531250002 0.04332479305555555
0 0.27050917734375 0.30154056041666666 0.016571734375000036 0.06585368472222221
0 0.24467676953125 0.28161115625000005 0.009748078124999981 0.05372274583333332
0 0.234441287109375 0.28681013125 0.01462211796874997 0.039858809722222215
3 0.025345004296875 0.266880725 0.031193852343750002 0.05892171666666665
3 0.70966011171875 0.3145379972222222 0.01169769374999996 0.05025675833333333
3 0.6584827003906251 0.2798781631944444 0.00877327109374999 0.025994873611111104
3 0.67602924140625 0.27987816388888886 0.006823656250000009 0.01906290833333332
3 0.624851829296875 0.2729461979166667 0.009748078906250068 0.015596926388888871
3 0.643860581640625 0.28161115555555555 0.010722885156249973 0.012130941666666692
3 0.736954731640625 0.31280500625 0.011697694531250047 0.05718872638888889
3 0.76132492734375 0.3162709902777778 0.015596925000000006 0.07105266111111111
3 0.779846276171875 0.31280500694444446 0.011697694531249959 0.07451864444444445
3 0.790569162890625 0.31107201458333333 0.00974807890624998 0.06758667638888889
3 0.8914617753906249 0.3387998826388889 0.020470964843749863 0.11957642916666668
3 0.91924379921875 0.29547508958333335 0.013647310937500023 0.039858809722222256
3 0.970908614453125 0.34746484097222224 0.0331434664062499 0.14383831250000004
1 0.41673035390625 0.2746791881944444 0.18423868281250005 0.29287560138888885
3 0.992229117578125 0.35350385069444445 0.012802957031249918 0.1436776208333333