4 0.5387307046875 0.3438278826388889 0.040869112499999985 0.02109373749999999
4 0.503135026171875 0.34265600763888887 0.02768552734375005 0.0374999736111111
0 0.42798859296875 0.40945283541666666 0.01713866093749994 0.021093737500000032
0 0.36075231171875 0.41414033333333333 0.027685528125000004 0.016406238888888917
0 0.33768103828124996 0.4141403340277778 0.018457018749999988 0.021093737500000032
0 0.315268944140625 0.41062471041666665 0.023730452343749996 0.02812497916666672
0 0.12410696601562501 0.4141403333333334 0.055371055468749986 0.03984372222222221
0 0.15706592890624999 0.4164840805555556 0.076464790625 0.03515622777777783
0 0.22562056757812501 0.43640594375 0.06855463984374999 0.0937499375
0 0.52422876171875 0.4117965847222222 0.011865226562499932 0.016406238888888917
0 0.55323264765625 0.40945283541666666 0.014501942187500028 0.021093737500000032
0 0.5037942046875 0.4223434527777777 0.021093735937500035 0.042187472222222216
0 0.044255643750000004 0.4117965847222222 0.08851128750000001 0.06328120555555551
0 0.537412346875 0.41296845833333334 0.01713866093749994 0.028124983333333374
0 0.47083524375 0.4352340694444445 0.06328120625000003 0.10078118333333334
0 0.40030306601562504 0.4328903194444444 0.051415980468750046 0.06796870555555559
0 0.272422294140625 0.45632780416666663 0.11733390390625002 0.1289061611111111