5 0.42398422656250007 0.39281236319444446 0.008437496875000061 0.024374990277777737
5 0.390761582421875 0.39187486388888887 0.007382808593750001 0.02249999166666667
4 0.293203021875 0.30374989444444445 0.023203115624999972 0.014999997222222205
4 0.28265615078125 0.2821874013888889 0.014765618749999997 0.016874994444444465
4 0.24521475742187498 0.33843738194444445 0.017929680468749966 0.013124997222222214
4 0.48357404921875 0.35437487638888887 0.01792968125000005 0.014999994444444473
4 0.48937482890624995 0.3374998819444444 0.010546871875000008 0.018749994444444418
0 0.45483112226562505 0.41460683472222226 0.024790553906249978 0.04266102777777776
0 0.388652208203125 0.4190623548611111 0.009492185156249989 0.022499993055555556
0 0.382324084375 0.4218748520833333 0.01371093281250002 0.020624993055555527
0 0.323261605859375 0.41156235486111115 0.04957029609374999 0.07874997083333339
0 0.29689442734375 0.42187485277777775 0.058007792187500004 0.08812496944444442
0 0.23624991718750002 0.43874984652777776 0.07593747343750001 0.14062495138888892
0 0.11181782109375 0.4468943756944444 0.186679621875 0.25312490972222224
0 0.36863413828125 0.4243943833333333 0.023203117187499966 0.02437498888888893
0 0.407130217578125 0.4168943847222222 0.017929680468750007 0.0318749888888889
0 0.43349739726562503 0.4225193826388889 0.02003905546875 0.024374990277777737
0 0.014259260546875 0.4853318611111111 0.027421863281249997 0.20624992777777781
0 0.8448043925781249 0.4640623381944445 0.30796864296875004 0.5381248125000001