4 0.50466262890625 0.31350690138888887 0.009597151562499916 0.02985780000000003
4 0.5052624515625 0.33376755138888886 0.013196081250000002 0.01066349999999999
4 0.3109201625 0.32310405138888887 0.015595368749999982 0.01066350000000003
4 0.31811802499999997 0.34336470138888886 0.015595368749999982 0.01706159999999998
5 0.310320341015625 0.36469170000000006 0.014395725781249969 0.02132699999999998
5 0.36790324218750003 0.2953789506944444 0.007197862499999985 0.027725098611111085
4 0.48066975351562496 0.36042630138888887 0.007197863281249983 0.017061600000000017
4 0.4818693968750001 0.3433647006944444 0.00959715000000001 0.012796201388888899
0 0.4878676171875 0.4222746 0.016795012500000085 0.06824640000000007
0 0.366703598046875 0.4180092020833333 0.014395725781249969 0.04265400138888893
0 0.35950573593749996 0.42334095138888883 0.01919430156249997 0.07464449999999997
0 0.330714284375 0.4308054013888889 0.06238147500000002 0.08957339999999997
3 0.283928180078125 0.4190988694444444 0.016795013281249993 0.053364133333333306
3 0.26233459140625 0.4276063513888889 0.014395726562499966 0.04905209999999995
0 0.232415387890625 0.4180092013888889 0.07423412890624999 0.03412319999999996
0 0.42908507226562503 0.4254736513888889 0.10316936328125004 0.2068719
0 0.5064620957031251 0.44146890000000005 0.034789669531250046 0.07251180000000003
0 0.55444784609375 0.4481846756944445 0.08037613124999998 0.10300494861111112
0 0.65161898828125 0.4531987527777778 0.13795903281250005 0.2793837
2 0.8324559410156249 0.37748790069444443 0.33408209765625 0.7464450013888888
2 0.07607431796875 0.5257105520833333 0.1517860953125 0.49691910138888884
0 0.197275861328125 0.40710908749999997 0.038232396093749996 0.016406238888888917
0 0.1709086921875 0.41648408125 0.022412093749999994 0.02578123194444449