5 0.131636176171875 0.4413081805555556 0.011425780468750002 0.04384836666666669
5 0.41024942382812507 0.45151361458333333 0.009667967968750002 0.035937493055555575
5 0.443208402734375 0.5233886062499999 0.007031247656250006 0.017187498611111116
5 0.35707560234375 0.5202636069444444 0.007031248437499959 0.02343749722222223
5 0.145259222265625 0.4421386166666667 0.008789061718750001 0.045312494444444455
5 0.05517134296875 0.5562011020833333 0.013183592187500004 0.023437495833333342
5 0.07231001171875 0.46166986597222226 0.007031248437500004 0.03749999583333334
3 0.9235306097656248 0.5851073479166667 0.0413085882812501 0.1937499736111111
0 0.354438883203125 0.5679198520833333 0.03164062109374997 0.028124995833333343
0 0.27533733125 0.6132323451388889 0.08085936562500003 0.1156249819444445
0 0.227436946484375 0.5991698465277777 0.021972653906249962 0.053124993055555576
0 0.199311951171875 0.6015135965277778 0.05537108671875002 0.060937493055555576
0 0.402339267578125 0.586669848611111 0.051855461718749975 0.05937498888888892
0 0.12328656835937499 0.6437010916666667 0.11074217421875002 0.11406248611111115
0 0.06483931015625 0.7108885833333334 0.1291992015625 0.26093746666666673
0 0.32016154375 0.6679198381944444 0.16347654218750005 0.19374997638888894
1 0.684468138671875 0.513232357638889 0.42802728984375005 0.6812499152777778
4 0.100405208203125 0.46617477430555554 0.040941928906249994 0.017329918055555598
4 0.461571515234375 0.4618422951388889 0.032168658593749996 0.015596926388888871