4 0.18944779023437502 0.281575925 0.07479360390625 0.03441483611111112
4 0.0552592640625 0.1759849527777778 0.06335458281249999 0.07977984444444446
5 0.305597859765625 0.3105156708333333 0.01671857109374999 0.035979144444444465
5 0.386550937890625 0.40281000277777773 0.016718571093750034 0.026593283333333377
5 0.514140028125 0.4466107013888889 0.007919323437499948 0.010950175000000052
5 0.5906934828125 0.44191776944444444 0.011439021874999965 0.014078794444444438
5 0.8678697828124999 0.30738705 0.023757968750000025 0.029721902777777802
5 0.9844598140624999 0.4012456916666666 0.017598495312500084 0.05162225277777779
0 0.55985213046875 0.5044901972222222 0.015838645312500076 0.032850525
0 0.549293033203125 0.5021437305555556 0.015838646093749985 0.0375434555555555
0 0.5391738984375 0.5013615763888889 0.04135646406250002 0.04849363333333333
0 0.51145626796875 0.5052723527777778 0.021118193750000014 0.04692931944444444
0 0.49385777343750004 0.5052723527777777 0.029917442187500053 0.03441483611111112
0 0.474939390625 0.5060545083333333 0.016718570312499993 0.029721902777777764
0 0.446341835546875 0.5060545083333333 0.049275785156250064 0.07977984444444443
0 0.5818502496093749 0.5013615743055556 0.031677291406249974 0.035979143055555496
0 0.60252848125 0.4966686444444445 0.013198871874999973 0.029721902777777764
0 0.62936618671875 0.5099652847222222 0.042236389062500025 0.06570105
0 0.6526841937500001 0.5021437305555556 0.018478421874999994 0.02502896944444449
0 0.748595992578125 0.5639340027777777 0.24109938671875 0.25185401944444447
0 0.9039027121093749 0.5130939048611112 0.17862472578124997 0.2033603902777778
0 0.379907516015625 0.5647161583333333 0.11263036953124997 0.15330244722222225
3 0.271236808203125 0.5412514993055555 0.024637892968749985 0.07977984583333332
3 0.32315236953125004 0.5318656347222223 0.019358345312500004 0.07352260277777774
3 0.24967865078124998 0.5404693423611111 0.025517817187499993 0.10637312638888893
3 0.214481661328125 0.5498552083333333 0.018478421093749996 0.09698726388888888
3 0.177524820703125 0.5631518479166667 0.036076914843749995 0.1548667569444444
3 0.13044884609375 0.5701912458333334 0.042236389062500004 0.16581693333333333