5 0.49276536640625 0.28854312291666667 0.006823656250000009 0.03639282638888888
5 0.6297258687499999 0.30587303958333334 0.007798464062499999 0.03639282638888888
5 0.2588114828125 0.23828636319444443 0.012672501562499994 0.05372274583333336
5 0.19398676171875 0.30414004722222227 0.007798464062499999 0.02599487499999999
5 0.50397565625 0.2894096194444445 0.00974807812500007 0.03465983611111108
4 0.24126494179687502 0.23482037847222223 0.020470964843749995 0.04679077638888892
4 0.23834051835937498 0.26774722152777775 0.012672502343749992 0.015596926388888871
4 0.23395388320312502 0.28421064305555555 0.017546541406250026 0.013863933333333339
4 0.5551530679687501 0.29287560138888885 0.04386635312499996 0.017329916666666674
4 0.628263656640625 0.3725932208333333 0.022420580468750017 0.013863933333333339
5 0.20665926328125 0.3942556173611111 0.007798462500000003 0.03985880972222217
4 0.36652774960937495 0.36739424513888885 0.01949615546875001 0.03465983194444446
4 0.365552942578125 0.40292057569444445 0.011697694531250002 0.025994873611111066
4 0.7993424332031249 0.3708602298611111 0.015596924218749919 0.0415918013888889
5 0.24955080820312497 0.36479475763888886 0.015596924218750008 0.025994873611111104
4 0.22615542031249997 0.3483313375 0.029244235937499984 0.01386393611111111
0 0.355317459765625 0.45750981527777773 0.010722886718750014 0.017329916666666632
0 0.34508197734375 0.4566433194444444 0.011697693750000005 0.015596924999999985
0 0.31096370234375004 0.44364588194444443 0.02339538750000001 0.02079590000000001
0 0.291954949609375 0.4549103277777778 0.012672500781249995 0.022528891666666655
0 0.41721775820312496 0.4540438319444445 0.015596925781250003 0.013863933333333339
0 0.315837742578125 0.4583763118055556 0.031193852343750005 0.03639282638888888
0 0.282694275390625 0.4523108395833333 0.015596925781250003 0.02772786527777771
0 0.26271071484375 0.44884485763888887 0.02631981250000002 0.03812581805555561
0 0.22761763203124996 0.4583763118055556 0.028269428124999996 0.032926843055555585
0 0.19496156953125002 0.4592428069444444 0.017546542187500003 0.024261883333333303
0 0.180339451171875 0.4592428076388889 0.021445772656249983 0.020795901388888892
0 0.166204737890625 0.45577682430555555 0.018521349218750018 0.02426188472222227
0 0.12477540507812498 0.46184229444444447 0.05069001015625 0.053722741666666705
3 0.59999422890625 0.45057784861111116 0.006823654687499925 0.02079590000000001
3 0.5946327859375 0.4557768243055556 0.007798462500000003 0.034659834722222234
3 0.58001066875 0.4540438326388888 0.007798464062499999 0.034659834722222234
3 0.57221220546875 0.4566433194444444 0.005848846875000024 0.036392825
3 0.55953970390625 0.4583763118055556 0.007798464062499999 0.032926843055555585
3 0.5527160484375001 0.45664332013888886 0.007798462500000003 0.02946085972222221
3 0.54637979765625 0.4592428076388889 0.006823654687500014 0.031193851388888937
3 0.5390687390625001 0.456643320138889 0.005848848437500021 0.032926843055555585
3 0.5868343234375001 0.46270879097222223 0.007798462500000003 0.045057784722222195
3 0.4674203625000001 0.456643320138889 0.004874040625000031 0.02252889305555554
3 0.47814324804687497 0.4549103277777778 0.006823653906250016 0.015596924999999985
0 0.487891326953125 0.4523108402777778 0.012672502343750036 0.017329916666666712
3 0.38797352265625 0.46010930347222223 0.005848846875000024 0.02946085972222221
3 0.391872753515625 0.4670412701388889 0.005848846093750026 0.04332479305555555
3 0.37188919296875 0.44797836041666667 0.006823654687500014 0.025994873611111143
0 0.677978856640625 0.4930361465277778 0.18228906640625003 0.21315798194444444
3 0.20665926289062497 0.47743922083333334 0.01949615546875001 0.08491659444444445