4 0.605675626171875 0.04245968333333334 0.08206150390625 0.041370975
4 0.7593878449218749 0.1350000173611111 0.03919355234375006 0.026129034722222222
4 0.351529928125 0.26782261458333334 0.022046374999999997 0.013064515277777784
4 0.438490625390625 0.2743548736111111 0.012247985156249985 0.008709677777777793
5 0.37541349999999996 0.2667339048611111 0.006123992187500038 0.01959677638888889
5 0.423180643359375 0.268911325 0.00612399296875008 0.02395161666666665
5 0.5101413402343751 0.025040325694444445 0.013472783593749949 0.05008065138888889
1 0.393785477734375 0.31463713680555555 0.013472783593750037 0.023951615277777765
0 0.380312694921875 0.31572584791666664 0.011023186718750022 0.013064515277777784
1 0.33805714375000007 0.3146371361111111 0.0220463734375 0.03701613333333332
0 0.36683991015625 0.32008068819444446 0.006123992187499994 0.021774195833333346
0 0.37970029609375 0.3407661715277778 0.02694556718750003 0.045725812499999956
0 0.399909470703125 0.33967746458333337 0.011023188281249974 0.026129034722222222
0 0.4133822542968749 0.3396774618055556 0.013472783593749949 0.04354839305555558
0 0.431754231640625 0.34403230069444446 0.033069560156249976 0.05225807083333333
0 0.45686260390625 0.34947585000000003 0.022046373437500044 0.028306455555555526
5 0.455637804296875 0.31572584722222224 0.0073487914062500435 0.017419358333333357
5 0.4654361925781251 0.27870971319444443 0.007348791406249955 0.01741935694444443
4 0.7740854273437501 0.18181454027777777 0.02694557031249998 0.028306452777777776
5 0.7753102257812501 0.2710887444444445 0.01959677656250003 0.03266129444444444
5 0.744690259765625 0.2700000347222222 0.007348791406249955 0.03483871388888886
3 0.26518163164062497 0.3113710069444444 0.011023186718749977 0.030483874999999987
3 0.251096447265625 0.3102822986111111 0.01469758203125 0.03701613611111109
3 0.134740585546875 0.3331452041666667 0.03184476328125001 0.1350000166666667
3 0.10534542031250001 0.3287903652777778 0.0220463734375 0.11758066111111114
3 0.007973936328124999 0.3353226236111111 0.01592238046875 0.16548389166666663
3 0.315398370703125 0.3440323027777778 0.030619963281250006 0.1262903388888889
3 0.321522363671875 0.35056456041666667 0.02817036640624999 0.14370969583333332
3 0.3521423265625 0.35600811041666663 0.035519157812500035 0.14588711527777776
3 0.48380817187499997 0.34403230347222225 0.0048991937500000304 0.034838712500000014
3 0.526676119921875 0.35274198194444445 0.004899194531250028 0.04354839166666669
3 0.538311707421875 0.35274197916666666 0.008573589843750007 0.0348387138888889
3 0.5444357 0.36036295138888885 0.006123992187499994 0.05879033055555551
3 0.554846487109375 0.36580649791666664 0.00979838828124997 0.060967751388888894
3 0.5744432625 0.3658064993055556 0.014697582812499999 0.06967742638888892
3 0.587916046875 0.36689520763888894 0.012247985937499983 0.058790331944444434
3 0.62282280625 0.37233875694444446 0.015922379687499967 0.07403226944444445
3 0.600164031640625 0.36689520763888894 0.017147178906250015 0.09362904583333338
3 0.5064669429687501 0.37887101736111106 0.040418351562500024 0.1480645375
4 0.172886230078125 0.29343729097222226 0.007910150781250014 0.018749987499999992