0 0.126801788671875 0.37450390624999996 0.01722590234375001 0.021691879166666674
0 0.15120515273437501 0.37450390763888886 0.025838857031249995 0.06252365138888887
0 0.1555116296875 0.3808838694444444 0.014354921875000004 0.052315708333333356
0 0.088402378125 0.38471185138888886 0.010766189062499997 0.03189982222222222
0 0.069023237109375 0.3834358555555555 0.03373406015625 0.04465974999999997
0 0.0575393015625 0.389177825 0.016508157812499997 0.043383755555555584
0 0.034930302734375 0.3834358555555556 0.04737123671875 0.05741968055555561
0 0.19785864296875 0.39045381805555557 0.093306978125 0.12249531388888886
0 0.013517548437499999 0.389177825 0.027035096874999998 0.08676751666666667
0 0.535438507421875 0.37833188749999996 0.32442118671875 0.2411626527777778
0 0.781027275390625 0.3968337826388889 0.16579932421874996 0.13525524305555559
0 0.9316548519531249 0.3819521347222222 0.13441665703125008 0.12590783888888887
4 0.49677809843750004 0.08608964375 0.030863078124999978 0.025519856944444433
4 0.47273360703125 0.1990150125 0.020096887500000004 0.029347836111111133