4 0.44767955078125005 0.4005921395833334 0.015595368749999939 0.03625590138888894
4 0.44947901640625004 0.4368480402777778 0.011996437499999946 0.023459700000000003
4 0.4218872109375 0.42938359027777784 0.01919430000000002 0.02132699999999998
4 0.423086854296875 0.4496442402777778 0.03598931328125001 0.014928900000000075
2 0.30672141171874995 0.47097124027777776 0.04798575000000001 0.05758290000000004
0 0.36910288593749996 0.5168242909722223 0.009597149999999966 0.021326998611111096
0 0.38109932265625 0.5146915902777778 0.016795012499999994 0.02132700000000006
0 0.34930876328125005 0.5200233402777777 0.03239038281249997 0.05758290000000004
0 0.40929095078125 0.5114925402777778 0.02279323125000001 0.040521300000000024
0 0.299523547265625 0.5317531916666667 0.08157577578125 0.09810420277777775
0 0.210749909765625 0.5253550923611111 0.05278432578125001 0.059715601388888866
2 0.06818599843749999 0.5189569902777779 0.13637199687499998 0.13222740000000002
4 0.07878909687499999 0.39419404097222227 0.019194299999999997 0.04905209861111114
4 0.0106030984375 0.33021304027777776 0.021206196875 0.04905210000000003