0 0.47890582929687503 0.6225986875 0.010990953906250045 0.02309210555555552
0 0.44293543359375 0.61904605625 0.010990953125000046 0.023092106944444486
0 0.43444242421875 0.6190460555555556 0.011990131250000058 0.033750000000000016
0 0.415957637890625 0.6172697402777778 0.02497944140624995 0.05151315833333333
0 0.406465450390625 0.6190460555555556 0.027976974218750027 0.05151315833333333
0 0.364000401171875 0.6217105298611112 0.07493832265624997 0.11013157916666666
0 0.302550976171875 0.6421381618055555 0.09791940859375 0.1616447374999999
0 0.4878984277343751 0.6243750027777778 0.008992599218750019 0.02309210555555552
0 0.49539226015625 0.6314802652777778 0.015986842187500017 0.037302630555555535
0 0.505384036328125 0.6279276347222222 0.013988486718749993 0.033750000000000016
0 0.5283651218750001 0.6208223715277777 0.05595394843749997 0.09769736805555557
0 0.77166487734375 0.6705592152777778 0.3187376671875001 0.3641447388888888
0 0.9575119171874998 0.6909868458333334 0.08493009843750006 0.20960526388888892
0 0.16916076171875 0.6403618451388889 0.2507935875 0.28243421250000006
0 0.46205891914062497 0.6195445423611111 0.015596925781250003 0.025994876388888914