4 0.50960793828125 0.2608429513888889 0.042339287500000024 0.024280597222222235
4 0.148358208984375 0.03381938680555555 0.07648387421875 0.04127700972222222
4 0.04214643828125 0.0401813 0.030685915624999997 0.07828143611111112
4 0.21118425 0.016561735416666667 0.03551037031250002 0.033123470833333335
4 0.773204147265625 0.17586086666666667 0.028681452343750014 0.048561188888888905
4 0.7732041484375 0.2183519097222222 0.015023617187500005 0.05584536944444447
4 0.572433977734375 0.3773898076388889 0.023218317968749957 0.019424476388888934
4 0.087580845703125 0.16007848263888888 0.015023617968750003 0.04127700972222222
4 0.086897953125 0.19285728541666666 0.010926267187499995 0.03884895416666667
4 0.096458435546875 0.2317062381944444 0.019120969531249997 0.038848951388888865
5 0.21869605742187498 0.3336847354166667 0.012292050781250018 0.05341730694444446
5 0.676233522265625 0.2219939986111111 0.020486753906249967 0.08741014166666664
5 0.46863443281249995 0.2369092263888889 0.015023615625000009 0.053417308333333344
5 0.592237839453125 0.3506811548611111 0.010926267968749936 0.04856119305555558
5 0.11148205390624999 0.30819011180555556 0.016389401562500017 0.05584536805555555
5 0.07733746953125001 0.3094041416666667 0.01912096875 0.05827342777777776
5 0.661209904296875 0.23292026458333331 0.017755185156249985 0.07526984305555556
5 0.6857940066406251 0.31061817152777776 0.02321831953125004 0.041277012499999995
5 0.667355928125 0.3154742902777778 0.0163893984375 0.04127701111111111
5 0.757497640234375 0.27662533680555557 0.024584103906250033 0.0704137236111111
5 0.691257140234375 0.33854085624999997 0.012292052343750016 0.04856119305555554
5 0.20503822382812498 0.3761757784722222 0.009560483593749992 0.021852534722222258
5 0.209135573046875 0.3773898076388889 0.004097349218749979 0.019424476388888934
5 0.5970180804687499 0.3968142861111111 0.012292050000000021 0.024280597222222235
0 0.11489651445312499 0.4101686111111112 0.15160196640624998 0.14325551111111115
0 0.270595830078125 0.43177912777777777 0.06965495703125005 0.06118552777777779
0 0.44541611562499994 0.4554345875 0.15706509843749994 0.21852535555555552
0 0.723353053515625 0.5076378659722222 0.2567672945312499 0.2646584875
0 0.57243397890625 0.43930532291666663 0.09150749375 0.08498208194444443
0 0.025010898828125 0.6056274013888889 0.05002179765625 0.3496405694444444
5 0.24851291679687498 0.031815969444444446 0.020593216406249983 0.06363193888888889