4 0.11030449882812501 0.26946647291666664 0.07203558984375001 0.060474323611111123
4 0.1793386078125 0.3174902 0.0240118640625 0.03913044444444442
4 0.251874446484375 0.2739131125 0.07703806328125 0.037351788888888904
4 0.34391992382812503 0.2908103513888889 0.01900939140625 0.046245072222222204
4 0.40945230156250007 0.2916996784722222 0.052025704687499987 0.04802372638888887
4 0.43746614296874997 0.3361660923611111 0.04001977187499994 0.033794473611111105
4 0.5034987691406251 0.33883407777777774 0.03601779609374996 0.03201581944444444
4 0.5380158234375 0.3379447486111111 0.03501730156249998 0.03023716111111112
4 0.561527439453125 0.33883407777777774 0.012005932031250045 0.02134387777777778
4 0.47648542226562507 0.3690712395833333 0.016007908593749943 0.028458504166666683
4 0.47648542148437495 0.39397243125 0.010004944531250004 0.01778656527777779
4 0.4189569984375 0.39397243125 0.01900939218750004 0.02845850416666664
4 0.334915474609375 0.3824111652777778 0.01900939140625 0.023122536111111064
4 0.22886307656250002 0.38507914791666664 0.013006426562499973 0.017786568055555563
0 0.26388037734375 0.40286571388888887 0.011005437499999982 0.017786563888888905
4 0.0287642109375 0.3735178805555555 0.019009392187499998 0.04090910277777774
5 0.28576617656250003 0.30542073819444443 0.01600790937500003 0.017786568055555563
5 0.41533019140624994 0.32142864861111115 0.011005437499999982 0.014229252777777764
5 0.11168016367187499 0.3056748375 0.02000988671874999 0.017786563888888905
5 0.22873799960937502 0.29944953888888887 0.01200593203125 0.016007908333333317
0 0.26463074921874996 0.42183806111111105 0.017008403125000005 0.03379447499999999
0 0.24712209765624998 0.4316206722222222 0.0360177953125 0.05335969722222226
0 0.2371171546875 0.44229261250000007 0.0360177953125 0.06403163611111111
0 0.179588731640625 0.45029656597222223 0.10104992578124998 0.12272730416666665
0 0.06753336679687501 0.48320171249999994 0.13506673359375002 0.15652177777777776
0 0.33716658671875 0.4165020902777778 0.02801384062500003 0.03023716111111112
0 0.37568561796875 0.41917007500000003 0.02701334687500001 0.024901191666666656
0 0.43271379609375 0.4431819388888889 0.06303114218749997 0.09071148333333336
1 0.5342639683593751 0.40583015000000006 0.09004448984374998 0.08003954722222227
0 0.56577953984375 0.4298420159722222 0.047023232812500024 0.08181820416666667