0 0.06726174140624999 0.5458923923611111 0.13452348281249998 0.23222089027777781
2 0.84440315546875 0.528562475 0.28118378124999993 0.30500654444444447
0 0.943613994140625 0.44884485763888887 0.07018616484375002 0.07625163749999994
0 0.540530950390625 0.47941533819444443 0.014622117968749926 0.026481131944444455
0 0.551741241015625 0.4817716993055556 0.015596925781250003 0.027727868055555563
0 0.625339233203125 0.4930361472222223 0.061412894531250026 0.08838257777777782
0 0.6974750140625 0.4783057152777778 0.06141289531250003 0.048523769444444455
3 0.689676550390625 0.48697067499999996 0.012672502343750036 0.0623877027777778
2 0.435739107421875 0.48523768263888895 0.052639624218750035 0.07971761805555554
2 0.26173590625 0.44451237777777775 0.26222330937500005 0.46617477500000004
5 0.505231211328125 0.3249359493055556 0.010309572656250054 0.03292684027777777
4 0.6706677976562501 0.40725305624999997 0.019496156249999962 0.027727868055555563
4 0.6428857738281251 0.43758040902777773 0.012672502343749947 0.032926843055555585
0 0.49325276992187506 0.47050725486111117 0.015596925781250003 0.019062909722222247
0 0.5073874835937501 0.4731067402777777 0.012672501562499949 0.017329916666666712
4 0.46059670703125005 0.4306484430555555 0.012672501562499949 0.022528891666666655
3 0.48204129062500006 0.48328091111111116 0.019775376562499947 0.05624996111111113
3 0.5736672042968751 0.47249967499999995 0.007910150781250014 0.03281247777777775