4 0.43789961718750003 0.05729444236111111 0.0443136703125 0.021485418055555556
5 0.57386201171875 0.005371354166666667 0.010071289062500011 0.010742708333333333
5 0.47818477109375 0.02148541597222222 0.028199607812499927 0.017904512499999997
5 0.3940895109375 0.042970830555555554 0.02114970624999999 0.021485413888888884
5 0.49127744609375 0.13786475 0.00805703124999999 0.007161802777777776
5 0.47063130351562493 0.14323610486111113 0.00906416015625 0.007161804166666682
5 0.448978033984375 0.14860745833333333 0.008057030468749993 0.01074270833333334
4 0.42178555546874996 0.17277855069444442 0.01208554687500003 0.008952254166666663
4 0.324597619921875 0.18173080833333333 0.01913544921875001 0.012533158333333322
4 0.320569104296875 0.20411145069444442 0.0050356445312500055 0.014323609722222248
0 0.46509209531250006 0.19068306458333334 0.010071289062500011 0.0161140625
0 0.44948159804687504 0.18441648472222225 0.009064158593750005 0.010742708333333321
0 0.45250298515625004 0.2005305479166667 0.017121190624999994 0.028647220833333344
0 0.4837239796875 0.18173080833333333 0.017121190624999994 0.00895225833333334
0 0.40567149375000006 0.1996353215277778 0.01208554687500003 0.02327586805555559
0 0.39459307578125 0.20948280277777778 0.012085545312500034 0.010742708333333361
0 0.4817097222656249 0.20142577222222222 0.027192478906250005 0.03759947777777776
1 0.5089022015625 0.17456900208333334 0.033235253125000065 0.05550399027777778
0 0.9827563304687501 0.19694964444444443 0.03424238124999999 0.14323610277777776
3 0.8770077984375 0.11100798055555557 0.022156835937499862 0.07161804999999999
3 0.038069458984375 0.5027950715277778 0.07251327734375 0.42677090694444453
3 0.17957106484375 0.2757295020833333 0.0110784171875 0.028647220833333344
3 0.08238312851562499 0.31243375208333335 0.014099803906249996 0.04118037638888891
3 0.0677797609375 0.3016910465277778 0.0110784171875 0.03759947638888887
3 0.055694213281249995 0.3052719486111111 0.015106934375000002 0.030437672222222212
3 0.027494606640625002 0.31243375277777774 0.01107841796875 0.026856769444444435
3 0.247048696875 0.2470822805555556 0.009064159375000002 0.01790451388888887
3 0.27222691835937496 0.24439660416666667 0.005035642968750009 0.023275869444444434
3 0.29337662421875 0.23992047569444447 0.005035642187500011 0.01432361250000002
3 0.29941939765625003 0.24081570208333333 0.007049901562500027 0.023275868055555548
3 0.350279405078125 0.2211207361111111 0.012085547656250029 0.03401857500000002
3 0.370925546875 0.20411145069444442 0.007049901562499983 0.014323609722222248
4 0.7194081902343751 0.08231710763888889 0.01949615703124996 0.039858809722222235
4 0.6453227941406251 0.10138001597222222 0.015596925781250003 0.015596926388888871