0 0.27223608749999995 0.6902064354166666 0.09095337187500001 0.08237286249999995
0 0.32715133085937503 0.6741894916666666 0.048050839843749985 0.05338982222222223
0 0.35546700468750003 0.6635115277777778 0.04290253437500002 0.06254236111111114
0 0.403946867578125 0.66503695 0.026599571093750062 0.04118643333333338
0 0.4211078828125 0.6642742395833333 0.012870759374999974 0.024406776388888888
0 0.4339786421875 0.6581725444444444 0.023167368750000073 0.0335593166666666
0 0.694826049609375 0.7199521930555556 0.09524362578124998 0.10525421666666672
0 0.636478603125 0.6902064347222222 0.06950210468749995 0.07932201666666666
0 0.6012985253906249 0.6764776243055555 0.03861228203125 0.0427118541666667
0 0.581992384375 0.6772403375 0.02059321562500003 0.028983044444444456
0 0.56397332109375 0.6703759319444444 0.02059321562500003 0.03355931666666668
0 0.548528408203125 0.6642742368055555 0.012012708593749987 0.015254234722222215
0 0.5412349773437499 0.6612233909722223 0.011154657812500001 0.015254234722222215
0 0.532225445703125 0.6657996618055555 0.006864407031249975 0.015254234722222215
0 0.524502989453125 0.6657996618055555 0.006864407031249975 0.012203387500000041
0 0.5163515078125 0.6635115270833333 0.009438557812499937 0.010677965277777762
0 0.782776244140625 0.689443725 0.09610167578125006 0.08084744166666663
0 0.861287882421875 0.7062233819444443 0.13299785546875 0.0838982888888889
0 0.470445796875 0.6604606798611111 0.02059321562500003 0.028983045833333262
0 0.49275511328125 0.6635115270833333 0.018877114062500054 0.02288135138888884
4 0.8793069476562501 0.3881725944444444 0.054057193749999934 0.03050846944444443
4 0.8651491117187501 0.32868108194444445 0.013728810937499957 0.027457622222222217
4 0.8994711390625 0.3401217576388889 0.03775422968749993 0.02593219861111109
4 0.5541057374999999 0.6383420402777777 0.009438557812500026 0.01830508055555558
5 0.53050934375 0.6383420402777777 0.0051483031250000085 0.015254233333333329
5 0.011388680078125001 0.47588444305555555 0.02059321640625 0.0838982888888889