6 0.081188383984375 0.5520138416666667 0.057582900781250015 0.08317530277777775
6 0.029003881250000002 0.5637436902777777 0.051584682812500005 0.12796199999999996
3 0.0182070875 0.48376743958333335 0.0323903828125 0.13009469861111111
4 0.03020352421875 0.20225104305555552 0.0347896703125 0.0703791
4 0.027804237500000002 0.29289079166666665 0.0347896703125 0.09810420277777775
4 0.48666797265625006 0.4080565902777778 0.00959715000000001 0.02985779999999999
2 0.390863609765625 0.5024038833333333 0.12509722578125002 0.19945681388888895
0 0.32231677890625 0.4954972909722223 0.0215935875 0.07677720138888888
2 0.255736550390625 0.46137409027777776 0.12836188203125 0.2473932
0 0.205951334375 0.5509474895833333 0.18714442499999998 0.21327000138888888
0 0.501663519921875 0.6309237395833333 0.39708208359374997 0.42014190138888885
2 0.7709257921875 0.46563949027777773 0.458148415625 0.9298572027777777
3 0.5333728984375 0.4187681909722222 0.01911009843749998 0.0321854291666667