4 0.268467219140625 0.42234345208333335 0.01977537734374999 0.02343748194444449
5 0.4602883765625 0.45281218194444445 0.007910150000000015 0.018749988888888916
0 0.42517060625 0.5015621548611111 0.01186522656250002 0.016406240277777803
0 0.4231930683593751 0.5144527708333333 0.013183585156250021 0.028124980555555526
0 0.44824187890625 0.5039059020833333 0.010546868750000016 0.02109373472222226
0 0.45747038828125 0.4980465326388889 0.007910150000000015 0.01874998750000003
0 0.46274382226562505 0.5015621555555556 0.010546867968750017 0.021093736111111146
0 0.473290690625 0.5097652743055556 0.021093735937500035 0.0374999736111111
0 0.47460904882812505 0.51679651875 0.010546867968750017 0.03281247638888887
0 0.48054166249999997 0.5191402687500001 0.014501943749999935 0.046874968055555556
0 0.5003170390625 0.5179683944444444 0.03823239531249998 0.06796870555555559
0 0.51152308671875 0.5390621298611111 0.031640603125000055 0.06328120694444439
0 0.528002566796875 0.5484371229166667 0.03559567890624997 0.07734369583333331
0 0.5431636890625 0.5601558652777778 0.04746090468749999 0.09140618888888888
0 0.58798787734375 0.57304648125 0.10019524375000008 0.13124990972222222
0 0.366503654296875 0.5144527722222222 0.010546867968749974 0.037499974999999984
0 0.34013648515625 0.5355465055555555 0.050097621875 0.08437494166666666
0 0.3388181265625 0.5519527451388889 0.04218747031249999 0.07499994861111109
0 0.3019040890625 0.5742183548611111 0.08173822500000001 0.1148436708333333
0 0.20980026679687497 0.59929645625 0.17666003515625 0.1804686263888889
0 0.6567237878906249 0.6063277013888889 0.1476561492187501 0.18984361944444444
0 0.436557923828125 0.50671839375 0.018457017968749944 0.02812498194444449
0 0.39305209414062503 0.5313277527777778 0.06855464140625003 0.12421866388888887
0 0.090398190625 0.7000776368055556 0.18079638125 0.3445310124999999
0 0.8333838218749999 0.6953901395833333 0.33222633437500004 0.46171843194444445