0 0.502622696484375 0.4278336048611111 0.028315672656249992 0.03966100972222222
0 0.926928759765625 0.6108844180555556 0.14243641328124995 0.3447456972222222
0 0.8891745296875 0.4827488493055556 0.11154658906249999 0.09152540694444447
0 0.737728584375 0.46825732638888884 0.07979871406249997 0.0838982888888889
0 0.621891741796875 0.4575793618055556 0.06092159765625001 0.07474574861111109
0 0.565260396484375 0.4324098756944445 0.03003177421875005 0.03661016249999997
0 0.64720423671875 0.43851157013888886 0.03775422968749993 0.05186439861111115
0 0.54767035703125 0.42478275833333334 0.02059321562500003 0.03050846944444443
0 0.5352286222656251 0.4202064875 0.009438557031250027 0.024406775000000006
0 0.529651293359375 0.4156302173611111 0.012012710156249985 0.018305081944444464
0 0.519783710546875 0.40571496597222223 0.009438557031250027 0.02288135416666661
2 0.54767035703125 0.39808784791666674 0.02059321562500003 0.032033893055555596
2 0.59215581171875 0.4227405368055555 0.027191259374999978 0.034592912500000024
2 0.37305704296875 0.38664717083333333 0.02145126718750001 0.021355927777777752
2 0.398369538671875 0.39274886666666664 0.017161013281250036 0.012203386111111077