1 0.518429113671875 0.28018893194444444 0.015760627343749965 0.030566066666666655
1 0.535622525390625 0.27933986666666666 0.018626196093750026 0.03566040833333332
0 0.548517583984375 0.28825496944444445 0.018626196093750026 0.02801889444444446
0 0.5606962515625 0.28910403333333334 0.020058979687499968 0.02801889444444442
0 0.5728749171875 0.29419837708333335 0.027222901562499936 0.03820758194444444
0 0.493355388671875 0.28443421319444445 0.017193411718749996 0.02547172083333334
0 0.44464072187500003 0.2806134534722222 0.014327843749999935 0.022924548611111106
0 0.43461123203124996 0.283160625 0.011462275000000055 0.01783020555555556
0 0.42314895703125 0.28698138472222223 0.017193412499999994 0.030566063888888884
0 0.408104722265625 0.2895285569444444 0.02149176484375004 0.03566040833333332
0 0.39019491835937503 0.28698138333333334 0.022924547656250027 0.025471722222222225
0 0.36798676171875 0.27933986805555555 0.018626195312500027 0.015283030555555558
0 0.34864417421875 0.2895285555555555 0.02579011874999999 0.04584909722222225
2 0.31210817421875003 0.27551910902777776 0.041550745312500005 0.07386799027777778
0 0.217544409765625 0.2997172451388889 0.021491764843749993 0.04075475416666667
0 0.240468958984375 0.3073587618055556 0.05587858671874999 0.07132081805555555
0 0.28058691953125 0.31117951805555555 0.07020642968750002 0.07386799166666667
0 0.01767099921875 0.3048115875 0.034386823437500005 0.05603778611111111
1 0.115816723046875 0.28485873194444444 0.17336690078125 0.1350001222222222
0 0.37729986054687503 0.31712292708333334 0.06304251015625 0.07896233750000002
0 0.47616197773437496 0.30099083125 0.03152125546875002 0.04330192638888886
0 0.769882759375 0.2997172451388889 0.08310149062500001 0.05603778472222223
0 0.8644465234375 0.3048115875 0.04011796093749993 0.045849100000000025
0 0.957577504296875 0.3468399284722222 0.08310148984375001 0.13500012083333332
2 0.610843701953125 0.2844342111111111 0.05444580390624996 0.07641516388888887
4 0.0685348421875 0.15452843402777777 0.041550745312500005 0.025471720833333322
4 0.31712291875 0.1986794236111111 0.017193412499999994 0.020377377777777796
4 0.4496554671875 0.24452852222222224 0.010029490625000026 0.020377374999999986
4 0.4496554671875 0.25853796805555557 0.010029490625000026 0.02292454999999999
5 0.76701719140625 0.23688700486111114 0.017193412499999994 0.02547172083333334
5 0.753405740625 0.19995300902777777 0.01002948906250003 0.0382075791666667
5 0.6344846429687501 0.17193411597222222 0.007163921874999968 0.022924551388888877
5 0.623022369140625 0.1732077041666667 0.00716392109374997 0.030566066666666676
5 0.17384448828125 0.12226426111111112 0.011462273437499993 0.05094344166666666
5 0.127995390234375 0.1502831534722222 0.011462275781250008 0.03566040972222222
5 0.140890449609375 0.14773598194444443 0.011462274218750013 0.030566066666666655
5 0.32715240859375 0.15537749930555556 0.01432784374999998 0.08660385138888888
5 0.43604401640625 0.21778321597222225 0.008596706249999997 0.04330192638888886
5 0.514847152734375 0.18849073680555556 0.011462275781249965 0.03056606527777779
5 0.6280371140625001 0.17448128750000003 0.008596706249999997 0.03820758055555557
5 0.674465306640625 0.25089645069444444 0.014327842968750027 0.022924548611111106