0 0.111738149609375 0.6857533659722221 0.22347629921875 0.3350722125
0 0.9727363742187499 0.6092694923611112 0.05352123125000006 0.3035074375000001
0 0.5434113089843751 0.5748181722222222 0.25062080859374997 0.4094250833333334
0 0.4181004449218751 0.5412838236111112 0.028681452343750014 0.06070148611111108
0 0.6769164148437501 0.4745121875 0.07102074062500004 0.058273430555555526
0 0.71584124375 0.4575157715277778 0.042339287499999934 0.05341730972222223
0 0.7752528238281251 0.45023159444444444 0.1037995445312501 0.07769790555555557
0 0.877686583984375 0.42716502847222226 0.06828917265625005 0.06555760416666669
0 0.9392983914062502 0.4101686097222223 0.11776047968750003 0.070413725
5 0.28288788203125004 0.2717692208333333 0.01502361875 0.05584536944444447
5 0.6332113429687499 0.12608565 0.019120967187499983 0.07526984444444443
5 0.614090373828125 0.13215579791666668 0.021852535156249964 0.07284178472222223
5 0.742474019921875 0.20378355416666666 0.01365783515625001 0.04613313055555557
4 0.758863423046875 0.17464683819444443 0.024584102343750035 0.08498208194444443
4 0.9227574390625 0.09816296319444445 0.07102074062499994 0.1214029736111111
4 0.269912937890625 0.4696560694444445 0.016389400781249997 0.02913671388888888
4 0.25147486132812497 0.40167040347222227 0.02594988671874998 0.019424476388888855
4 0.267864262890625 0.44051935624999994 0.023218319531249997 0.03399283472222226
5 0.855834048828125 0.36767757013888885 0.01365783515625001 0.019424476388888934
5 0.8421762144531251 0.3749617493055556 0.013657833593750012 0.024280593055555577