3 0.32706190898437504 0.6768778722222223 0.03015464453125003 0.09896908888888897
3 0.281250046484375 0.6528719708333333 0.01275773359375001 0.07628867222222221
3 0.290528398046875 0.6562593118055555 0.012757733593749964 0.08659795416666667
3 0.25747426953124997 0.6407953923611112 0.023195879687499987 0.051546401388888954
5 0.21978096328125002 0.5675995006944444 0.017396909375000026 0.03298969583333336
0 0.1612113671875 0.6768778715277778 0.21572168749999995 0.12783507361111116
3 0.2192010671875 0.7284242715277778 0.06494846406250002 0.25979385694444446
3 0.05682990624999999 0.7201768472222222 0.039432996875 0.2680412805555556
3 0.023775776953125 0.7634758229166667 0.04755155390625 0.3216495375000001
2 0.393170167578125 0.6191459020833333 0.06262887578124995 0.13195878472222225
3 0.411146974609375 0.5830634215277778 0.015077322656249947 0.026804129166666652
3 0.41230676992187504 0.70544930625 0.07538661015624996 0.33873348472222226
3 0.487693380078125 0.5882180631944445 0.017396910156249935 0.028865981944444424
5 0.385051609765625 0.4490427805555555 0.009278353906250026 0.05567011111111108
5 0.6396263953125001 0.40058916666666666 0.012757732812500056 0.053608258333333304
5 0.622809380078125 0.40368194930555557 0.01623711484374999 0.051546401388888954
5 0.75278916796875 0.5871871333333333 0.01043814531249998 0.030927841666666626
3 0.720563455078125 0.6346098229166667 0.02551546640625002 0.09690723194444446
0 0.583535853515625 0.7835052840277777 0.35953614296875 0.4247423374999999