0 0.52712637578125 0.42371140902777776 0.012757735937499959 0.020618559722222173
0 0.51726812734375 0.4206186277777778 0.009278349999999946 0.030927841666666702
2 0.50335059921875 0.4144330597222222 0.020876292187499958 0.04329897777777782
0 0.49001296875 0.41752584375 0.017396912500000018 0.028865987499999968
0 0.48421399804687504 0.4206186263888889 0.015077322656249947 0.026804130555555538
0 0.47783512851562504 0.4206186263888889 0.013917527343750003 0.039175266666666646
0 0.46159801484375 0.42061862569444436 0.03015464531250007 0.0432989791666667
0 0.45289956054687497 0.4257732680555555 0.026675263281249962 0.04123712222222219
0 0.43608254531250007 0.4185567715277778 0.025515468750000013 0.05567011527777773
0 0.42622429726562494 0.42371141111111116 0.019716499218750006 0.037113408333333334
0 0.221520654296875 0.4340206895833333 0.08118558046874998 0.09072166249999998
0 0.340979437890625 0.4134021263888889 0.16932992578125 0.3092784
0 0.025515468359374998 0.43505161736111103 0.051030936718749996 0.07216496250000001
0 0.045231966015625 0.5329897791666667 0.09046393203125 0.11546393888888887
0 0.5775774144531249 0.4216495534722222 0.01623711484374999 0.04536083472222224
0 0.5555413269531251 0.41958769444444444 0.03943299453125002 0.07010310555555559
0 0.83795116796875 0.40618563611111114 0.03247423281250015 0.030927844444444394
0 0.8814434449218751 0.42474233819444446 0.07770619921875 0.0597938263888889
0 0.9864048023437499 0.4206186263888889 0.020876292187499958 0.0639175361111111
3 0.165270646484375 0.4288660506944445 0.01971649765625001 0.08453609861111104
5 0.11076032656249998 0.33402067569444444 0.015077323437500012 0.026804129166666652
5 0.12409795781250002 0.3350516027777778 0.009278350000000013 0.02886598333333331
5 0.183827350390625 0.17113404930555556 0.017396911718749998 0.05154639861111113
5 0.196005187109375 0.16907219375 0.01159793828125002 0.0474226875
5 0.2058634375 0.17216497708333334 0.010438148437499972 0.045360829166666665
4 0.11250002031249999 0.2721649944444445 0.025515468750000003 0.01855670277777778
4 0.133956207421875 0.30412376319444445 0.008118558593749992 0.016494848611111085
3 0.592654738671875 0.4216495534722222 0.00927835234374994 0.05360825694444442
3 0.633827425 0.42680419375 0.019716498437499917 0.07216495972222224
5 0.639626394140625 0.35360830625 0.010438146093749979 0.02061855972222225
5 0.644845466796875 0.15670105555555555 0.011597941406250012 0.05567011388888891
5 0.633827425390625 0.15979383958333335 0.010438147656249975 0.05360825694444444
5 0.6581830988281251 0.16185569722222223 0.008118558593749992 0.04536083055555557
4 0.694136713671875 0.19278353680555554 0.03131443828125002 0.14432992083333335
4 0.77358260234375 0.09072166180555553 0.038273201562499984 0.05979382361111111
5 0.8802836519531251 0.2123711673611111 0.028994852343750033 0.022680415277777793
5 0.8860826218749999 0.30103097777777776 0.03131443906250002 0.043298977777777775
3 0.687177948828125 0.4257732652777778 0.015077322656250036 0.0742268138888889
3 0.8727449910156249 0.4391753319444444 0.04639176015625015 0.18762889722222217
3 0.957989849609375 0.43505161736111114 0.03595361484375008 0.16288662361111111
3 0.9266754121093751 0.4371134743055555 0.04523196796875002 0.16701033749999997