4 0.7087989472656251 0.37898410833333335 0.01713866015625003 0.025781230555555604
4 0.7094581265625 0.35554662361111106 0.015820301562500028 0.016406238888888876
4 0.7087989472656251 0.33562476180555556 0.014501942968750025 0.014062490277777763
4 0.7114356640625 0.31804664791666665 0.014501942187500028 0.02578123194444445
4 0.683750136328125 0.31804664791666665 0.022412094531249947 0.02578123194444445
4 0.6494728164062501 0.3157029006944444 0.040869112499999985 0.04921871527777775
4 0.53082055390625 0.3637497423611111 0.025048810937499954 0.07968744305555554
4 0.419419262890625 0.33914038472222224 0.013183583593749937 0.025781233333333337
0 0.509067639453125 0.4188278298611111 0.010546867968750017 0.02109373472222226
0 0.48204129140624996 0.4317184458333333 0.040869112499999985 0.06093745833333336
0 0.43194366874999995 0.4340621944444444 0.04614254687499999 0.0515624638888889
0 0.3699808203125 0.4446090611111111 0.09096673281250003 0.11484366944444441
0 0.6626564011718751 0.41531220625 0.03032224609375005 0.04218747083333341
0 0.60135273203125 0.43523406805555553 0.039550754687500064 0.05859370833333336
0 0.671884909765625 0.4375778173611111 0.04350582890624999 0.05859370972222225
0 0.24671430390625 0.4809371625 0.19248033593749997 0.20624985833333329
4 0.60821389296875 0.32906238541666666 0.008437496874999973 0.0356249875
4 0.42258895820312503 0.23156241944444445 0.014765619531249996 0.024374991666666665
0 0.680987305078125 0.3937498618055555 0.014765619531249996 0.018749993055555494