4 0.706718277734375 0.2955988722222222 0.012672502343749947 0.02079590000000001
4 0.697457603515625 0.3207272520833333 0.00974807890624998 0.012130943055555576
4 0.6906339484374999 0.2973318645833333 0.013647309374999939 0.013863937499999994
4 0.580480662109375 0.3207272486111111 0.00974807890624998 0.015596924999999985
4 0.625321823046875 0.3181277618055555 0.011697694531250047 0.017329915277777788
4 0.536126905078125 0.3215937465277778 0.010722886718750057 0.010397951388888889
4 0.5687829671875 0.3215937444444445 0.011697693750000049 0.017329916666666674
4 0.40647746132812496 0.3207272493055556 0.016571732031249998 0.019062906944444475
4 0.381619861328125 0.32332673819444446 0.017546541406250026 0.017329915277777788
0 0.038677526953125 0.40032108888888884 0.02729461953125 0.024261883333333303
0 0.093754172265625 0.40292057569444445 0.06921135703125 0.03985880972222217
0 0.14395677499999998 0.3890566430555556 0.023395389062500004 0.0259948777777778
0 0.22291620976562498 0.3829911729166667 0.017546541406250026 0.017329918055555518
0 0.3423301703125 0.371726725 0.016571732812499997 0.015596924999999985
0 0.3813224859375 0.35353031319444445 0.008773270312499993 0.01039795138888885
0 0.4661307671875001 0.3561298 0.008773270312499993 0.012130941666666692
0 0.5718974187500001 0.35093082499999995 0.007798462500000003 0.015596927777777757
0 0.587006940625 0.3578627916666666 0.022420581250000016 0.029460861111111094
0 0.545577607421875 0.36652775000000004 0.046790775781250016 0.06758667777777774
0 0.404717873046875 0.37086022916666667 0.02631981171875002 0.03812581666666668