5 0.116976940625 0.30933902291666665 0.015596923437499988 0.05718872638888889
5 0.45231084140625005 0.4601093048611111 0.007798462500000003 0.039858809722222256
5 0.13354867499999998 0.3154044944444444 0.017546542187500003 0.05892171944444446
5 0.10527924765624999 0.31453799652777775 0.0097480796875 0.05372274305555555
5 0.4420753585937501 0.4566433215277778 0.008773271874999988 0.032926843055555585
5 0.46059670624999993 0.4627087916666667 0.008773270312499993 0.031193852777777743
5 0.649709429296875 0.5822852201388888 0.02047096484374995 0.034659834722222234
5 0.6297258687499999 0.5831517145833334 0.007798464062499999 0.02946085972222221
4 0.517622965625 0.559756326388889 0.019496157812500046 0.013863933333333339
5 0.376275829296875 0.5701542777777777 0.007798463281250001 0.013863933333333339
5 0.2778202359375 0.5545573513888888 0.007798462500000003 0.017329919444444404
5 0.333384283984375 0.5718872694444445 0.007798463281250001 0.017329916666666712
0 0.32266139687499995 0.6186780479166667 0.009748078125000026 0.020795901388888816
0 0.30755187578125 0.6247435159722222 0.026319812499999973 0.039858809722222256
0 0.22469320937499998 0.6143455680555555 0.03801750625000002 0.0537227444444444
0 0.269046965625 0.6204110388888888 0.05263962343749999 0.06931966944444447
0 0.34410716914062495 0.6386074520833334 0.052639622656249996 0.08491659583333333
2 0.378712848046875 0.6186780479166667 0.018521349218750018 0.05198975138888894
0 0.386998714453125 0.6386074513888889 0.011697692968750006 0.02599487500000003
0 0.403083044140625 0.6368744583333333 0.028269427343749997 0.04332479166666666
0 0.399671217578125 0.6516048881944444 0.011697694531250047 0.03465983194444446
0 0.4099066988281249 0.6568038645833333 0.01267250078125004 0.045057784722222195
0 0.43037766406249994 0.6611363444444445 0.04191673749999998 0.0606547083333333
0 0.6365495234375 0.8049746569444445 0.2242058046875 0.2859436333333334
0 0.8544190765625 0.7417204597222222 0.06726174062499997 0.062387702777777714
0 0.766198966796875 0.7425869541666666 0.07798462734375003 0.07451864444444449
5 0.13062425117187498 0.5259629875 0.015596925781250003 0.022528891666666655
3 0.54662996171875 0.6916414763888888 0.024571473437500036 0.08944536388888882
5 0.512112891796875 0.6032361743055555 0.016380982031250026 0.033281995833333314