5 0.31197304921875 0.3438278805555556 0.009228509374999971 0.035156224999999985
5 0.29483438828124997 0.3098435298611111 0.006591792187500012 0.03281247638888891
5 0.28758341640624996 0.3063279083333333 0.007910149999999972 0.025781233333333337
5 0.302085359765625 0.3063279090277778 0.007910150781250014 0.03046872916666664
5 0.6217872890625 0.3883591006944444 0.01186522656250002 0.02109373472222218
5 0.605307807421875 0.3051560326388889 0.007910150781250014 0.03281247638888887
4 0.6204689300781251 0.32390602013888886 0.01713866015625003 0.01874998750000003
0 0.42205598046875004 0.44109344166666664 0.018457018749999943 0.028124983333333298
0 0.4517190453125 0.43406219513888894 0.030322243750000054 0.11718742083333329
2 0.402280603125 0.4164840833333333 0.029003885937500008 0.06796870277777774
0 0.379868509375 0.4364059430555556 0.0527343390625 0.09843743333333334
0 0.630356618359375 0.4317184465277778 0.02109373515624995 0.046874968055555556
0 0.66397476015625 0.45281218125 0.07250971562499994 0.10781242638888891
0 0.1702495125 0.4457809368055555 0.1476561484375 0.18281237361111108
0 0.297471105078125 0.4668746715277778 0.14897450703124998 0.17812487638888888
0 0.535434809375 0.45632780416666663 0.19248033593750008 0.38671848333333336
0 0.734506937109375 0.4762496666666667 0.13710928046874998 0.14999989722222223
0 0.062144117578125005 0.4328903208333333 0.050097619531250005 0.1195311694444444
0 0.045574002343749996 0.5617964819444444 0.09114800468749999 0.5507808722222223
4 0.860410170703125 0.3098435305555555 0.025048810156249955 0.07968744722222224
3 0.9151220480468751 0.4809371625 0.021093736718749943 0.10781242499999995