0 0.307182144921875 0.3744914541666667 0.008580507031249995 0.010677963888888876
0 0.29474041015625 0.3706778958333333 0.018019064062500024 0.01830508055555558
0 0.279724523046875 0.3645761986111111 0.012012710156249985 0.027457616666666716
0 0.266853762890625 0.35771179583333335 0.020593216406249983 0.041186427777777805
0 0.253124951171875 0.3592372194444445 0.030889824218749994 0.047288125000000035
0 0.20893534140624997 0.3447457013888889 0.0780826125 0.1098304944444444
0 0.123988324609375 0.38059314791666665 0.10554023515625 0.10525421805555557
0 0.03603812890625 0.39279653749999993 0.0720762578125 0.18152539444444443
0 0.48662198046875 0.37100476180555564 0.03689617812500003 0.053389820833333344
0 0.3690690375 0.35803866250000005 0.04547668749999998 0.07932201944444447
0 0.402103989453125 0.3786318840277778 0.06864405390625002 0.09610168194444448
0 0.332494640625 0.34932196805555554 0.030031773437499965 0.05491524166666662
3 0.3350687921875 0.36305077777777783 0.011154659374999997 0.06101693611111113
4 0.44232512773437505 0.2658050347222222 0.01115465859375 0.024406775000000006
4 0.462489318359375 0.2520762243055556 0.013728810156250049 0.018305081944444426