0 0.3687615375 0.43644369652777776 0.016389401562499996 0.021852534722222258
0 0.383785156640625 0.44615593472222215 0.01912096796874998 0.03156477500000005
0 0.407003475390625 0.45586817291666665 0.04370507265625001 0.05584536805555555
0 0.41792974374999997 0.4704365298611112 0.0546313375 0.07041372638888888
0 0.172771608984375 0.4534401138888889 0.025949886718750002 0.026708655555555558
2 0.14887039765625 0.42187533958333334 0.0655576078125 0.07041372638888888
0 0.11540870390625 0.5335660770833334 0.10516532656250002 0.1578238652777778
0 0.05053398828125 0.500787275 0.1010679765625 0.13597133333333333
0 0.510803019921875 0.5092854826388888 0.13657834609375002 0.1723922263888889
0 0.26564488476562503 0.6404006944444444 0.32095911640625 0.49289608055555545
0 0.043192881640625 0.7506172527777778 0.010926267968749997 0.0
0 0.944609975390625 0.8635220215277779 0.10653111015625001 0.26951460416666667