4 0.20324743593749997 0.2902761138888889 0.012672501562499994 0.008664958333333356
4 0.21738214960937502 0.3067395361111111 0.011697694531250002 0.010397952777777775
5 0.3636033265625 0.25215029652777776 0.007798462500000003 0.025994876388888914
5 0.46449593867187494 0.21835695763888888 0.00877327109375008 0.027727868055555563
5 0.3714017890625 0.25301679236111113 0.005848846875000024 0.027727868055555563
5 0.473269209375 0.21749046180555556 0.006823654687500014 0.02946085972222221
5 0.45864709140625004 0.21922345347222225 0.004874039062500035 0.02946085972222225
5 0.20178522421874998 0.34746484097222224 0.011697693750000005 0.019062909722222205
0 0.027782023437499997 0.5311619638888889 0.055564046874999995 0.1854301138888889
0 0.24711378867187497 0.43151493958333337 0.11015328671874998 0.10744548749999999
0 0.319249569921875 0.40378707222222227 0.07506020546875 0.0866495861111111
0 0.389435734375 0.3933891215277778 0.036067890625 0.10051352083333333
0 0.35726707539062497 0.3942556173611111 0.028269427343749997 0.04332479305555555
0 0.48642911484375 0.43671391527777775 0.18911272187500003 0.33966637777777775