5 0.6093216640625 0.3726073763888889 0.010546873437500003 0.03749999722222223
5 0.40937051796875 0.4140136208333333 0.006152342187500004 0.02968749722222223
5 0.40321817421875006 0.4124511215277778 0.00439453125 0.032812495833333344
5 0.415522860546875 0.4124511201388889 0.006152342968750002 0.029687495833333345
5 0.60185096328125 0.37885737430555555 0.00791015625 0.024999995833333344
5 0.6176712730468751 0.372607375 0.007910155468750003 0.03124999444444446
5 0.31620646640625 0.4882323597222222 0.014941404687500003 0.024999994444444378
4 0.411567783203125 0.44838861875 0.033398433593750054 0.014062498611111115
4 0.590864634765625 0.41791986875000003 0.02460937109375001 0.015624998611111114
0 0.40497598671874996 0.5507323527777778 0.06064452343749997 0.04999999444444446
0 0.45946816718749994 0.550732354861111 0.029003903125000008 0.07499999305555557
0 0.511323628515625 0.5655761013888889 0.09580076953125002 0.18281247777777776
2 0.11669477304687499 0.57260735 0.23115231484374998 0.33124995833333337
0 0.258198660546875 0.5921385972222222 0.013183591406250006 0.08281249166666668
0 0.3293900578125 0.5944823479166668 0.14501951250000006 0.19374997638888886
0 0.59745643125 0.664013588888889 0.2346679390625 0.33906245833333337
4 0.595259165625 0.4624511131944445 0.012304685937500004 0.026562498611111113
4 0.589814546875 0.3934539493055556 0.010990954687500044 0.015986843055555512