0 0.22582354140625 0.40978457430555554 0.12168729687500002 0.13728823472222224
0 0.539051340234375 0.37899873958333335 0.010530632031249976 0.012480751388888853
0 0.535541129296875 0.3956397354166667 0.008190489843750015 0.020801245833333346
0 0.540221409765625 0.4039602333333333 0.01053063046875007 0.024961497222222247
0 0.5191601464843749 0.3779586770833333 0.010530630468749979 0.010400626388888886
0 0.516234972265625 0.3873192361111111 0.011700700781250007 0.012480747222222198
0 0.5174050425781249 0.4070804215277778 0.009360560156250041 0.018721120833333375
0 0.505704340625 0.39355961041666665 0.016380981250000027 0.054083243055555626
0 0.4563273640625001 0.4050002951388889 0.01872112187499999 0.018721123611111067
0 0.37243333828125 0.40188011111111116 0.045632737499999985 0.058243494444444446
0 0.42496949023437497 0.4025041381944444 0.04446266640624996 0.0395223708333333
0 0.48499408398437505 0.40042401250000004 0.043292596093750024 0.06448386666666665
0 0.562803750390625 0.39314357847222225 0.042122525781249996 0.07488449027777777
0 0.6211902449218749 0.39210351527777776 0.038612316406249916 0.05200311944444446
0 0.68554410390625 0.40978457569444443 0.080734840625 0.08736524027777774
0 0.040952455859375 0.4638678159722223 0.08190491171875 0.17473047916666667
3 0.74963713515625 0.3941836409722222 0.01638098437500002 0.07696461527777775
3 0.12130945703125 0.40978457430555554 0.02574154375000002 0.1206472347222222
7 0.34692580429687503 0.4058323430555556 0.02223133515625002 0.05200311944444446
7 0.33522510156249996 0.4183130916666667 0.04329259687499998 0.03120187222222223
7 0.301878103125 0.4224733402777777 0.03510210468750001 0.06032361666666672
5 0.6514950730468749 0.30605785694444443 0.007020422656249981 0.034673072222222205
5 0.598256880859375 0.37296637222222223 0.0058503523437499535 0.01872112222222226
4 0.44904102890625 0.3421155152777778 0.03393203437499999 0.016640999999999986