4 0.42062958632812497 0.5770862444444446 0.010722886718749968 0.006931966666666669
4 0.38894833085937497 0.571887270138889 0.00974807890624998 0.01039795138888885
4 0.409906698828125 0.5944161611111112 0.028269427343749997 0.027727866666666597
4 0.3699395765625 0.5874841951388889 0.047765584375 0.038125818055555524
4 0.753526465234375 0.6550708715277778 0.01949615703124996 0.03812581805555561
0 0.47716843984375 0.6654688215277778 0.04386635312499996 0.07625163750000002
0 0.514698542578125 0.6706677965277777 0.02924423515625003 0.05892171805555554
0 0.326073225 0.6550708715277778 0.039967121875 0.06238770138888883
0 0.351905633203125 0.6498718965277778 0.017546541406249984 0.03119384861111109
0 0.625826636328125 0.7009951534722223 0.15986848671875 0.18889609861111115
0 0.4079570828125 0.7035946409722222 0.13744790625000003 0.19409507361111109
0 0.1462211765625 0.67933275625 0.19106233749999996 0.19756105694444445
2 0.83004888046875 0.6048141118055556 0.08285866562499997 0.2079590069444445
0 0.014134713671874998 0.5909501791666667 0.028269427343749997 0.027727866666666677