3 0.6942743082031251 0.7415294868055555 0.053795539843750004 0.3520532513888889
3 0.619818164453125 0.7443015604166667 0.04521943828124995 0.2966117930555556
3 0.26624893710937503 0.6902461381944445 0.02884688671875 0.1413757152777778
3 0.291977234765625 0.6985623597222222 0.017931846093750002 0.12474328055555553
0 0.45141473828124995 0.7049381361111112 0.11382824062500001 0.09979461944444452
0 0.5788360984375001 0.7058120923611111 0.16440620624999996 0.10154253194444442
0 0.7247188351562499 0.7149529361111111 0.038241937500000045 0.0560665472222222
0 0.799666224609375 0.7325057708333332 0.11062846171874999 0.09671636111111105
0 0.858311740234375 0.7409750805555556 0.025728303906249826 0.06930182499999991
0 0.940520461328125 0.7516937590277777 0.10291320234374997 0.06652974861111116
0 0.9814518515625 0.7475356465277778 0.03508404531249987 0.07207388750000013
3 0.783153894140625 0.6659905041666666 0.019491136718749934 0.03742298333333333
3 0.71922296484375 0.6701486097222222 0.019491137499999932 0.020790544444444472
4 0.44938765546875 0.42828525694444447 0.04054156562499998 0.0914784055555556
4 0.44782836484375005 0.4878848222222222 0.04366014843750001 0.022176583333333375
4 0.43223545507812505 0.53154496875 0.018711496093750047 0.04851127638888894
4 0.47511595624999997 0.5294659138888889 0.032745106249999975 0.044353166666666666
4 0.4639670359375 0.6237163972222223 0.02260972031249997 0.05544146666666671
4 0.66581725078125 0.4851127479166667 0.035863696875 0.060985598611111094
4 0.6658172496093749 0.5336240243055557 0.03118581796875004 0.030492801388888876
0 0.76210717890625 0.7286606736111111 0.09014170937500002 0.07041372500000007
5 0.111311353125 0.6295958381944444 0.009560484374999989 0.0956655291666667