3 0.37120461171874997 0.581615538888889 0.030495649999999985 0.12729428888888886
3 0.5009762175781249 0.5954867118055556 0.03164060390625005 0.1362866513888889
4 0.17863757265625 0.32484352361111113 0.030322245312500006 0.023437483333333335
4 0.179296751953125 0.3515622576388889 0.03164060390625001 0.02812497638888891
4 0.21555161054687497 0.36562474791666666 0.030322246093750005 0.02812497916666668
4 0.22214340195312499 0.3902341083333334 0.03559567890625002 0.025781230555555527
4 0.19577623203125 0.41835908611111106 0.03295896093750002 0.030468727777777756
5 0.21686996796875002 0.24257795694444448 0.019775376562499992 0.0679687
0 0.7270746953125 0.5922102354166666 0.07514643281249996 0.09692121805555555
0 0.9328458140624999 0.5717322840277778 0.02130813281250017 0.03661275416666664
0 0.9168523933593751 0.5650777326388889 0.00804199453124994 0.0351562236111111
0 0.901757193359375 0.5660152368055555 0.01713866015624994 0.02812497916666664
0 0.88725524921875 0.5707027312499999 0.009228509375000016 0.03281247638888887
0 0.87011658828125 0.5847652222222222 0.03295896250000006 0.06093745833333328
0 0.763988733203125 0.5789058520833333 0.03164060390625005 0.06328120694444447
0 0.818700608984375 0.5624996125 0.07514643046874996 0.14765614722222226
0 0.96306086015625 0.5718746076388889 0.01713865937500003 0.018749987499999954
0 0.992007175390625 0.5622078069444445 0.012639550781250009 0.045114833333333354