5 0.641422494921875 0.14333096111111113 0.017219396093750026 0.07500003333333335
4 0.353797078125 0.22182954305555552 0.03185588125000001 0.06581635555555555
5 0.638593588671875 0.24610069236111112 0.025829092968750002 0.04744900138888886
0 0.8045762539062501 0.3780613944444445 0.018080365625000105 0.02755103333333327
0 0.9005743835937501 0.3650511840277778 0.020663273437500074 0.038265323611111096
0 0.874314805859375 0.36887771666666663 0.028412002343749874 0.052040838888888885
0 0.83858456015625 0.3841838458333333 0.05338012656249998 0.06122451666666665
0 0.761527765625 0.4170920243055556 0.0904018265625 0.12704087361111113
3 0.65648945234375 0.41096957222222225 0.0387436390625 0.20051029444444446
3 0.614301933984375 0.40102058819444447 0.03529976015625005 0.1653061958333333
3 0.55403404921875 0.39872466874999996 0.023246182812500037 0.12091842083333333
3 0.624203086328125 0.42780631458333335 0.010331636718750037 0.07806125972222218
3 0.6874843648437501 0.3903062972222222 0.012914546874999999 0.07653064444444446
0 0.10632976718750001 0.49897981597222224 0.21265953437500001 0.2479592958333334
5 0.38812299023437496 0.1003867 0.03061996328124996 0.11431453055555557