5 0.325815812109375 0.3203903965277778 0.023730452343749996 0.04453121805555556
5 0.3047220765625 0.31687477569444444 0.02109373593749999 0.051562462499999975
4 0.24210004960937503 0.3567184979166667 0.017138660156249985 0.0374999736111111
4 0.31658730273437496 0.19734360694444447 0.055371055468750006 0.028124980555555564
4 0.27967326562499994 0.018984358333333333 0.03955075468750002 0.037968716666666666
3 0.8439306902343751 0.5465621180555555 0.11074211171875001 0.5109371472222222
0 0.14585988125 0.46101530069444446 0.01186522656250002 0.016406240277777803
0 0.13465383476562498 0.462187175 0.010546867968749995 0.018749988888888916
0 0.125425324609375 0.4657027979166667 0.010546867968749995 0.02109373472222226
0 0.082578674609375 0.4797652881944444 0.01977537734375 0.0398437236111111
0 0.1115825609375 0.46921842152777776 0.022412093749999994 0.02812498194444449
0 0.055552326171875 0.48210903611111117 0.03691403671875 0.04921871666666667
0 0.17618212578124998 0.5067183944444444 0.0751464328125 0.09374993611111111
7 0.671884910546875 0.5324996270833334 0.08833001640624998 0.16406238750000005
0 0.78790045546875 0.5324996277777777 0.061962848437499926 0.10781242777777772
0 0.9269872738281251 0.4750777916666667 0.11337882890624992 0.26015607222222226