0 0.413619803125 0.43162588194444446 0.015210912499999996 0.027041619444444442
0 0.39489868085937496 0.4357861354166666 0.03861231484375001 0.04784287083333333
0 0.363306787890625 0.4316258847222222 0.02223133359374998 0.035362119444444395
0 0.32469447109375 0.4378662576388889 0.06201371718750002 0.06032361805555553
0 0.26502089296875 0.44306657083333334 0.045632737499999985 0.058243491666666675
0 0.204762277734375 0.4545072541666667 0.11232673515625 0.1019261111111111
0 0.13865331484375001 0.43890631874999997 0.07839470000000001 0.07072424027777775
4 0.1328029640625 0.4222653243055556 0.017551053125000004 0.03328199583333339
4 0.13455806914062501 0.45970756666666673 0.023401403906250007 0.029121744444444413
0 0.053823228125 0.4576274416666667 0.10764645625 0.11648698611111112
2 0.44427565703125005 0.4451466951388888 0.06669399999999995 0.09984598750000002
0 0.5507520421875001 0.44202650972222224 0.015210912499999996 0.03120187222222223
0 0.55894253203125 0.4451466951388888 0.015210912499999996 0.03744224305555556
0 0.5753235148437501 0.4524271319444444 0.03159189531250002 0.05200311666666669
0 0.585269112109375 0.46386781875 0.03744224453124998 0.05408324305555554
4 0.62856170703125 0.3827429548611111 0.00936056093750004 0.02496149583333328
5 0.4589015328125 0.34946095833333335 0.007020420312499986 0.02080124444444446
0 0.5220853234375 0.3640218284722222 0.007020420312499986 0.020801245833333305
5 0.51765366484375 0.36298176597222226 0.007517667187499999 0.022881370833333314
5 0.829462733984375 0.3557013333333333 0.043292596093749934 0.05408324444444443
3 0.77563950546875 0.5231513708333334 0.04095245624999997 0.16016960833333332
3 0.8838709957031249 0.54603274375 0.03744224609375006 0.1851311013888889
3 0.91780303203125 0.5730743659722222 0.02574154218749989 0.1352081069444444
4 0.13309547929687499 0.18201091458333332 0.04914294609375001 0.09568573472222221
5 0.541449969921875 0.027041620833333335 0.030421824218749994 0.052003119444444454
5 0.51395332109375 0.02912174583333333 0.024571473437500036 0.056163369444444444
0 0.503861448046875 0.49492109652777777 0.11700701796874995 0.18097085138888888