7 0.8173763792968749 0.56928778125 0.04191673671874998 0.1299743819444444
0 0.91388235625 0.5649553020833333 0.17059137343750005 0.36739424583333335
0 0.7318400890625 0.5177818090277778 0.08431467968750006 0.0997480875
0 0.6955253984375 0.5034340951388889 0.02242057968749993 0.07105265972222223
0 0.67846626015625 0.4956356347222223 0.027294620312499962 0.06931966944444447
0 0.6560456800781249 0.4956356340277778 0.023395388281250006 0.045057784722222195
0 0.6419109671875 0.49216965138888896 0.016571732812499997 0.03465983333333335
0 0.630213272265625 0.48437118611111113 0.014622117968750015 0.03292684166666662
4 0.8280992644531249 0.3535303118055556 0.038017505468750025 0.048523768055555534
4 0.83004888125 0.3933891215277778 0.036067889062499955 0.02426188472222219
4 0.7033238613281251 0.4193839979166667 0.014622116406250019 0.0415918013888889
4 0.960185728125 0.28247765208333336 0.03704269687499995 0.03465983472222219