0 0.414145829296875 0.45585906111111113 0.010546867968750017 0.016406238888888917
0 0.40623567851562503 0.45820281041666666 0.00527343359375001 0.02578123194444449
0 0.400303065625 0.46289030694444444 0.01186522656250002 0.035156224999999985
0 0.38316440546874997 0.46171843263888884 0.0250488109375 0.0374999736111111
0 0.348887085546875 0.4699215513888889 0.03559567890624997 0.07265620000000005
0 0.33174842499999996 0.48164029374999995 0.027685528125000004 0.07734369583333339
0 0.3139505859375 0.4957027840277778 0.026367168750000003 0.09609368472222223
0 0.249351020703125 0.4992184069444444 0.15556629921875 0.182812375
0 0.08446557734375 0.5953120909722223 0.1689311546875 0.4218747097222222
0 0.43194366874999995 0.4558590618055556 0.011865226562499932 0.02109373472222226
0 0.4431497160156249 0.4593746847222222 0.00527343359375001 0.028124980555555606
0 0.448423149609375 0.4617184326388889 0.00527343359375001 0.02343748472222226
1 0.511045176953125 0.42890595486111116 0.11997062109375004 0.24843732916666666
3 0.5894875058593749 0.49218716180555555 0.010546867968750017 0.10312492916666668
3 0.5776222796875 0.49335903541666665 0.01054686718749993 0.058593709722222165
3 0.573008025 0.4781246708333334 0.01186522656250002 0.08437494166666673
1 0.79581060625 0.4546871875 0.4073727671875 0.9046868777777778
4 0.105649948046875 0.18281237430555555 0.05800777265625 0.11249992361111112
4 0.30933633125000004 0.3785153645833333 0.014501943749999979 0.03515622638888887
4 0.292856850390625 0.3714841194444445 0.010546867968750017 0.016406238888888917
4 0.247373483203125 0.34453101319444446 0.01713866015625003 0.046874968055555556
3 0.13926808867187498 0.44531219375 0.014501942968750004 0.07499994861111109