0 0.20788228710937498 0.5208844354166667 0.13557201015625 0.0823728652777778
0 0.56568942109375 0.47359630833333327 0.013728810937499957 0.03355931944444445
0 0.5236449390625 0.48198613749999997 0.020593217187500023 0.03813558611111113
0 0.5051968484374999 0.48427427222222214 0.0334639765625 0.04271185555555558
0 0.49189706289062496 0.4957149472222222 0.03088982421875004 0.044237277777777785
0 0.47130384609375 0.5041047750000001 0.02402541874999997 0.05186439166666664
0 0.43526571875000003 0.5048674902777778 0.061779649999999985 0.08084744166666663
0 0.5982953484375 0.5002912201388889 0.06864405468749997 0.1052542180555556
0 0.5442381562499999 0.48732512013888885 0.030889824999999947 0.04576270138888887
3 0.76304108046875 0.42859631736111115 0.012012709374999986 0.0411864319444445
4 0.62152365 0.4111016166666666 0.018877114062499967 0.010677963888888876
4 0.641687841796875 0.41644059999999994 0.007722455468750056 0.009152541666666597
5 0.59864229453125 0.40118636527777785 0.003432203125000033 0.015254236111111099
5 0.603361574609375 0.40423721180555555 0.0042902539062500186 0.015254234722222293
5 0.6441189816406251 0.4301694104166666 0.00858050703125004 0.012203387500000041