4 0.764736755078125 0.17676515625 0.01852134921875006 0.027727868055555563
4 0.31827476171875 0.2798781645833333 0.008773270312500036 0.008664959722222242
5 0.018335436328125 0.2391528576388889 0.009376252343749999 0.024261881944444456
5 0.031214053515624996 0.23741986666666667 0.009360561718749999 0.02079590000000001
5 0.07213578125 0.025994875694444444 0.023395387499999996 0.05198975138888889
5 0.536144314453125 0.21315798333333333 0.015596925781250003 0.027727866666666677
3 0.573674416796875 0.32406945347222227 0.024370196093749998 0.1178434375
3 0.07749722343750001 0.3223364611111111 0.018521350000000002 0.034659833333333306
3 0.10625405546875 0.31453799652777775 0.013647309375000017 0.02252889305555554
3 0.2934171609375 0.32146996527777777 0.009748078124999981 0.029460858333333326
0 0.356779671484375 0.3509308256944444 0.06238770234375002 0.07105266249999996
0 0.35824188359375003 0.31107201458333333 0.04191673750000002 0.019062909722222205
2 0.359704095703125 0.2859436354166667 0.035093082031249966 0.024261881944444456