4 0.777278105078125 0.39731123819444447 0.024139072656249993 0.042913906944444434
4 0.7752665140625 0.3347284576388889 0.048278145312499986 0.08225164861111113
4 0.8376257839843749 0.36601984791666664 0.03218542890624985 0.06258277916666669
4 0.8496953203125 0.2882383958333333 0.028162249999999923 0.04291390555555555
0 0.5197946699218751 0.46972845277777775 0.008046358593750025 0.02682119166666668
0 0.5293497199218751 0.47241057152777777 0.013075330468749957 0.0321854291666667
0 0.5489627164062499 0.4733046145833333 0.022127482812499988 0.04470198472222222
0 0.56958150703125 0.49118540624999996 0.04324917187499997 0.055430459722222186
0 0.6218828296875 0.5028079229166666 0.06336506406250005 0.10370860138888895
0 0.705363786328125 0.524264875 0.11365479765625004 0.1394701916666667
0 0.846677937109375 0.5680728222222222 0.26754138203125005 0.23781456111111116
0 0.9512497136718749 0.6690941666666667 0.09649455234374997 0.24318908055555563
4 0.47604260195312503 0.4545297784722222 0.007040563281250023 0.014304637500000043
0 0.48559765312500003 0.47241057361111116 0.012069535937499954 0.021456952777777774
0 0.4770483972656249 0.48045693055555555 0.013075330468749957 0.0339735083333333
0 0.4654817578125 0.4858211694444445 0.028162248437500016 0.048278144444444455
0 0.45290932382812504 0.4929734868055555 0.027156455468750007 0.05185430416666661
0 0.42776445859375 0.49565560694444444 0.04526075781249998 0.08940396944444444
0 0.41720361484375 0.5117483201388889 0.032185429687499933 0.08940397083333333
0 0.367416778515625 0.5251589159722222 0.10359685078125 0.16271522361111104
0 0.139201975 0.6544543201388889 0.27840395 0.5514091597222223