5 0.6745216265625 0.3110154041666666 0.03823239687499998 0.06796870277777778
5 0.9342382453125 0.4481246847222222 0.009228509375000016 0.018749986111111068
5 0.926328094921875 0.4504684333333333 0.009228510156249925 0.018749986111111148
5 0.84458986953125 0.48445278472222225 0.006591792187500012 0.021093736111111067
4 0.6784767023437499 0.17859361875 0.061962848437500016 0.04218747083333331
4 0.720004994140625 0.07078119305555555 0.05273433828125 0.07499994722222222
4 0.9019384628906251 0.44929655902777776 0.01845701796875012 0.011718743055555573
4 0.8333838226562499 0.45164030763888896 0.015820301562500028 0.03046872916666664
3 0.75098641796875 0.5149215138888888 0.030322243750000054 0.06796870277777774
3 0.805698294921875 0.5348433756944445 0.013183583593750025 0.056249962500000014
6 0.879526369140625 0.5782027215277777 0.026367169531249957 0.07734369861111116
3 0.8188818796875001 0.5582808583333333 0.026367170312500042 0.11249992500000003
3 0.6725440894531249 0.5442183673611111 0.042187471093749984 0.1828123736111111
3 0.180796380078125 0.6391401784722223 0.15029286484375 0.5601558652777778
4 0.15311085273437502 0.3508591263888889 0.03691403671875 0.06796870277777782
2 0.91248533046875 0.5289840041666666 0.029003885937499873 0.07734369722222227
2 0.96126459375 0.5278121291666666 0.07646479062500014 0.1546873916666667
2 0.9731298199218751 0.5442183694444445 0.05273433828125 0.14062490555555557