0 0.45810578359375 0.6750003104166666 0.14643381249999998 0.20342475138888882
0 0.591736637890625 0.6543733256944445 0.10802494296875001 0.1337197652777778
0 0.7225668484375001 0.6543733229166667 0.131230303125 0.1451001736111111
0 0.34247908242187497 0.6216546569444444 0.060814042968749996 0.07397263611111107
0 0.305270490234375 0.6060066013888888 0.045610530468749966 0.07397263888888893
0 0.23605450859375 0.6003163965277778 0.028806651562500018 0.0312961152777778
0 0.17764101953125003 0.5932036458333333 0.062414412500000016 0.042676522222222166
0 0.27566365390625 0.5981825715277778 0.02160498906249999 0.02702846527777775
0 0.398892109375 0.6159644541666667 0.02320535781249995 0.045521619444444404
0 0.37968767382812496 0.6095629763888889 0.028006467968749994 0.049789274999999994
0 0.659352252734375 0.6394365423611111 0.03360776171875006 0.06401478194444445
0 0.8389937339843752 0.6536620493055556 0.11282605390625004 0.12376190972222226
0 0.5301224121093749 0.6244997597222222 0.04080942265624996 0.06259223055555552
4 0.369285272265625 0.4338779652777778 0.10482420546875 0.10526875555555554
4 0.46450726015625 0.44383582013888895 0.08722014062499994 0.1024236486111111
4 0.55452804765625 0.4530823993055556 0.08802032500000001 0.09246579583333335