5 0.567379081640625 0.06045921180555555 0.014636486718749975 0.06581635694444445
5 0.5923472058593751 0.21045927777777781 0.02496812421875001 0.04744900000000002
5 0.56953150625 0.2096939715277778 0.02066327499999998 0.042857162500000004
4 0.5445633828125 0.11020413055555556 0.03443879218749997 0.018367349999999998
4 0.559630354296875 0.13545924513888888 0.012914547656249997 0.019897968055555538
4 0.572114415625 0.15612252083333333 0.013775517187499985 0.030612258333333347
4 0.69092824375 0.18214293958333336 0.044770428125000004 0.058163290277777786
4 0.63324326875 0.19362253611111113 0.015497454687499967 0.019897966666666673
2 0.45486599492187507 0.28388086875 0.03357782265625007 0.10408167916666665
0 0.4768207226562501 0.3045441409722222 0.029272971875000043 0.03826532361111114
0 0.503080302734375 0.3091359784722222 0.023246185156249943 0.03826531805555555
0 0.538810548046875 0.29765638194444444 0.04132654921874997 0.03673471111111112
0 0.5874553398437501 0.31143189861111115 0.05596303593750003 0.048979613888888884
4 0.61113200703125 0.25020738263888886 0.01894133281250001 0.02448980694444442
0 0.629642857421875 0.3007176097222222 0.04046557890624998 0.05510206666666666
0 0.74286038359375 0.2570951395833333 0.07404339999999995 0.022959190277777788
0 0.729515352734375 0.3030135298611111 0.08007018984375006 0.08112248750000002
0 0.531492304296875 0.30990128749999996 0.04390945859375002 0.03673471111111112
0 0.65762437578125 0.30607475625 0.07576534062500002 0.06581635972222222
0 0.842458925390625 0.5079765166666667 0.31081008984374997 0.46989816944444446
0 0.27879767578125003 0.51333365625 0.5544645359375 0.3336736152777778