4 0.442562762109375 0.4107190388888889 0.023395388281250006 0.024261883333333303
5 0.5756240328125 0.38299117222222223 0.008773270312499993 0.03465983611111112
5 0.6219274058593751 0.4055200638888889 0.015596925781250003 0.062387702777777714
3 0.640936158203125 0.5276959805555556 0.016571732031249998 0.0745186444444444
1 0.56295153125 0.49303614583333333 0.32071178125 0.0987805277777778
0 0.34264495781250004 0.5545573527777777 0.039967121875 0.07625163611111105
0 0.325585820703125 0.5467588902777777 0.021445772656249983 0.06412069444444445
2 0.15694406328125 0.42978194791666663 0.3138881265625 0.45057784861111116
0 0.436713914453125 0.602214625 0.19691118359374998 0.3102055194444444
0 0.79739281875 0.5476253840277778 0.031193853125000004 0.0762516319444444
0 0.33825832265625 0.26861371666666667 0.037042698437499987 0.02772786666666664
1 0.41283112265625005 0.29720808125000003 0.05556404687500001 0.03639282638888892
2 0.511774119140625 0.3258024451388889 0.025345003906250073 0.024261884722222227
4 0.468395169921875 0.27381269166666666 0.014622117968749926 0.027727866666666677
4 0.680903280859375 0.35526330347222224 0.00877327109374999 0.0311938513888889
4 0.679441068359375 0.3041400479166667 0.007798461718750005 0.05025675972222226
4 0.654583468359375 0.42718246111111113 0.018521349218749972 0.012130944444444462