1 0.081396455078125 0.6992621604166668 0.16279291015625 0.18196413194444455
0 0.353855248828125 0.7113931034722223 0.09358155546874998 0.10224651250000005
2 0.481067671875 0.7087936173611111 0.045815968750000026 0.05892171805555554
0 0.575136630078125 0.7148590874999999 0.023395389843750003 0.03292684444444439
2 0.29341716171875004 0.6845317326388889 0.13452348281249998 0.1455713069444444
2 0.509824503125 0.6879977152777778 0.04289154531249997 0.07971761944444443
2 0.536144315234375 0.7001286583333333 0.013647310156250026 0.062387705555555485
2 0.551253837109375 0.7018616499999999 0.020470966406249947 0.05892171944444434
0 0.41039410390625 0.7070606243055555 0.056538854687499994 0.06238770138888891
0 0.45426045625 0.7209245590277777 0.013647309375000027 0.031193851388888937
4 0.2529626359375 0.5545573520833332 0.036067890625 0.020795901388888892
4 0.262710714453125 0.5918166743055555 0.06336251015625001 0.046790776388888844