0 0.257672834375 0.5190706416666667 0.18165739843749998 0.19820320833333338
0 0.565632802734375 0.5149125319444445 0.09433710390624998 0.09840858611111108
0 0.622157101171875 0.5024382034722222 0.024948657031249953 0.0401950541666667
0 0.637750010546875 0.5052102770833333 0.023389364843750027 0.0401950569444444
0 0.6568513250000001 0.4948150048611112 0.019491137499999932 0.019404512500000002
0 0.6786813984375 0.5059032951388889 0.02105042812500004 0.027720729166666618
0 0.83344102890625 0.5121404597222222 0.08420171406249999 0.048511275000000055
0 0.7851030078125001 0.5065963131944444 0.028067237499999998 0.040195054166666626
0 0.8735927710937499 0.5086753680555556 0.041321210937500116 0.049897311111111106
0 0.9153038046875001 0.5065963138888889 0.038982275000000045 0.04019505555555551
0 0.900880362890625 0.4934289673611111 0.036643336718750065 0.027720729166666618
0 0.9659807621093751 0.5176846055555556 0.06704951328124995 0.09840858611111108