0 0.334056047265625 0.5510202902777778 0.05165815078125 0.08816324444444451
0 0.6336733304687501 0.5556121270833333 0.04959182656249998 0.07530610694444444
0 0.55566951953125 0.5859182402777777 0.12914538125000002 0.15428568055555555
0 0.41154327539062496 0.5906662680555556 0.17150506640625 0.3211161277777778
0 0.202261844921875 0.566668404861111 0.07748722734374999 0.10469385416666666
0 0.23377331796875 0.6015663583333334 0.14464282500000003 0.16714281944444442
2 0.10876058984374999 0.5124847479166668 0.15910710781249998 0.13959180694444445
3 0.12890726953125 0.5620765708333333 0.025829076562499997 0.08816324444444443
0 0.80407931875 0.6915663416666666 0.3843366531249999 0.40591828333333335
4 0.5386066902343749 0.34065681736111114 0.019630097656250012 0.058775495833333365
4 0.6527712078125 0.2927347416666667 0.028928564062499974 0.04040815555555552
4 0.6548375339843749 0.32304085625 0.033061216406249996 0.016530609722222225
4 0.62384264296875 0.36987758611111116 0.024795914062500035 0.0514285611111111
4 0.6284918749999999 0.4240612458333333 0.03202805468749999 0.0532652944444444
4 0.5432559250000001 0.46355103194444447 0.024795912500000038 0.022040813888888917
4 0.210060841796875 0.3946734965277778 0.01343111953124998 0.03122448472222222
5 0.219359309375 0.49202041527777773 0.017563770312500004 0.0202040777777778
5 0.48023297851562496 0.3404898354166666 0.012397957031250063 0.036734684722222216
5 0.281865673828125 0.37997962083333336 0.006198980468749981 0.031224480555555562
5 0.27205062578124994 0.3799796222222222 0.007232140624999994 0.02755101388888887
5 0.28858123437499994 0.3808979895833333 0.007232140624999994 0.029387748611111104
5 0.4688681859375 0.3395714666666666 0.0061989781249999435 0.038571422222222214
5 0.49004802890625 0.34232656874999995 0.007232142187499946 0.040408151388888904
4 0.657420441015625 0.38640819305555557 0.015497446093749988 0.03306121944444445
4 0.70339619609375 0.4580408340277778 0.010331629687500055 0.04775509027777771
5 0.67963344609375 0.4387551243055555 0.02272958593750003 0.02755101249999999
0 0.97356833359375 0.5250816333333332 0.050624989062499993 0.05326529444444448
4 0.6300416195312499 0.4874285798611111 0.02892856562499997 0.0551020319444444
0 0.008220604296875 0.5667457923611111 0.014327842968749999 0.03820758194444444