2 0.057693766015625 0.4317503486111111 0.06549022109375 0.06514371111111106
6 0.023779187109375 0.44491769166666667 0.04288050078125 0.04712523888888885
0 0.12279416484375001 0.4289782743055555 0.047558375 0.05405542361111115
0 0.256893189453125 0.43382940138888887 0.021050428906249995 0.03049280277777784
0 0.2717064515625 0.43105732986111117 0.011694682812499968 0.036036945833333396
0 0.28535024921875 0.43105732847222217 0.012474328125000022 0.02494865694444444
0 0.29509581796875 0.4317503465277778 0.010135392187499991 0.026334693055555566
0 0.307180323046875 0.43590845763888886 0.015592910156250018 0.020790545833333358
0 0.33602720625 0.4407595826388889 0.014033618749999999 0.02217658194444441
0 0.323552878125 0.4393735486111111 0.010915037500000002 0.013860363888888906
0 0.35239976054687505 0.4407595826388889 0.010915036718750003 0.02217658194444441
0 0.36877231523437504 0.44006656736111105 0.01403361796875 0.01524640138888892
0 0.5855137625 0.4906568972222222 0.0842017125 0.11642706111111115
0 0.541073969140625 0.474717475 0.04677872890624997 0.09009236666666662
0 0.52626070546875 0.4587780576388889 0.04989731093750001 0.0776180402777778
0 0.50404080859375 0.4539269284722222 0.025728299999999926 0.06514371250000003
0 0.49351559414062496 0.4539269298611111 0.024948655468750046 0.05405542361111115
0 0.47987179921875 0.4421456201388889 0.035084048437500036 0.05544145694444443
0 0.38124664609375003 0.4386805291666666 0.015592909374999974 0.03742298333333333
2 0.176979526953125 0.42204809236111107 0.059253057031250014 0.06514371250000003
0 0.66230884296875 0.5183776236111112 0.16294590781250004 0.16632437222222218
0 0.40814441445312494 0.4525408902777777 0.061591992968749974 0.09563651388888883
3 0.9059480593749999 0.4989731124999999 0.04677872812499988 0.18295680833333333
5 0.268587871875 0.32086743194444445 0.0070168093749999995 0.023562616666666654
5 0.260791416796875 0.3187883770833333 0.007016810156249997 0.022176581944444447
5 0.434652359765625 0.3423509965277778 0.005457517968750025 0.019404512500000002
5 0.428805018359375 0.34235099652777784 0.006237164843749987 0.022176581944444447
5 0.359806393359375 0.35759739791666667 0.005457517968749981 0.02217658194444441
5 0.154759628515625 0.37215078263888884 0.010135389843749999 0.01524640138888892
5 0.3469422421875 0.39224830625 0.0062371640624999895 0.013860365277777712
5 0.5083288593749999 0.40056452569444445 0.014033618749999999 0.01940450694444446
4 0.2475374421875 0.2862165208333333 0.025728301562499965 0.07068785833333335
4 0.15631892070312498 0.3472021256944445 0.010135391406250017 0.012474329166666662
4 0.358636925390625 0.38878321597222226 0.012474327343750025 0.0180184736111111
4 0.22453790117187503 0.3160163041666667 0.02027078359375003 0.013860361111111096