0 0.166704979296875 0.5684213222222222 0.01788002890625 0.031786719444444445
0 0.21140505273437502 0.5702911291666666 0.03996712421875002 0.046745175000000055
0 0.244009810546875 0.5534628687500001 0.02734592734375001 0.024307490277777788
0 0.264519257421875 0.5618769979166667 0.024190627343749993 0.02243768472222227
0 0.24032862968749996 0.5712260326388889 0.03681182499999998 0.03739614027777781
0 0.34497938828125 0.5562675791666667 0.01682826249999998 0.02617729722222227
0 0.36075588593749996 0.5553326756944444 0.010517664062499987 0.024307490277777788
0 0.37337708203125 0.5515930618055556 0.010517664062500032 0.020567876388888903
0 0.384946513671875 0.5487883513888889 0.012621197656249982 0.0186980694444445
0 0.46014781210937505 0.5665515173611111 0.06415775234375003 0.09536015694444444
0 0.587937433984375 0.5478534479166667 0.03576005859375 0.03178671805555556
0 0.69101054375 0.5702911319444444 0.05469185468749993 0.07666208611111114
0 0.65893166796875 0.59085900625 0.07888248281249996 0.08414131527777778
0 0.5306161632812499 0.5665515180555556 0.04522595625000001 0.0654432444444444
0 0.49590787226562494 0.5543977722222222 0.01577649609374996 0.029916911111111152
2 0.5243055648437499 0.5436463819444444 0.04101889062500001 0.0841413138888889
0 0.30343461562499996 0.5939753625 0.09781427812500003 0.16080340000000004
0 0.10728017617187499 0.7275418944444444 0.21456035234374998 0.5201802999999999
0 0.82405899765625 0.7454920395833333 0.35023822187500003 0.327216223611111
0 0.410188907421875 0.6987468631944445 0.20193915390625 0.28982008194444436
0 0.5796986179687501 0.6042592993055556 0.08519308125 0.10657899583333333
5 0.377759446875 0.055470936111111105 0.028397693749999987 0.10844880555555556
5 0.4526101640625001 0.4786705868055555 0.004207065624999995 0.02243768472222227
5 0.532369129296875 0.4861498152777778 0.00315530078124997 0.018698069444444423
5 0.35286763789062503 0.46776339097222225 0.005258832031249971 0.020567876388888903
5 0.4112406734375 0.49674539861111117 0.004207065624999995 0.018698069444444423
5 0.53780324375 0.48490329722222214 0.004207065624999995 0.018698069444444423
4 0.04785537265625 0.4524932888888889 0.0957107453125 0.09349034999999996
4 0.27012868007812496 0.39203620763888886 0.06415775078125 0.059833823611111114
4 0.295896958203125 0.41353898749999995 0.02524239453124997 0.0430055611111111
4 0.58776215078125 0.47617752222222215 0.01156943125000005 0.022437683333333385
4 0.17038616171875 0.4951872215277777 0.008414131250000012 0.009349034722222172
4 0.58758686640625 0.5014199159722222 0.012621196874999985 0.00934903472222225
4 0.5886386328125 0.5145085652777778 0.00841413124999999 0.009349036111111136
5 0.565850338671875 0.5294670229166667 0.008414132031250077 0.009349037500000022
4 0.918231523828125 0.39060267916666663 0.01577649609374987 0.024307491666666674
4 0.7646736261718751 0.4635251513888889 0.011569430468750053 0.03926594722222221
3 0.9860310265625 0.610118025 0.026294160937499988 0.15519398055555556