3 0.522984409375 0.5961491534722222 0.012672501562499949 0.04852376805555557
0 0.07262318437500001 0.7391209708333334 0.14524636875000002 0.5008346083333334
0 0.19496156953125002 0.6732672861111111 0.272946196875 0.33793338888888885
0 0.352880440625 0.6325419798611112 0.14037233124999998 0.1906290902777778
0 0.4235540085937499 0.6334084756944445 0.041916735937499984 0.11264446250000001
0 0.45084862890625 0.6169450541666667 0.04191673749999998 0.0831836027777778
0 0.47375661289062504 0.6117460791666667 0.025345003906249986 0.05892171944444442
0 0.48740392304687497 0.609146592361111 0.01949615703124996 0.05372274583333329
0 0.494714981640625 0.5987486409722222 0.026319811718749975 0.04332479305555555
0 0.52542142890625 0.5883506909722223 0.037042698437500035 0.03985880972222217
0 0.9231430300781248 0.6724007895833334 0.15012040859375003 0.3639282625
0 0.735005115625 0.6204110381944444 0.08773270625 0.13863933750000004
0 0.6770040492187499 0.6212775333333334 0.03801750625000002 0.08491659444444445
0 0.6667685664062499 0.6100130875 0.048740392187499995 0.09011556944444447
0 0.6404487550781249 0.6108795833333334 0.021445772656249938 0.06412069444444445
0 0.6243644253906251 0.5996151368055556 0.016571733593749992 0.05545573472222224
0 0.5980446136718751 0.5952826576388889 0.018521349218749972 0.025994876388888834
0 0.586346919140625 0.5926831701388888 0.010722886718749968 0.020795901388888892
0 0.576598840625 0.5900836826388889 0.008773270312500081 0.019062909722222167
0 0.5507664328124999 0.5892171868055556 0.009748078124999981 0.017329918055555518