0 0.37540548593749995 0.5348983555555555 0.019983559375000005 0.03178672499999998
0 0.4474514875000001 0.5395728729166667 0.023138860937500016 0.04487536527777781
0 0.4679609335937499 0.5423775826388889 0.03050122812499998 0.1028393847222222
0 0.522126907421875 0.5302238381944444 0.09676251484374995 0.17202224027777774
0 0.566301094921875 0.5744314180555555 0.09465897734375002 0.17763166666666672
0 0.34595602734374997 0.5529286402777778 0.05364008906249999 0.07105266388888896
0 0.41326907773437493 0.5491890243055555 0.059950685156249996 0.1047091930555555
0 0.687197944921875 0.624667498611111 0.25231136796875 0.28307488333333336
0 0.20465759453125001 0.5689444652777778 0.200905565625 0.24145003888888886
5 0.401699647265625 0.42204213472222224 0.00525883046875002 0.029916913888888844
5 0.283420353515625 0.4193505111111111 0.004783464843750007 0.025511822222222237
5 0.155462640625 0.3853347520833334 0.007175196874999989 0.02976378749999995
5 0.145895710546875 0.3863977451388889 0.007175199218750006 0.02763780138888884