0 0.27546178789062503 0.6215525319444445 0.05224275078125 0.0694900833333333
0 0.33621378125 0.6269130381944444 0.020184698437499992 0.02955146250000003
0 0.356992151953125 0.6269130361111112 0.014248022656250026 0.016886550000000018
0 0.31424807890624995 0.6258576284722223 0.01662269531249998 0.018997365277777806
0 0.407849673828125 0.6269130361111112 0.015435360156249977 0.016886550000000018
0 0.4796834578125 0.6532982645833333 0.08073879843749995 0.09920845694444438
0 0.3947889859375 0.62374680625 0.008311348437499966 0.018997362500000038
4 0.49908896992187496 0.4031662923611111 0.13416888671875 0.1477572875
4 0.7217143359375 0.39894465833333337 0.11873352500000003 0.19419528333333338
4 0.017624508593749998 0.5213721222222222 0.026121375000000002 0.06332454722222225
4 0.19353565390625 0.5804750277777778 0.00712401250000001 0.01688654722222225
0 0.382559428125 0.5562006229166667 0.0237467046875 0.052770456944444454