4 0.6243644253906251 0.21142499027777775 0.03606788984374996 0.06931966944444444
4 0.7130719390625 0.07798462777777779 0.04971519999999998 0.1074454861111111
4 0.7116097277343749 0.17069968541666666 0.021445772656249938 0.05718872638888889
4 0.499101617578125 0.24461346805555553 0.01949615703125005 0.03067058055555556
4 0.5010512328125001 0.27467918680555553 0.015596925000000006 0.025994876388888914
3 0.8787892734374999 0.3621952701388889 0.07311058906250008 0.2564827763888889
0 0.71648376640625 0.3569962944444444 0.029244234374999945 0.055455736111111126
0 0.38066246406250004 0.3734597180555555 0.0848082828125 0.14730429722222224
0 0.450848628515625 0.3604622791666667 0.03996712109375 0.055455736111111126
0 0.44353756953124995 0.35179732013888887 0.03314346562499999 0.051989751388888866
0 0.33582130273437494 0.35439680625 0.012672502343749992 0.03639282638888888
0 0.3392331296875 0.33013492222222224 0.007798462500000003 0.015596924999999985
0 0.05020260390625 0.3821246743055556 0.0828586671875 0.07451864305555556
0 0.105766651171875 0.3803916833333334 0.03801750546874999 0.046790775000000034
1 0.1749780078125 0.3422658673611111 0.12964944375 0.12650839583333331
0 0.240290133203125 0.3604622791666666 0.010722886718749968 0.02079590000000001
0 0.27148398515625 0.3535303111111111 0.016571732812499997 0.024261883333333303
0 0.24857600078125 0.3535303111111111 0.011697693750000005 0.024261883333333303
0 0.320777473046875 0.33100141944444444 0.015728308593750028 0.02079590000000001
0 0.342644957421875 0.31453799791666665 0.008773269531249994 0.01559692361111114
0 0.313618009765625 0.3130462305555555 0.010926267968749981 0.012140297222222192