0 0.9182446246093751 0.6102109715277778 0.16137298203125 0.34810527638888894
0 0.788781286328125 0.48921892013888885 0.2926610867187501 0.2732439208333333
0 0.63262519140625 0.4698797381944445 0.09685187031250005 0.14722732083333334
0 0.0502682265625 0.4412363576388889 0.056146012499999995 0.04366912083333337
0 0.091324997265625 0.43624560069444446 0.03298578203125001 0.041173740277777746
0 0.11729252734375 0.4318786895833333 0.032985782812499996 0.029944540277777775
0 0.13940002109375 0.42938331180555556 0.022458406249999997 0.03493529583333333
0 0.16361297734375 0.42626408819444445 0.04842593593750002 0.03867836250000004
0 0.457677716015625 0.4050533715277778 0.02456388046875002 0.03867836527777773
0 0.431903192578125 0.40113206319444444 0.009825552343750044 0.01871533750000004
0 0.44243057031250005 0.40050821875000003 0.012632853125000043 0.022458404166666668
0 0.42277946484375006 0.39614130625 0.0084219015625 0.01372457916666671
0 0.3420695734375 0.4011320638888889 0.023862054687500002 0.02620147222222218
0 0.412953914453125 0.40549897638888893 0.018247453906249954 0.02994454166666666
0 0.37400261835937504 0.40986588888888886 0.024563878906249982 0.028696852777777733
2 0.40354946210937503 0.3942697743055556 0.005614600781250001 0.027449162499999995
2 0.396882121484375 0.39177439444444445 0.011931027343750022 0.039926052777777776
2 0.38144196875 0.39177439305555556 0.025967531249999974 0.05489832499999999
4 0.284730471875 0.31067459999999997 0.013334679687499972 0.007486133333333337
4 0.36558071679687504 0.3660720069444444 0.0077200757812499795 0.0049907555555555585
4 0.450501558984375 0.381668125 0.006316427343750064 0.011229202777777817
4 0.45401068554687496 0.36357663055555556 0.00772007734375002 0.0049907555555555585
4 0.5363347886718749 0.31429290763888884 0.01684380390625 0.008733823611111111
4 0.5166836851562501 0.35234742916666667 0.014036503124999999 0.0299445416666667
4 0.6010430738281249 0.18640476041666668 0.02526570546875 0.01746764861111113
5 0.279958046484375 0.34810527430555555 0.0077200757812499795 0.01746764861111111
5 0.290485425390625 0.34748142986111114 0.00772007734375002 0.021210715277777816
5 0.596902290234375 0.33438069652777774 0.00772007734375002 0.03493529583333333
5 0.28494101015625006 0.28322543819444446 0.007018251562499999 0.029944540277777775
5 0.41583140039062505 0.2701247027777777 0.006316425781249979 0.026201472222222223
5 0.42460421484375 0.3568390993055556 0.0028073000000000013 0.009981512500000001
5 0.36494907734375 0.35060065347222225 0.005614601562499999 0.01996302638888893
5 0.42249873984375 0.3693159875 0.005614600000000003 0.009981513888888887
4 0.61479883125 0.2395563152777778 0.023862054687499957 0.014972266666666675
4 0.606015445703125 0.30302840000000003 0.01855670390624997 0.026804127777777804