2 0.02037870390625 0.5285592208333333 0.038612281250000005 0.35084738888888894
0 0.9054579855468751 0.64144055625 0.18619699921875005 0.25932198472222223
3 0.417441657421875 0.5079660069444445 0.007722457031249963 0.03050846944444443
3 0.4294543671875 0.5041524451388889 0.007722456249999965 0.04423727916666667
0 0.31662070273437504 0.5327541361111111 0.08065676484374999 0.09457625277777776
0 0.38354865546875 0.5220761722222222 0.05491524218750001 0.0671186305555555
0 0.519227920703125 0.5045338027777778 0.015230399218750001 0.016779658333333378
0 0.5195496894531251 0.49156770347222223 0.01115465859375 0.00915254027777779
0 0.5989193777343751 0.5174999027777777 0.015444911718749932 0.03355931388888891
0 0.798630675 0.5647880291666667 0.16560378281249993 0.1952542027777778
0 0.1891143703125 0.5564744749999999 0.176758440625 0.15254234444444445
0 0.48522766210937507 0.5145253319444444 0.07293430859374998 0.05033897222222221
0 0.559878072265625 0.5557117645833333 0.08837922109375 0.1327118375
0 0.663273179296875 0.5412202416666667 0.06349575078124996 0.07322032500000002
4 0.430741444140625 0.4072880576388889 0.015444913281250017 0.051864395833333375
4 0.5058208789062499 0.4606778770833333 0.01287076093749997 0.015254234722222215
4 0.46892469921875 0.42711856458333336 0.01801906406249998 0.030508468055555543
4 0.586048617578125 0.46525415 0.006864405468749979 0.012203388888888927
4 0.6619861031250001 0.47211855486111115 0.016302962500000007 0.016779656944444415
5 0.5791842125000001 0.48203380625000003 0.006864406249999977 0.012203387499999963
5 0.49895647343749994 0.47898296180555555 0.006006356250000078 0.012203387499999963