5 0.46598465546874995 0.4348609055555556 0.005028971875000021 0.021456952777777774
5 0.41519202539062494 0.4429072645833333 0.008046357031250029 0.016092715277777753
5 0.4056369765625 0.45899997847222224 0.005028973437499929 0.01966887361111118
5 0.4136833335937499 0.4643642145833334 0.005028973437500017 0.016092715277777753
5 0.44335427617187495 0.46168209583333336 0.006034767968750021 0.017880791666666656
5 0.4896208308593749 0.4321787881944445 0.004023177343750017 0.023245031944444446
4 0.50219326484375 0.4339668673611111 0.013075331250000044 0.012516559722222256
4 0.56052935546875 0.43128474652777776 0.01709850937499997 0.014304634722222194
4 0.5645525332031249 0.4080397145833334 0.007040563281250023 0.014304634722222194
4 0.77224913046875 0.30164899097222225 0.028162248437500016 0.026821190277777796
4 0.32265891640625 0.45631785902777783 0.012069535937499997 0.025033109722222235
0 0.2693517984375 0.5305231527777778 0.0885099296875 0.11622516111111113
2 0.17832738125 0.5519801069444444 0.153886584375 0.1770198611111111
0 0.07583691171875 0.6006163277777777 0.1516738234375 0.1906083444444445
4 0.0319842578125 0.43307282569444444 0.018104303125 0.03576158749999997
0 0.057229710546875 0.7830049465277776 0.11445942109375 0.2743013430555555
0 0.40010510546875 0.5197946770833333 0.04827814375000004 0.08403973194444442
0 0.538904769140625 0.4795628909722222 0.020115892968749983 0.03576158749999997
0 0.49012372773437496 0.4670463354166666 0.019110100781249972 0.014304637499999965
0 0.568575712109375 0.4876092479166666 0.04123758203124996 0.0661589375
0 0.5736046859374999 0.5001258041666667 0.027156456250000006 0.06615893888888888
0 0.618362546875 0.5171125576388889 0.07644039531249999 0.09655628749999995
0 0.47101362734374996 0.5993642104166667 0.18204883437499997 0.26105959305555554
6 0.6993290191406251 0.5037019638888889 0.02514486640625 0.05900661944444449
3 0.33372265703125 0.49386752777777776 0.010057945312499993 0.03933774722222228