1 0.0728133203125 0.45040503958333333 0.145626640625 0.2598023680555555
0 0.34229946289062496 0.4720841291666667 0.030047236718750002 0.03399283333333329
0 0.36551778164062504 0.4672280111111112 0.027315669531249975 0.03399283611111115
0 0.38395585781249997 0.4696560680555556 0.020486753125000014 0.02913671111111111
0 0.399662368359375 0.4660139798611111 0.01912096796874998 0.021852534722222178
0 0.9452928664062501 0.5000068125 0.10516532812499993 0.13839939166666665
0 0.442001655859375 0.4635859201388889 0.01638939921875 0.026708654166666672
0 0.45224503203124994 0.4623718909722222 0.015023617187500005 0.02428059583333335
0 0.465219976171875 0.4623718923611111 0.01365783515625001 0.019424476388888934
2 0.49595010351562496 0.44780353333333334 0.017755185156249985 0.03399283333333329
0 0.764326555859375 0.484224425 0.054631339843750036 0.05827342499999999
0 0.7383766703125 0.47694024791666667 0.04097350468750003 0.05341730972222223
0 0.7144754589843749 0.47208412708333336 0.023218317968750048 0.05341730972222223
0 0.703549192578125 0.4781542770833334 0.017755185156249985 0.036420893055555584
0 0.697403166015625 0.46965606874999993 0.030047236718750002 0.04370507083333332
0 0.683062439453125 0.4684420381944444 0.015023616406250006 0.04613313194444441
0 0.6345771250000001 0.46115786180555557 0.0163894 0.01699641527777784
0 0.614090373828125 0.45508771111111107 0.01638939921875 0.01942447777777774
2 0.59018916328125 0.45265965277777775 0.012292051562500017 0.01942447499999997
2 0.571751086328125 0.44901756249999997 0.01365783515625001 0.02185253611111114
0 0.60316410625 0.4575157715277778 0.010926268750000023 0.01456835694444444
0 0.579945787109375 0.4575157715277778 0.010926267968749936 0.01456835694444444
0 0.849005131640625 0.4417333854166666 0.054631339843750126 0.04127700972222222
4 0.8203236785156249 0.37617577708333333 0.021852535156249964 0.016996415277777763
4 0.985583479296875 0.28755160625000004 0.027315669531250107 0.01456835694444444
4 0.9828519124999999 0.2996919034722222 0.02185253593750005 0.014568356944444479
5 0.62706531640625 0.4065265215277778 0.006828917187499961 0.019424476388888934
5 0.584043136328125 0.40409846250000003 0.005463133593750058 0.01942447500000005
5 0.518485530859375 0.4295930875 0.0054631335937499696 0.031564774999999975
5 0.39078477578125004 0.4380912944444445 0.012292051562499972 0.014568355555555555
3 0.27947342265624997 0.47208412986111103 0.010926267187500028 0.0388489513888889
4 0.64823496015625 0.42109487916666666 0.008194700000000044 0.024280594444444463
4 0.637991583984375 0.4283790576388889 0.006828916406249963 0.02428059583333335
5 0.5423526261718751 0.4151981770833334 0.004097350781249976 0.02428059583333327
0 0.5327921421875 0.4601172784722222 0.015023617187500005 0.021852537500000026
5 0.4298902601562499 0.4020540805555555 0.007798462500000003 0.02079590000000001
5 0.48252988359375004 0.4003210875 0.007798462500000003 0.02079590000000001