2 0.295543446875 0.8142521944444444 0.14111224375 0.2678740916666666
0 0.118390780859375 0.83806321875 0.23678156171875 0.31464575416666674
0 0.45408758242187497 0.8329304902777779 0.26377397890625 0.3252756805555556
5 0.45295579726562496 0.62729943125 0.013538882031250043 0.0458246208333333
5 0.579384798828125 0.6173987770833333 0.027858796093750016 0.09606895694444444
4 0.39838796328125003 0.6250395444444444 0.009566931250000011 0.021259850000000018
5 0.38985247031250003 0.6637380208333334 0.009566932812500007 0.03315425277777777
5 0.249338158984375 0.5155513222222222 0.020329730468749974 0.07440946944444443
5 0.118988714453125 0.5176773090277778 0.027504928906249983 0.09141734861111112
4 0.2290084296875 0.46240170277777776 0.022721462500000022 0.04039371111111107
5 0.5495006449218749 0.6951970430555556 0.010762797656250012 0.03826772777777781
4 0.55607791015625 0.6909450736111111 0.021525596875000018 0.04677166666666671
5 0.5847787042968751 0.6973230284722223 0.014350397656250014 0.03826772638888893
3 0.59231266796875 0.7791734430555557 0.008371067187500003 0.05740159166666656
5 0.19735165742187502 0.768050701388889 0.018877114843750008 0.03508473888888896
2 0.17976161835937499 0.7779659541666667 0.042044483593749994 0.07322032500000009
4 0.533278500390625 0.6654659756944444 0.03003177421875005 0.012203387500000041
5 0.6641312296875 0.65936428125 0.013728810937500047 0.0579660902777778
5 0.7153997582031251 0.6341947951388889 0.016302963281250006 0.03203389305555551
0 0.8273038859374999 0.7375422326388887 0.009438557812500114 0.02593219861111117