0 0.132153847265625 0.35927423958333327 0.028323466406249987 0.05987904027777778
0 0.22592748554687497 0.3497480284722222 0.03368196015625 0.051713715277777794
0 0.170046053125 0.35315024791666666 0.07348791562500001 0.061239929166666665
0 0.0422077046875 0.3688004520833333 0.0826739015625 0.08165323749999998
0 0.377113556640625 0.35995468541666664 0.014544483593750001 0.0176915347222222
0 0.39242353750000003 0.35519157777777777 0.0191374765625 0.019052422222222237
0 0.41309201249999994 0.3511089173611111 0.0206684734375 0.029939520833333292
0 0.42878474453125 0.35246980347222223 0.01071698750000003 0.024495970833333342
0 0.485814427734375 0.3517893604166667 0.009951488281249966 0.023135084722222192
0 0.49921066171875 0.34906758541666666 0.016840979687500025 0.020413309722222234
0 0.5210273851562499 0.34702625416666666 0.02219947343749995 0.032661294444444405
0 0.558919590234375 0.34362403750000003 0.042867949218750034 0.06396170555555554
0 0.579588065234375 0.3572329097222222 0.03674395703125004 0.055796380555555594
0 0.59451529765625 0.36471778819444445 0.023730471875000082 0.05987903749999997
2 0.6354694992187501 0.35383069027777775 0.0734879125 0.1088709805555555
0 0.7043644230468751 0.36403734513888886 0.13166584296875 0.13472784027777776
0 0.32429411874999997 0.3953377520833334 0.118652359375 0.16738913472222225
0 0.450601469140625 0.35995468402777775 0.040571452343749925 0.0612399291666667
0 0.952934722265625 0.37292121736111106 0.09284868515625 0.3566286736111111
4 0.80721879140625 0.18371978263888888 0.016840981249999932 0.029939520833333313
5 0.371372312890625 0.26469257569444443 0.004592994531250038 0.02313508472222223
5 0.503038157421875 0.24223793472222224 0.00459299453124995 0.021774197222222232
5 0.5099276484375 0.24223793472222224 0.0061239937499999895 0.021774197222222232
4 0.477011187109375 0.33409782569444446 0.007654989843750038 0.012247984722222209
5 0.468590698046875 0.31504540347222226 0.007654992968750029 0.014969759722222205