4 0.18849400703125002 0.3314825041666667 0.02279323124999999 0.017061600000000017
4 0.25087548242187496 0.36667205416666665 0.013196080468750005 0.01066350000000003
4 0.39363308828125004 0.3357479048611111 0.025192517187499996 0.012796201388888899
4 0.45961349375000005 0.3442787034722222 0.013196081250000002 0.008530798611111085
4 0.5699807207031251 0.34107965347222224 0.00839750703125004 0.027725098611111124
4 0.560383570703125 0.3346815541666667 0.005998219531250015 0.0277250972222222
4 0.5657819667968751 0.30908915416666666 0.014395725781249969 0.02772510000000001
5 0.224483318359375 0.32934980486111115 0.005998219531249971 0.025592401388888873
5 0.366641104296875 0.33498623125 0.0047985742187499625 0.023459698611111118
3 0.13271057109375 0.41252510347222227 0.014395724999999993 0.05118480138888886
3 0.6689513296875 0.4477146548611111 0.016795012499999994 0.11303310138888886
3 0.65215631796875 0.4626435555555556 0.02399287500000007 0.05758290277777781
3 0.635361305078125 0.4583781534722222 0.023992877343750062 0.07037909861111112
0 0.310587767578125 0.40521300208333333 0.010796792968749979 0.021327001388888867
0 0.33218135546875 0.41161109861111117 0.010796793749999978 0.025592397222222254
0 0.34177850546875 0.41267745208333334 0.013196081250000002 0.019194298611111073
0 0.30039079609375 0.4084120506944444 0.014395725000000015 0.027725098611111085
0 0.23561003359375002 0.4116111034722222 0.033590026562499986 0.055450204166666676
0 0.284795426953125 0.4137438013888889 0.026392161718750008 0.0383886
0 0.31958509609374997 0.40947839999999996 0.016795012499999994 0.025592397222222254
0 0.3915637203125 0.42547365138888893 0.05278432656249996 0.0618483
0 0.19242285859375 0.4276063527777778 0.08877363906249998 0.1300947
0 0.058332659765624996 0.4198372298611111 0.06718004921875 0.0682463986111111
0 0.45001634453125006 0.43796518055555556 0.041987531249999946 0.04905210000000003
0 0.498601916015625 0.4541127555555556 0.059982188281249994 0.06611369999999997
3 0.534591229296875 0.4455819555555556 0.014395725781250058 0.031990499999999936