4 0.5508364304687501 0.3174168479166667 0.029991093749999996 0.010663501388888916
4 0.6234148769531249 0.32061589930555556 0.016795011718749996 0.017061604166666675
5 0.47865785703124997 0.3140400763888889 0.007197864062499981 0.025592394444444444
5 0.5242443207031251 0.3181988534722222 0.007197860156249991 0.017061604166666675
0 0.39048404140625 0.3972153777777778 0.013196079687500006 0.02132699999999998
0 0.3664911671875 0.39828172708333337 0.013196084374999995 0.02345969861111104
0 0.3341007859375 0.39081727708333336 0.020393945312499984 0.05545019861111105
0 0.23273088828125 0.4121442763888889 0.040787887499999974 0.025592399999999946
0 0.27411859609375 0.4068125256944444 0.013196081250000002 0.023459698611111118
0 0.17634763007812498 0.4281395236111111 0.06718004765624999 0.0746444972222222
0 0.206938548046875 0.4366703291666667 0.07077898203124999 0.06611370000000005
1 0.0959715 0.41214427569444445 0.187144425 0.12796200416666667
0 0.035389490625 0.45799732430555556 0.07077898125 0.09170609583333333
1 0.49485304921874995 0.37322250138888885 0.022793232812499918 0.02985780000000007
0 0.51284770390625 0.37855425138888893 0.015595365625000034 0.01919430277777781
0 0.52784325234375 0.3774879020833333 0.0167950109375 0.012796201388888859
0 0.5242443195312501 0.38815140138888893 0.016795012499999994 0.012796200000000053
0 0.563232741015625 0.38388600208333334 0.013196080468750005 0.012796201388888859
0 0.5464377308593751 0.38388600416666663 0.02519252109374994 0.01706160555555556
0 0.5620330984375 0.4212082513888889 0.029991092187500002 0.06611369999999997
0 0.6280135046875001 0.4329381006944445 0.08997328281249999 0.11090039861111108
0 0.729983221875 0.40414665 0.09237256718750002 0.13862549999999996
2 0.7017915960937501 0.38708505277777777 0.09597150000000002 0.13862550000000004
2 0.8480281609375 0.3860187013888889 0.1931426421875 0.26872019999999996
0 0.9691921824218749 0.38708505277777777 0.06118183203124996 0.08317530277777775
0 0.9679925367187501 0.3785542506944444 0.06358111874999998 0.07464449861111114
0 0.9827274722656248 0.3211734645833333 0.03411125234375003 0.03666012916666668
0 0.494613123828125 0.5286963340277778 0.19554193203124998 0.2921799013888889
2 0.613017957421875 0.36575805 0.05758290078124997 0.05971559722222221
2 0.56083345546875 0.36895709930555554 0.02279323281250001 0.019194298611111073
0 0.959361247265625 0.3273497826388889 0.042070657031250035 0.024307490277777788