5 0.41185631562499997 0.5216305090277777 0.006823654687500014 0.017329918055555598
5 0.40210823632812503 0.5363609395833333 0.004874038281250037 0.015596926388888951
5 0.36701515273437496 0.5207640138888889 0.004874038281249993 0.01906290833333336
0 0.3523930359375 0.56148931875 0.016571732812499997 0.020795898611111124
0 0.269534369140625 0.5536908576388889 0.018521349218750018 0.019062909722222167
0 0.146708580078125 0.5510913701388889 0.014622117968749992 0.013863934722222145
0 0.119901364453125 0.5510913701388889 0.025345003906249986 0.013863934722222145
0 0.076035012109375 0.5580233354166666 0.03899231484375001 0.013863931944444453
0 0.044841159765625 0.5571568402777778 0.023395388281249995 0.01906290833333336
0 0.02159225234375 0.5623558152777778 0.027001662500000002 0.02599487500000003
0 0.05263962460937499 0.5441594013888889 0.027294619531249998 0.01386393611111111
1 0.11064069062500001 0.5337614527777778 0.07311058750000002 0.04852376944444438
1 0.21007109062499998 0.5268294847222222 0.10235482343749999 0.09011556666666662
0 0.4347642984375 0.5673285340277777 0.02339538750000001 0.036845337499999985
0 0.46157151484375003 0.5926831715277777 0.039967121875 0.05545573472222224
3 0.561976723828125 0.5770862451388888 0.010722886718749968 0.05545573472222224
3 0.683619267578125 0.5976131625 0.024787072656249975 0.07678959444444441
4 0.645322794140625 0.46964075694444446 0.05848847109374997 0.05892171666666665
4 0.933537986328125 0.3160699013888889 0.13191800703125 0.23089007777777779
4 0.8136663234375 0.4329444 0.057892017187500054 0.07911055555555559
4 0.53565691171875 0.5120990534722222 0.036067889062499955 0.06412069305555555