0 0.46027580937499996 0.35402820208333335 0.009597148437500013 0.0255923986111111
0 0.4518783046875 0.35935995277777777 0.007197862499999985 0.023459700000000003
0 0.44108150976562505 0.36362535416666664 0.014395724218749972 0.03625589999999998
0 0.43208418203125004 0.36362535416666664 0.010796793749999978 0.03625589999999998
0 0.42368667578124997 0.36789075416666667 0.017994656249999963 0.044786699999999985
0 0.408691129296875 0.36895710277777777 0.03119073671875001 0.07251179999999996
0 0.387097541796875 0.3774879 0.04078788828125002 0.10236959999999999
0 0.32651553203125 0.3828196513888889 0.11876473125000002 0.14715630277777783
0 0.1389649796875 0.43293810000000005 0.277929959375 0.4308054
0 0.47587118046875 0.35082915277777776 0.007197862499999985 0.0191943
0 0.49086672499999995 0.3614926527777778 0.010796793749999978 0.027725099999999968
0 0.501063698046875 0.36789075138888894 0.014395725781249969 0.03199050000000001
0 0.513060136328125 0.3721561520833333 0.014395725781250058 0.04478670138888891
0 0.529255326171875 0.37535520486111107 0.027591805468750064 0.059715601388888866
0 0.54305122890625 0.38601870208333333 0.028791448437500033 0.059715601388888866
0 0.585038761328125 0.3849523520833333 0.08157577578125004 0.10450229861111109
0 0.690007590234375 0.40947839999999996 0.16675048203124998 0.20473919999999998
0 0.832765195703125 0.4734594006944445 0.30590915703125 0.3327012013888889
0 0.926879480078125 0.5704972506944445 0.14624103984375 0.44146889861111116