0 0.4492219515625 0.5150989555555556 0.020009885937500017 0.021343880555555552
0 0.43271379570312496 0.5195455965277778 0.021010382031249986 0.023122534722222258
0 0.41320415624999995 0.5133202993055556 0.01600790937500003 0.021343879166666666
0 0.40369946015625 0.5150989555555556 0.01900939218750004 0.021343880555555552
0 0.394194763671875 0.5159882833333334 0.012005932031250045 0.01956522222222227
0 0.3786871015625 0.5186562694444444 0.021010381249999988 0.021343880555555552
0 0.35267424804687497 0.5195455958333334 0.011005436718750029 0.01956522222222219
0 0.33266436328125 0.5213242527777778 0.015007415624999965 0.01956522222222227
0 0.32015818359375 0.5319961923611112 0.0360177953125 0.04090910138888893
0 0.28714187070312497 0.5239922375 0.010004942968749963 0.017786563888888905
0 0.275135938671875 0.5239922375 0.016007910156249982 0.017786563888888905
0 0.261629265234375 0.5373321631944444 0.04702323203124999 0.04446641527777781
0 0.22861295312500002 0.5444467881944445 0.035017301562500026 0.033794473611111105
0 0.18509144960937501 0.5551187291666666 0.05802866953125001 0.0622529805555556
3 0.21610677421875 0.5435574604166666 0.022010874999999964 0.06758895138888887
3 0.25462580625 0.53911081875 0.01500741562500001 0.05869566805555553
3 0.29564607265625 0.5408894756944445 0.019009392187499995 0.062252981944444404
0 0.16458131640625 0.5355535055555556 0.017008403125000005 0.023122533333333372
0 0.149073654296875 0.5346641763888889 0.016007908593749988 0.017786563888888905
0 0.12856352109375 0.5337748493055555 0.025012359375000015 0.023122534722222178
0 0.09004448984374999 0.5631226840277778 0.0720355921875 0.06758895138888887
0 0.490742465625 0.48486179375 0.043021254687499955 0.02845850416666664
0 0.505249633984375 0.4821938076388889 0.04802372734375 0.03735178472222229
0 0.539266440625 0.47863649513888884 0.07003460312499996 0.04446641250000004
0 0.5582758328125 0.4813044812500001 0.060029659375000044 0.03913044583333335
0 0.58478893203125 0.4813044798611112 0.06903410781250008 0.04624507083333332
0 0.612302526953125 0.479525825 0.07403658046874995 0.04980238333333331
0 0.6348136488281251 0.4795258236111111 0.08304102890624998 0.05691701111111114
0 0.657825018359375 0.4786364958333334 0.08904399453125 0.058695666666666646
0 0.686839352734375 0.4768578388888889 0.10705289140624999 0.06225298055555552
0 0.746368766015625 0.48664045 0.07203559140625 0.04980238333333331