4 0.41888810078124994 0.2459713888888889 0.017994656250000053 0.012796199999999973
4 0.5052624515625 0.26303298888888893 0.015595370312500023 0.012796200000000013
4 0.49686494453124996 0.2928907888888889 0.010796793749999978 0.012796200000000013
4 0.7823801593749999 0.2726301388888889 0.015595368750000027 0.014928899999999995
4 0.7949764171875 0.2619666388888889 0.01439572499999997 0.014928899999999995
0 0.379899678515625 0.3536727402777778 0.026392161718750008 0.03199050000000001
0 0.34331054453125 0.3430092402777778 0.03718895781249998 0.04478669999999995
0 0.29952354843749995 0.3504736902777778 0.03119073750000001 0.042654000000000046
0 0.27073209726562497 0.3462082909722222 0.03598931328125001 0.051184801388888895
0 0.22334616875000002 0.34940734027777776 0.07317826875000003 0.07037910000000001
0 0.174160775 0.3547390902777777 0.05638325625 0.051184799999999975
0 0.094984287109375 0.3462082902777778 0.08037613203125 0.08530799999999997
0 0.0374013875 0.35900449027777775 0.051584682812500005 0.07677719999999996
0 0.47467153515625 0.3643362402777778 0.05278432500000001 0.0575829
0 0.5994344859374999 0.3643362402777778 0.02159358906250004 0.040521300000000024
2 0.5844389382812499 0.33767749027777777 0.027591806249999972 0.03412319999999999
0 0.57964036328125 0.3718006902777778 0.029991093749999996 0.04691940000000005
0 0.53465372421875 0.3867295902777778 0.05038503750000008 0.0725118
3 0.7811805152343749 0.3632698902777778 0.010796792968749979 0.025592399999999987
3 0.7925771296875 0.39206134027777784 0.007197862499999985 0.06611370000000005
3 0.8297660859375 0.38779594027777775 0.01919429999999984 0.06611369999999997
3 0.88315023359375 0.3867295902777778 0.017994656249999963 0.04691940000000001
0 0.7535887078125001 0.40485753958333326 0.07077898125000007 0.0917060986111111
0 0.9310782339843751 0.45071059097222227 0.13784353203124997 0.17914680138888892
3 0.9017447117187499 0.37606609027777776 0.01439572499999997 0.025592399999999946
2 0.6648150703125 0.3366111395833334 0.10196971875000002 0.16421790138888892