0 0.07164837695312501 0.4774392215277778 0.14329675390625002 0.14383831527777777
0 0.17302839296875 0.4549103277777778 0.045815968750000005 0.04332479166666666
0 0.32607322421875 0.4679077673611111 0.04191673750000002 0.05545573472222224
0 0.351418228125 0.45577682430555555 0.018521350000000013 0.03119384861111109
0 0.37432621289062495 0.4635752875 0.035093082031250014 0.04679077499999996
0 0.43281468359374997 0.4523108416666667 0.015596925000000006 0.02079590555555555
0 0.44743679960937505 0.45837631249999994 0.021445769531249947 0.036392825
0 0.296341584375 0.4375804125 0.019496156249999962 0.0190629138888889
0 0.29000533320312505 0.48350469166666665 0.09260674296875 0.08664958333333332
0 0.509337098828125 0.5172980256944445 0.13939752421874996 0.22008994305555557
0 0.569775185546875 0.4575098166666666 0.016571732031249998 0.020795902777777778
0 0.5814728812500001 0.4566433194444444 0.010722889062499963 0.01906290833333328
0 0.589271343359375 0.45491032847222224 0.008773269531249994 0.015596926388888871
0 0.803241664453125 0.4739732361111111 0.040941928906249994 0.036392825
2 0.923630433984375 0.4843711881944444 0.047765585156249915 0.03985881250000002
0 0.9713960187499999 0.4991016173611112 0.04386635312500005 0.034659834722222234
4 0.55271604921875 0.3370668923611111 0.031193851562500007 0.015596926388888871
4 0.540043545703125 0.3656612541666667 0.06238770234374993 0.04505778611111116
4 0.5926831707031249 0.4185175020833333 0.021445772656249938 0.012130943055555576
4 0.6141289425781251 0.42025049444444446 0.013647308593750029 0.01906290833333328
4 0.8797640808593752 0.20016054375 0.05946327890624996 0.06065470972222224
4 0.8748900421875 0.2937420965277778 0.05556404843750009 0.13344036250000002
0 0.40746967929687494 0.46704126874999996 0.038992314843749966 0.05025675972222222
4 0.157431467578125 0.41245203055555557 0.012672502343749992 0.02772786944444445