0 0.45488082578124994 0.3657355472222222 0.013400745312500018 0.02382354444444444
0 0.437013166015625 0.38294143819444443 0.02829046015625005 0.0370588486111111
0 0.41988999062500004 0.3908826208333333 0.02680148906249995 0.06352945555555552
0 0.406489248046875 0.40411792430555554 0.026801488281250042 0.08470594027777775
0 0.366287015625 0.4116179277777778 0.07742652187500002 0.1191177277777778
0 0.279182176171875 0.46014738125000004 0.14145230390625 0.20911779305555558
0 0.49954997343750007 0.36838260486111113 0.016378687500000044 0.02382354583333337
0 0.51592866171875 0.3802943777777778 0.028290462500000047 0.0317647277777778
0 0.5412411789062499 0.3900002631944444 0.03722429218750003 0.05294121249999995
0 0.7688056890625 0.45882385 0.2650369453125 0.3070590333333334
0 0.14145230234375 0.5550003923611111 0.2829046046875 0.3917649736111111
0 0.887178930078125 0.6392651423611112 0.22483471171875005 0.49500033750000005
4 0.1972887375 0.2532354680555556 0.022334573437500005 0.03176472777777776