5 0.11092338203125 0.10828116805555556 0.05009762187500001 0.11249992222222222
5 0.6072853453125 0.4153122097222222 0.006591792187500012 0.023437488888888917
5 0.658701325390625 0.4176559548611111 0.00659179296875001 0.01874998750000003
5 0.681772598828125 0.4246872013888889 0.007910150781249925 0.023437483333333377
4 0.6975929015625 0.4071090881944444 0.013183587500000015 0.05859370972222225
4 0.6956153625 0.36023411875 0.009228509375000016 0.021093734722222222
3 0.745712984375 0.4610153013888889 0.02241209375000004 0.09609368333333335
3 0.6870460335937499 0.4633590486111111 0.013183587499999927 0.04453121666666667
0 0.845908227734375 0.46335904930555555 0.04614254609374999 0.03515622638888895
0 0.8960058496093749 0.4645309236111111 0.05141597890625001 0.03749997500000006
0 0.6138771375000001 0.4645309236111111 0.009228509375000016 0.018749986111111148
0 0.080601137109375 0.43992156597222226 0.021093735156249994 0.02578123472222218
0 0.66727065546875 0.4551559298611112 0.021093735937500035 0.0374999736111111
0 0.985654225390625 0.49031215416666674 0.027685527343750137 0.03281247499999999
1 0.63826676875 0.4492965597222222 0.039550753124999984 0.0820311972222222
0 0.596738477734375 0.45749967708333333 0.03295896171874997 0.05624996249999994
0 0.461606734375 0.4598434243055556 0.050097621875 0.056249956944444394
4 0.369321642578125 0.43523406875000004 0.013183586718750018 0.02109373472222218
4 0.369321641796875 0.4059372138888889 0.01582030234374998 0.023437483333333297
4 0.369321641796875 0.3789841076388889 0.01582030234374998 0.03046872916666672
4 0.369321641796875 0.3485153777777778 0.01582030234374998 0.030468727777777756