4 0.417774822265625 0.3757654743055555 0.016358424218750046 0.01071429027777771
4 0.45694894765625005 0.36734710416666666 0.013775517187500076 0.0153061305555555
4 0.442742946484375 0.36887771527777774 0.009470667968749957 0.009183677777777809
4 0.43370276484375003 0.36734710416666666 0.006887759374999991 0.01224490555555554
4 0.357506940234375 0.33443892430555555 0.04390945859375002 0.08112248472222221
5 0.313679983203125 0.36913281527777775 0.005165817968750019 0.019897966666666635
5 0.302917860546875 0.3683675090277779 0.007748727343750028 0.01836735416666665
0 0.037083198046875 0.4806124611111111 0.03529976171875 0.024489808333333307
1 0.111557084375 0.45000020277777775 0.070599521875 0.061224519444444465
0 0.1244716296875 0.4648690152777778 0.032716851562499996 0.030612258333333385
0 0.16106284531249998 0.44420574236111116 0.021524243749999995 0.019897968055555517
0 0.39352468554687503 0.39905266111111104 0.011192608593749976 0.00918367777777773
0 0.38147110898437503 0.39675673958333335 0.009470669531249998 0.013775515277777749
0 0.3565029859375 0.40058327361111107 0.014636487499999972 0.01530613333333335
0 0.33454825546875 0.4074710298611111 0.012053576562500012 0.010714290277777788
0 0.289347342578125 0.4143587902777778 0.009470667968749957 0.00918368055555558
0 0.29193025039062503 0.44190982222222225 0.021524242968750017 0.018367352777777846
0 0.45637547851562504 0.38986898333333336 0.01119260859375002 0.009183677777777809
0 0.4098831105468751 0.3936955159722222 0.011192607031250024 0.013775518055555599
0 0.44303044687500004 0.3936955159722222 0.010331637500000036 0.013775518055555599
0 0.435712201953125 0.39446082222222223 0.007748727343749984 0.015306130555555578
0 0.42495008046875 0.39446082222222223 0.010331637500000036 0.01224490555555554
0 0.417631838671875 0.3952261270833333 0.009470669531250041 0.013775515277777749
0 0.4163403828125 0.4059404187499999 0.01033163593749995 0.019897968055555517
0 0.447765780078125 0.40364449861111107 0.01635842578125004 0.024489808333333307
0 0.386206441015625 0.4128281722222222 0.00860969765624997 0.018367349999999998
0 0.359085894140625 0.4273689993055555 0.016358425781249998 0.019897968055555517
0 0.196793090625 0.4480322736111111 0.015497456250000008 0.0153061305555555
0 0.17096399804687498 0.45568533749999995 0.03443878984375 0.024489808333333387
0 0.256630491015625 0.4281343055555556 0.01463648828124997 0.01224490555555562
0 0.343588438671875 0.4082363375 0.009470667968750002 0.01224490555555554
0 0.31905079921875 0.4263850319444445 0.018941335937500005 0.021428580555555576
0 0.27040600742187504 0.4638850493055555 0.04218752109374999 0.04438777361111113
0 0.24156351796875 0.42868095347222224 0.015497454687499967 0.019897968055555597
0 0.22305266835937498 0.4401605486111111 0.021524244531250014 0.021428577777777808
0 0.332826318359375 0.4072523701388889 0.012053577343749965 0.010714287500000018
0 0.42839396250000006 0.4149054354166667 0.013775517187499985 0.022959193055555556
0 0.453792569921875 0.42332380694444444 0.026690063281250075 0.036734711111111075
0 0.3956771109375 0.41720135416666665 0.01377551718750003 0.018367355555555617