4 0.638165559375 0.25694862291666665 0.022177114062500003 0.04350452916666667
4 0.70507926171875 0.21616312708333332 0.021412385937499945 0.0462235597222222
4 0.665313404296875 0.2895770208333333 0.01529456171875001 0.024471297222222237
4 0.57669855234375 0.1927429777777778 0.013773429687500015 0.037545347222222226
4 0.583731037890625 0.24206254375 0.009182285156249925 0.0195888763888889
4 0.610359666015625 0.2534893875 0.009182285156250015 0.02285368888888889
5 0.544706321875 0.19961997708333332 0.008264057812499993 0.01958887916666667
5 0.47707075000000004 0.18866196041666666 0.009182285937500012 0.0195888763888889
0 0.5390001804687501 0.27669288125 0.020201029687499972 0.031015723611111115
0 0.527522322265625 0.28403870833333333 0.03948382890625002 0.0359129416666667
0 0.474265063671875 0.27261186388888886 0.032138000781250044 0.02285368888888889
0 0.5022710363281251 0.3019951777777778 0.09733223046875006 0.04897219166666669
0 0.428353635546875 0.3109734138888889 0.030301544531250002 0.04407497222222219
0 0.404020576953125 0.3272974763888889 0.03305622890625002 0.060399036111111096
0 0.37922840546875 0.3338271027777778 0.0385656 0.0734582888888889
0 0.36086383359375 0.34362154375 0.04040205781249999 0.08651753750000002
0 0.313575062109375 0.34552601875 0.07988588671874997 0.11753325972222224
0 0.23414828984375 0.37164451944444443 0.1120238875 0.1305925083333333
0 0.099398244921875 0.39504234236111113 0.19879648984375 0.18609432638888887
0 0.7148919546875 0.4131178381944444 0.15977177343750001 0.18446192083333332
0 0.49681266484375 0.5029001868055556 0.3296440625 0.37382105972222224