5 0.8114126777343749 0.20233191666666667 0.02377550078125008 0.0935009611111111
5 0.55672662734375 0.0812930013888889 0.015850334374999962 0.07685010555555556
5 0.412632680859375 0.11971805416666667 0.02017315234375001 0.06660342500000001
5 0.321493259375 0.14917726041666668 0.018011742187499992 0.0717267625
5 0.3840824078125 0.12808350833333332 0.01801174375000003 0.0589184138888889
5 0.4449621 0.10887098125 0.023055031249999924 0.06404175416666666
5 0.5267354152343751 0.0896584548611111 0.02089362265624999 0.0717267625
5 0.23616996992187503 0.18059774652777777 0.018732211718750013 0.051233401388888884
5 0.27147298554687505 0.16842981319444444 0.012968455468750006 0.05763757916666666
5 0.28732332031249996 0.16394688958333334 0.02017315312500001 0.061480081944444445
5 0.784755298046875 0.2087360923611111 0.01657080390624994 0.07813094027777778
5 0.7714266078125 0.2177019375 0.011527515625000007 0.057637577777777775
4 0.762984955078125 0.360555075 0.018732213281250056 0.02433586666666668
4 0.44453732734375 0.38361010624999997 0.012968454687499964 0.026897537499999975
0 0.440966071484375 0.39952904930555555 0.03025972890625006 0.04482922638888888
0 0.4099858734374999 0.39888863194444446 0.04466912343749998 0.04867173333333328
0 0.090707134375 0.5246300527777777 0.18141426875 0.5584440944444444
0 0.926596116015625 0.5367979861111111 0.14481441640625015 0.39833971111111105