0 0.068559679296875 0.7394378680555556 0.13708948359375 0.2028828694444444
5 0.01938661171875 0.3636579694444444 0.017210965625 0.07145560277777775
5 0.251218565234375 0.19735356180555555 0.022952932031249994 0.08846883749999998
4 0.03062382734375 0.42979693263888885 0.0172259046875 0.034451809722222275
4 0.49979046328124993 0.43213625763888885 0.04162926718749995 0.09952744305555557
4 0.50086708203125 0.49912588402777786 0.0437825046875 0.024243862499999994
4 0.8897657902343751 0.4653120729166667 0.027274347656249986 0.03317581250000003
4 0.5282610472656251 0.3151702375 0.044500249218750024 0.021691877777777792
4 0.528261046875 0.33750011319444445 0.04737123593749999 0.020415884722222208
5 0.5213228355468751 0.5448489576388889 0.033973311718750045 0.042533098611111105
5 0.01842214609375 0.5357043402777778 0.008612951562499999 0.037003791666666626
5 0.41162732382812506 0.5720701479166667 0.005024221093750026 0.012759929166666635
0 0.30432430000000005 0.6762762208333333 0.06603263125 0.0931474805555555
0 0.35148020859375 0.6587951423611111 0.020814632812499977 0.0344518069444445