0 0.35181327890625 0.6365181694444445 0.31591894531250003 0.21633297222222225
3 0.5700313648437499 0.7322039090277778 0.1345580703125 0.4326659458333333
0 0.49631694453125 0.5928355513888889 0.04329259531249994 0.09152548888888887
0 0.526153733984375 0.5647538680555556 0.028081683593750028 0.04368261944444443
0 0.53785443515625 0.5512330562500001 0.01872112187499999 0.04160249583333327
0 0.55189527734375 0.5460327444444444 0.009360562499999947 0.04368261944444451
0 0.59752801328125 0.5543532437500001 0.011700701562500004 0.05616336805555551
0 0.6156641015625001 0.5408324326388889 0.029251754687499965 0.04160249583333334
5 0.351813279296875 0.4888293138888889 0.01638098203124998 0.02912174722222226
5 0.385160278125 0.4898693756944444 0.015210912499999996 0.03536211805555551
5 0.9245626261718749 0.4659479409722222 0.019891191406249932 0.03328199583333339
5 0.888290450390625 0.31305877499999996 0.017551052343749873 0.060323616666666684
5 0.47408561093750007 0.2766565902777778 0.015210912499999996 0.06656399166666667
5 0.494561838671875 0.27561652777777773 0.016380982031249935 0.0644838666666667
4 0.37053440234375 0.4129047618055556 0.030421824999999993 0.01456087083333336
4 0.371119437109375 0.44930694375 0.022231333593750024 0.041602493055555495
4 0.46062980468750003 0.494029625 0.009360560937499951 0.03120187222222223
4 0.88068499453125 0.37858270208333333 0.03042182500000017 0.0166409986111111
4 0.916372134765625 0.36194170555555555 0.02223133359374998 0.016641000000000024
4 0.8812090769531249 0.4390548965277778 0.033932035156250075 0.02704162083333333
4 0.8507872523437501 0.3922520888888889 0.024571473437499946 0.033281994444444504
5 0.5886915355468749 0.4928409729166666 0.005850350781250046 0.022881373611111085
5 0.5705554472656249 0.49804128541666665 0.0046802804687499314 0.0166409986111111