5 0.509067639453125 0.6403120527777778 0.00527343359375001 0.018749986111111148
5 0.5723488457031249 0.6309370590277777 0.007910150781250014 0.01874998750000003
4 0.5848732515625 0.6274214361111111 0.014501943749999935 0.016406238888888838
4 0.349546264453125 0.6379683041666666 0.013183585156250021 0.028124980555555606
4 0.312632226953125 0.6321089333333333 0.015820300781249984 0.035156224999999985
4 0.33834021757812505 0.6051558270833334 0.017138660156249985 0.01874998750000003
0 0.465561809765625 0.6801557756944444 0.021093735156250036 0.0374999736111111
0 0.51961450703125 0.6731245305555557 0.018457018750000033 0.028124980555555526
0 0.603989448828125 0.67195265625 0.021093735156250036 0.053906212500000016
0 0.61980975078125 0.6731245312499999 0.031640603124999965 0.056249962500000014
0 0.657382966796875 0.6684370333333333 0.06459956484374993 0.09374993611111111
0 0.6811134195312499 0.6824995222222222 0.05932613125000001 0.10312492500000003
0 0.725278427734375 0.6883588951388889 0.07382807421875004 0.10078118194444446
0 0.787241276171875 0.7035932583333333 0.11337882890624992 0.14062490277777787
0 0.38316440546874997 0.7024213854166667 0.027685528125000004 0.053906212500000016
0 0.36009313242187496 0.7047651333333332 0.03691403671875002 0.06796870277777782
0 0.31131386875 0.7024213847222223 0.06855464062499998 0.09609368333333335
2 0.49324733750000005 0.6649214111111111 0.036914037499999976 0.07265620000000005
0 0.590146684765625 0.6719526555555556 0.014501942968750025 0.03984372222222221
0 0.434580385546875 0.68953076875 0.03559567890624997 0.037499973611111174
0 0.5624611570312499 0.6918745173611112 0.05405269687500001 0.07968744583333331
0 0.22825728554687502 0.7270307430555556 0.12392569609375 0.11718741944444441
0 0.9118261515625001 0.6824995236111112 0.17534167656249994 0.3140622833333333