0 0.499074952734375 0.46452768749999995 0.007175199218750006 0.019133863888888828
0 0.490544423828125 0.4664410756944445 0.00956693203124992 0.01700787916666668
0 0.4809774917968751 0.4685670604166667 0.011958664843750012 0.021259848611111132
0 0.46722502734375004 0.46750407083333334 0.013154531250000013 0.023385833333333356
0 0.45706016210937506 0.4685670625 0.011958664843750012 0.029763788888888913
0 0.44211183203125 0.4643150923611111 0.02272146406250002 0.03826772638888893
0 0.431349033203125 0.46963005486111115 0.02032973046875002 0.03188977361111114
0 0.41580276914062503 0.46963005486111115 0.025113196093750022 0.036141743055555585
0 0.386504040625 0.47388202500000004 0.035875993749999946 0.04464568333333329
0 0.35242184609375 0.4834489708333333 0.03468012812500003 0.05102363611111116
3 0.34762751328124997 0.48564802638888893 0.027483196875000004 0.13620917222222223
0 0.241673746484375 0.4985102256944445 0.21068993671875003 0.17864916249999996
0 0.13872051093749999 0.46559067986111113 0.062185056250000016 0.05314962083333331
0 0.07175198828125 0.51980329375 0.1435039765625 0.19559060416666668
0 0.511232916796875 0.46877965763888896 0.020329728906249935 0.021259848611111052
0 0.5363461132812499 0.4677166652777777 0.02032972968750002 0.023385833333333276
0 0.55308824375 0.4666536729166667 0.010762798437500009 0.02976378749999995
0 0.5602634421875 0.4677166645833334 0.008371064062500011 0.03614174027777774
0 0.5686345078125 0.4677166652777777 0.013154531250000013 0.04889765277777774
0 0.58836630546875 0.4772835972222222 0.023917329687500023 0.04251969722222218
3 0.8918174230468751 0.4783465895833333 0.03946359296874995 0.15944886249999998
3 0.9813878324218749 0.4950355756944445 0.03312547890625002 0.25235440972222223
4 0.7862822066406251 0.2296063645833333 0.026309063281250024 0.044645681944444446
5 0.4965020230468751 0.41768958402777784 0.0071751976562500095 0.0255118180555555
5 0.534769750390625 0.4219415534722222 0.009566932031250008 0.021259848611111132
0 0.30755512109375 0.41875257499999996 0.08371065312499999 0.07440946944444443