4 0.172053584765625 0.4705072534722223 0.028269427343749997 0.02252889305555554
4 0.150120408203125 0.5077665756944444 0.07018616484375002 0.051989751388888866
4 0.23054205546875 0.4999681131944445 0.012672501562499994 0.04679077638888892
4 0.389435734375 0.5476253861111111 0.03411827500000002 0.01386393611111111
0 0.6921135703125 0.6134790708333333 0.1345234828125 0.15943523888888886
0 0.6097423078124999 0.5892171868055556 0.08480828281249994 0.1039795041666667
0 0.5658759546875001 0.5718872694444445 0.04386635312499996 0.06931966944444447
0 0.5532034523437501 0.5632223111111111 0.039967121875 0.06931966944444447
0 0.5283458527343751 0.5623558159722222 0.021445772656249938 0.05372274583333336
0 0.511286715234375 0.5554238479166667 0.024370196093749998 0.02252889305555562
0 0.49520238554687507 0.54849188125 0.01949615703124996 0.02946085972222221
0 0.4654707464843749 0.5519578645833333 0.014622117968750015 0.025994876388888834