5 0.77917761953125 0.05980550625 0.030994912499999926 0.11479596805555554
4 0.6303482578124999 0.3834185388888889 0.044770428125000004 0.0841837111111111
4 0.55243049296875 0.4897961381944444 0.016358424999999954 0.027551031944444464
4 0.51758633359375 0.5400512638888889 0.009470667187499959 0.016836741666666672
0 0.4898303023437499 0.5728865548611111 0.009470667187499959 0.01836735416666673
0 0.48122060468749994 0.5644681847222223 0.009470667187499959 0.013775516666666713
0 0.482081574609375 0.57288655625 0.009470667968749957 0.015306129166666614
0 0.538905579296875 0.5675294104166666 0.006026788281250006 0.013775515277777749
0 0.5462238226562499 0.5713559430555555 0.010331637499999945 0.018367355555555537
0 0.5617212796875 0.5759477819444445 0.010331639062500031 0.018367355555555537
0 0.574205340234375 0.5767130861111112 0.016358425781249953 0.026020416666666712
0 0.577649218359375 0.5813049284722223 0.009470664843749966 0.022959195833333328
0 0.518672789453125 0.568294717361111 0.00860969765624997 0.012244904166666654
0 0.46098781484374995 0.5782437013888889 0.015497456249999963 0.022959194444444442
0 0.4127735078125 0.5698253298611111 0.010331637500000036 0.012244904166666733
0 0.4024418703125 0.5705906368055556 0.01033163749999999 0.010714290277777788
0 0.38866635390625 0.5721212472222221 0.015497456250000008 0.016836738888888904
0 0.324093619921875 0.5845848152777778 0.025829091406250004 0.03214287500000002
0 0.23553673242187498 0.5898326319444445 0.027551032031250023 0.029081644444444443
2 0.4293779265625 0.5629375708333334 0.020663273437500074 0.03826532222222225
0 0.44155450234375 0.5886300048611111 0.025829093749999997 0.03367348472222223
0 0.47193444140625 0.5928938583333333 0.027551032812499977 0.03520409722222221
0 0.505081777734375 0.5844754881944445 0.023246183593750035 0.0459183875
0 0.5881653609375 0.5842568229166667 0.018941334375000007 0.030612256944444423
0 0.526175537109375 0.5712466138888889 0.008609697656250059 0.016836741666666672
1 0.736375167578125 0.5628282423611111 0.22385214140625004 0.28163277916666674
1 0.915948847265625 0.5704813076388889 0.16530619609374994 0.27244910138888884