5 0.17280270546874998 0.19913391180555556 0.0203297296875 0.06377954583333333
5 0.151875041796875 0.19807091458333334 0.016742130468749995 0.07015749861111112
5 0.12855564648437498 0.38551192152777775 0.02272146328125 0.029763787500000027
3 0.031092528515625002 0.5633859840277777 0.062185057031250005 0.28913394027777783
4 0.14290604375 0.2972835534722222 0.017937996875000018 0.01913386249999998
4 0.1351329109375 0.32775599791666665 0.0430511921875 0.02338583472222224
4 0.75997314296875 0.28594496041666667 0.03946359375000004 0.02338583472222224
4 0.6561320953124999 0.33803159097222224 0.023917329687499933 0.046771665277777784
4 0.5459130453125 0.38976389513888887 0.015546264062500014 0.012755909722222233
4 0.520201915625 0.40889775486111113 0.00956693124999992 0.01700787916666668
4 0.539335778515625 0.4184646875 0.009566932031250008 0.014881894444444457
5 0.7811001421875 0.36850404513888885 0.025113195312500024 0.03401575972222221
5 0.751602078515625 0.37417333194444446 0.01315453203125001 0.03826772777777773
0 0.4548278941406251 0.4723229756944444 0.019133863281250017 0.010629923611111123
0 0.42931606406250006 0.46948832430555554 0.02152559687499993 0.044645681944444404
0 0.4030070015625 0.48720486944444447 0.035875993750000036 0.0446456805555556
3 0.9108516539062499 0.4776379368055555 0.011958664062500013 0.07653545416666666
3 0.8683983945312501 0.4942914756944444 0.02750492812500003 0.13818901527777774
3 0.8307286003906249 0.4762206041666666 0.02391732890625011 0.09779530277777779
3 0.789471208203125 0.48791352013888895 0.02032972890625002 0.09566931805555556
3 0.750007613671875 0.50066943125 0.025113196093749936 0.1339370458333333
3 0.733265483203125 0.4996064388888889 0.025113196093749936 0.11480318055555551
3 0.661513494921875 0.45992140972222223 0.02032973046875002 0.059527577777777826
3 0.675265960546875 0.47586629583333334 0.014350397656250014 0.07440946944444443
3 0.6812452925781249 0.5130710284722222 0.026309061718750026 0.13181105972222218
3 0.901284722265625 0.5066930756944444 0.026309061718750117 0.14881894027777776
5 0.6840356226562501 0.03082677986111111 0.021525596875000018 0.06165355972222222
5 0.70496328671875 0.035433079166666666 0.025113195312499937 0.07086615833333333
0 0.51721224921875 0.53362219375 0.30255421718750003 0.20409454583333328