5 0.44165269843750005 0.3769387625 0.007360665624999996 0.032714069444444424
5 0.346577436328125 0.3736673555555555 0.006133888281250011 0.043618758333333334
5 0.37172637617187504 0.44127643125000005 0.004907110156249983 0.03053313194444445
4 0.19813734609374997 0.36930548194444446 0.03803010468749999 0.06979001388888892
4 0.5324342421875 0.3998386118055556 0.026989107812500013 0.04798063194444448
5 0.136185078125 0.40311001736111113 0.014721329687499996 0.03271406805555554
5 0.31836155078125 0.46308581111111113 0.006133887500000013 0.017447502777777717
5 0.26070300390625 0.4369145555555556 0.006133887500000013 0.017447502777777797
0 0.398102094140625 0.5045236319444445 0.028215885156249954 0.05670438611111111
0 0.359458599609375 0.5230616041666667 0.07360665546875 0.10686595833333333
0 0.45392047421875 0.5819469277777778 0.11531709375000002 0.18537972222222227
3 0.552186430078125 0.5311406222222222 0.01987593515624999 0.08812898888888891
3 0.628736282421875 0.5383281694444444 0.01840166328125008 0.08505657777777781
0 0.2159256234375 0.5306948868055555 0.0834208765625 0.1134087736111111
0 0.129437803125 0.5350567631944445 0.14353297812500002 0.1613894069444444
0 0.054597986328125 0.5525042659722222 0.10919597265625 0.23990317361111108