4 0.0623454546875 0.1833496513888889 0.0245638796875 0.021210716666666664
4 0.033570621875 0.197698075 0.027371184375000003 0.017467647222222223
4 0.0497125984375 0.2332572152777778 0.042811332812500005 0.023706097222222215
5 0.569414123046875 0.03708842569444445 0.022458407031250082 0.0741768513888889
5 0.548359370703125 0.03612232916666667 0.023862055468749956 0.07111828333333332
5 0.03181606015625 0.29065091805555554 0.0266693546875 0.03867836666666666
5 0.0623454546875 0.2856601638888889 0.016141979687499995 0.048659875000000005
3 0.8434768441406251 0.41853905694444443 0.03438943359374989 0.17467648333333333
3 0.654381771484375 0.40624759236111113 0.019651103906250002 0.08484285972222223
3 0.67157648515625 0.4012568368055556 0.014738326562499982 0.08484285972222223
3 0.6283440488281251 0.3905267020833334 0.0049127757812500224 0.027449162499999995
0 0.389679437109375 0.40378707222222227 0.010722889843750005 0.02599487500000003
0 0.3755447203125 0.4020540805555555 0.02339538750000001 0.036392825
0 0.369695874609375 0.4072530548611111 0.01949615546875001 0.03639282638888888
0 0.356048565234375 0.4098525430555556 0.021445774218750026 0.048523769444444455
0 0.3389894296875 0.4115855361111111 0.0321686578125 0.048523769444444455
0 0.309745193359375 0.4193839965277778 0.04191673828125002 0.060654709722222186
0 0.2678284546875 0.42198348541666664 0.0555640484375 0.07625163472222225
0 0.526639937890625 0.39165613055555554 0.009748077343749984 0.019062911111111053
0 0.53979984453125 0.4020540833333333 0.022420582812500013 0.029460863888888945
0 0.57099369609375 0.40811955138888883 0.07116097343750001 0.08318360555555557
1 0.43452059570312496 0.3509308236111111 0.07311058671875 0.08664958888888886
0 0.123922448046875 0.45491032708333334 0.24784489609375 0.25994875694444447
0 0.465227044921875 0.44277939027777774 0.14427156015625003 0.1906290888888889
0 0.6017001421874999 0.4297819472222222 0.07603501249999996 0.08838257777777782