0 0.500317038671875 0.42445283055555555 0.014501942968750025 0.021093736111111146
0 0.4614254640625 0.42890595486111116 0.02900388593750005 0.03281247916666664
0 0.445605161328125 0.42890595486111116 0.007910150781250014 0.018749987499999954
0 0.437035832421875 0.43124970416666664 0.011865225781249933 0.02343748611111107
0 0.42582978515625003 0.4359371993055556 0.015820301562500028 0.02812497916666664
0 0.40539522929687505 0.43593719999999997 0.030322244531250007 0.04687496944444444
0 0.3724362671875 0.4417965708333333 0.03823239531250002 0.04453121944444444
0 0.5701900375 0.4218747090277778 0.009228509375000016 0.018749987499999954
0 0.5609615285156251 0.4218747090277778 0.011865225781250021 0.018749987499999954
0 0.5451412265625001 0.42421845972222216 0.025048810937499954 0.037499974999999984
0 0.616991763671875 0.43124970347222225 0.029003885156250055 0.060937456944444475
0 0.64533646953125 0.4394528222222222 0.0514159796875 0.07265620000000005
0 0.7758539589843749 0.46858225347222215 0.1489745070312501 0.17109363194444452
0 0.585351158984375 0.4275666590277778 0.02373045234374995 0.028124984722222184
0 0.52536585 0.4592072604166667 0.05668941406250001 0.08671869027777777
0 0.48383755781249993 0.42991040555555554 0.026367170312499955 0.042187469444444445
0 0.330248797265625 0.4568635118055555 0.05141598046875 0.05859370972222225
0 0.667270655078125 0.4539840548611111 0.06328120546875002 0.07265619861111108
0 0.102239878515625 0.5076684284722223 0.14083601015625 0.1143999902777778
0 0.024480266796875 0.5102340173611111 0.04896053359375 0.11953116805555561
0 0.878208010546875 0.5219527590277778 0.24257795859374998 0.22734359305555557