3 0.04364830703125 0.5005473243055556 0.036811825 0.11779784027777775
3 0.153557899609375 0.5201802972222223 0.02734592734375001 0.13836571666666664
3 0.342349973046875 0.5042869388888889 0.009465899218750008 0.035526333333333326
3 0.33603937421875 0.5061567451388889 0.015776496875 0.03552633194444444
3 0.37758414882812497 0.5080265520833334 0.008414133593749984 0.03178671805555556
3 0.3670664828125 0.5005473236111111 0.00841413124999999 0.024307488888888902
3 0.41965480546875 0.5248548152777779 0.00841413124999999 0.035526333333333326
3 0.08887426328125 0.5351387527777778 0.038915357812499995 0.15706378611111116
3 0.12831550390625 0.5267246222222222 0.029449459375000007 0.13649591111111106
3 0.2145603515625 0.522050104861111 0.023138860937500016 0.10844880694444446
3 0.30238284843749996 0.5183104916666667 0.019983562499999996 0.08227150555555554
3 0.35970411875 0.5276595263888889 0.014724729687499983 0.07105266666666665
3 0.736762383984375 0.5706650868055555 0.01156943203124996 0.04113575138888884
3 0.745176516015625 0.5687952784722222 0.009465897656249922 0.044875365277777725
3 0.758849478515625 0.56973018125 0.00946589765625001 0.05048478472222221
3 0.8765421671875 0.5987121902777778 0.012621196874999897 0.05609420833333326
2 0.4985372874999999 0.5113922104166666 0.01682826250000007 0.03552633194444444
2 0.6384222218750001 0.5300902805555556 0.10096957656249997 0.18137127777777776
0 0.511158484375 0.5168146673611111 0.00841413124999999 0.014958456944444422
0 0.531142046484375 0.5336429312500001 0.042070657031250035 0.07479228194444443
0 0.5542809082031249 0.5112052472222222 0.014724730468749937 0.022437686111111157
0 0.48591608984374995 0.5140099569444445 0.01682826250000007 0.009349036111111136
0 0.3365652578125 0.5280335111111111 0.10096957656250001 0.05983382222222223
0 0.8991551457031249 0.6215238590277778 0.011569430468749965 0.03739614027777781
0 0.48644197382812504 0.5352322486111111 0.030501227343749982 0.0411357555555555
0 0.44647484921874997 0.5492558013888889 0.05153655468749996 0.08788092777777778
0 0.567427988671875 0.5838472319444444 0.09150367890625004 0.17202224444444447
2 0.949219201171875 0.6198410152777778 0.10096957734374996 0.19819953888888897
4 0.24716511015625003 0.40761792291666665 0.03155299218749996 0.059833823611111114
4 0.3528676375 0.44314425555555553 0.009465898437500009 0.018698069444444423
4 0.3986194765625 0.40200850069444444 0.01682826249999998 0.011218840277777769
4 0.412818323828125 0.4646470347222222 0.01156943203124996 0.024307488888888902
4 0.7809365734375 0.48428001041666663 0.0178800296875 0.014958459722222194
4 0.69363996015625 0.4739960708333333 0.009465898437500009 0.02804710555555556
5 0.39651594375 0.4394046416666667 0.008414131249999946 0.029916911111111152
5 0.38705004609375 0.46932155277777776 0.012621196874999985 0.0186980694444445
5 0.505899652734375 0.37863591458333334 0.008414130468749993 0.03552633194444444
5 0.651043419921875 0.4328603173611111 0.006310597656250039 0.028047104166666673
5 0.78461775625 0.5319600861111111 0.010517664062499942 0.02056787777777779
3 0.807756618359375 0.5908590069444445 0.012621197656249982 0.05609420833333326
3 0.787247171875 0.5899241034722222 0.013672962500000007 0.04674517361111109
6 0.170386161328125 0.5680473680555556 0.05469185390625 0.10470919166666669