0 0.089194917578125 0.5961491534722222 0.09260674609375001 0.09704753750000003
0 0.368477365625 0.61954454375 0.017546540624999985 0.0051989736111110576
0 0.799244976171875 0.6207576326388888 0.18228906640625003 0.13517335416666668
0 0.020958368359375 0.6061757597222223 0.04191673671875 0.08838258055555552
0 0.9125826312499999 0.6342749715277778 0.17449060312499984 0.20449302083333337
0 0.405909981640625 0.5973622444444444 0.03899231484375001 0.0502567611111111
3 0.44694939726562505 0.5840182097222222 0.010722886718750057 0.06585368055555563
3 0.69260097421875 0.6082800951388888 0.07311058749999999 0.32926842638888887
3 0.636062119921875 0.6043808652777778 0.04776558515625 0.2478178166666667
3 0.7111223230468751 0.7100933583333333 0.016571733593749992 0.060654711111111224
4 0.935084425390625 0.48220494722222224 0.01949615703124987 0.07278565277777777
4 0.6869958281249999 0.4198172465277778 0.014622117187500016 0.06585368472222228
4 0.5025134441406249 0.24738456875 0.07116097265625002 0.032926843055555544
4 0.501051232421875 0.2950418416666667 0.031193852343750005 0.041591802777777784
4 0.527371046875 0.32623569375 0.031193851562500007 0.013863934722222224
4 0.113199546484375 0.528191132638889 0.008773269531249994 0.019062909722222167
5 0.52152219765625 0.38167905347222225 0.01559692343750001 0.02787642638888883
5 0.6701803937499999 0.3717267256944444 0.022420581250000016 0.04332479027777774
5 0.715508959375 0.40292057569444445 0.023395389062500004 0.03985880972222217
5 0.7091727085937499 0.46010930277777773 0.028269426562499957 0.05372274166666663
5 0.497152001171875 0.5181645256944445 0.007798460156250009 0.020795898611111124