0 0.032860344531249995 0.6551023347222222 0.042761503124999996 0.027551033333333346
0 0.09255425078124999 0.6543370284722222 0.05768497499999999 0.032142870833333365
0 0.30507028515625 0.6489798833333335 0.032716851562499996 0.027551033333333346
0 0.330899378515625 0.6382655930555556 0.020663274218749982 0.03061225833333331
0 0.355006532421875 0.6375002868055556 0.018941335156250006 0.019897968055555597
0 0.5889338171875 0.6451533513888889 0.02289820156250002 0.026020422222222252
0 0.6055487375 0.6459186569444444 0.030994912500000017 0.027551033333333346
0 0.528061456640625 0.6336737534722222 0.013775516406249988 0.015306129166666693
0 0.159709893359375 0.6507948263888889 0.02324618359374999 0.026982372222222197
0 0.007557382421875 0.6579669152777777 0.01415815546875 0.022959194444444442
0 0.39495912421875 0.6313778347222222 0.010331637500000036 0.016836741666666672
0 0.40701270234375003 0.6313778340277778 0.012053576562500012 0.019897968055555597
0 0.373004395703125 0.6420921243055555 0.023246185156250033 0.029081643055555557
3 0.493540162890625 0.6336737541666666 0.007748727343749984 0.018367355555555537
0 0.56973598828125 0.64132681875 0.010331635937500038 0.03673470972222219
5 0.46363222382812497 0.5716839305555556 0.0060267898437500024 0.018367355555555537
5 0.56077830859375 0.6000002694444444 0.006887757812499995 0.0214285805555555
5 0.58574643203125 0.603826801388889 0.005165818750000018 0.016836741666666672
4 0.7949799933593751 0.35204097500000003 0.05854594453124991 0.03979593611111112
4 0.838593519921875 0.42933692777777777 0.03212498671875004 0.08418371111111106
4 0.023246183984375 0.5843880458333334 0.008609697656249998 0.009183677777777809
4 0.028842487500000003 0.5713778354166666 0.014636485937500002 0.010714290277777788
4 0.5472898039062499 0.6091839472222222 0.006887757812499995 0.01224490277777777
2 0.545854837109375 0.6345921305555555 0.025829092968750002 0.021428580555555576