4 0.17720566484375 0.24532198472222225 0.018490234375000015 0.04307303611111111
4 0.513582195703125 0.3360020590277778 0.029966930468749986 0.01586901250000001
5 0.48070055039062504 0.33122516597222224 0.005738347656250031 0.02380352083333336
5 0.377273639453125 0.31535615277777773 0.008926319531250027 0.028337522222222234
5 0.36930371171875 0.31535615208333334 0.00956391406249999 0.030604523611111115
0 0.48552804765625 0.44927119513888886 0.026141365625000024 0.046473537500000044
0 0.464032016796875 0.4606062034722222 0.019765421093750034 0.041939534722222206
0 0.36361091796875 0.45607219930555554 0.033154901562500026 0.0396725319444444
0 0.334828084375 0.45153819652777777 0.026778960937499985 0.10994959027777777
3 0.77290088984375 0.4519430138888889 0.03251730781250002 0.12468510277777779
2 0.220259840234375 0.40653075208333334 0.21168129921875006 0.3219142625
0 0.41550859804687496 0.4640301625 0.10010230078125 0.19042815555555556
0 0.616176899609375 0.4566624069444445 0.22124521328124996 0.3253147666666667
0 0.10813019335937502 0.4736649201388889 0.21347815078125 0.45906787638888885
0 0.88057565546875 0.5574924645833333 0.2346346937499999 0.4725668347222223