4 0.16084329453125 0.2394994513888889 0.025345004687500006 0.055455736111111126
4 0.194961569140625 0.3885367395833333 0.019496157031249982 0.027727868055555563
4 0.15158261953125002 0.3365469875 0.028269426562499998 0.013863933333333339
4 0.352393036328125 0.38680374791666666 0.038017505468750025 0.017329918055555518
4 0.837359939453125 0.42926204513888894 0.017546541406249894 0.02252889305555554
4 0.8315110925781249 0.38247126736111114 0.0331434664062499 0.05718872638888893
4 0.83199849609375 0.28022475694444443 0.045815968750000026 0.060654711111111106
4 0.8349229203125 0.21870355069444444 0.04386635312500005 0.06238770138888891
4 0.8363851316406251 0.1649808076388889 0.046790775781249926 0.045057784722222216
4 0.725744441796875 0.34347895486111113 0.03801750703125002 0.04852376805555561
5 0.7223326136718751 0.41453161527777777 0.007798463281250001 0.02079590000000001
5 0.650196833203125 0.33481399652777777 0.00974807890624998 0.0415918013888889
5 0.40064602460937504 0.3781387888888889 0.009748078906250023 0.03119384999999997
5 0.39041054179687495 0.37813878958333336 0.012672502343749992 0.027727868055555563
5 0.637524330859375 0.3356804923611111 0.007798461718750005 0.039858809722222256
5 0.71355934296875 0.4093326402777778 0.011697693750000049 0.048523769444444455
5 0.7281814609375 0.49424923472222226 0.00974807812500007 0.010397949999999965
5 0.879764080859375 0.464788375 0.014622117968750103 0.03119384999999997
5 0.8666041742187499 0.4708538465277778 0.013647309375000027 0.0329268430555555
0 0.177902431640625 0.5306420625 0.014622117968750015 0.04159180277777771
0 0.6297258683593749 0.5557704409722223 0.03119385078125001 0.060654709722222186
0 0.7413413664062499 0.5505714659722222 0.045815968749999936 0.05372274305555559
0 0.7754596410156249 0.5687678791666667 0.09455636015625002 0.06931966944444447
0 0.9767574617187499 0.5886972833333333 0.0409419296874999 0.05025675833333333
2 0.676029241015625 0.5375740270833334 0.12769982734375002 0.15250327083333332
3 0.726719248828125 0.5722338618055556 0.024370196093749998 0.10744548749999999
3 0.8076283003906249 0.581765317361111 0.028269427343749952 0.11611044583333338
3 0.890974371484375 0.5930297631944444 0.023395388281250006 0.11091147083333336
3 0.8422339792968749 0.5860977965277777 0.02729462109374996 0.1247754041666667
3 0.21786955351562504 0.51851111875 0.010722886718750014 0.0415918013888889
3 0.20324743554687502 0.5410400125 0.020470964843749995 0.1039795055555555
3 0.055564047656250004 0.5349745409722222 0.027294620312499997 0.18889609861111106
2 0.31681255 0.50551368125 0.19301195312500002 0.1577022458333333
0 0.500076424609375 0.5800323256944444 0.24955080859374998 0.3448653541666667
3 0.019969186718749997 0.5016259638888889 0.039470331250000004 0.1677965777777778
5 0.7261449000000001 0.49476155902777774 0.015444912500000019 0.02288135138888884