0 0.389248290234375 0.45101205763888885 0.01638940234374999 0.016996415277777763
0 0.283400072265625 0.4103420590277779 0.012292052343750016 0.01456835694444444
0 0.269059344140625 0.4139841458333333 0.016389400781249997 0.016996413888888878
0 0.256084399609375 0.41519817638888884 0.015023617968750003 0.01942447499999997
0 0.24515813359375 0.4346226541666667 0.023218317187500004 0.024280594444444463
0 0.230817407421875 0.4431208611111111 0.024584102343750035 0.021852536111111064
0 0.13589545585937501 0.4354320013888889 0.05053398671875 0.022661897222222255
0 0.43227047148437503 0.45404712777777784 0.012292053906250011 0.014568358333333324
0 0.4097350437499999 0.4516190673611111 0.010926267187500028 0.019424479166666706
0 0.35851816210937504 0.4504050388888889 0.009560485156249987 0.02185253611111114
0 0.6326309015625 0.4807557847222222 0.016389401562499996 0.024280597222222235
0 0.6480642585937499 0.48136280000000004 0.025949885937500028 0.033992833333333375
0 0.570897492578125 0.4627881416666666 0.02458410078125004 0.01942447499999997
0 0.3154959828125 0.4458524277777778 0.00819470156250004 0.05159626388888891
0 0.272473803515625 0.4321945965277778 0.020486750781250018 0.019424479166666706
0 0.36876153828125 0.45404713124999996 0.02731566875000002 0.03399283194444449
0 0.421344201171875 0.45647518819444444 0.017755185156249985 0.02428059583333327
0 0.44797697929687497 0.4637593659722222 0.030047235156250008 0.04856119027777781
0 0.34850242265625003 0.45161907152777775 0.02321831875 0.029136712499999995
0 0.295009230078125 0.4473699659722222 0.03824193828125 0.06312954861111114
4 0.774740675390625 0.3059354986111111 0.016389400781249997 0.03156477500000001
4 0.48553602500000004 0.39172692847222224 0.017755185937499984 0.029136715277777763
4 0.39812588359375 0.3868708138888889 0.01775518593750003 0.02913671388888888
4 0.41178371796875 0.3892988736111112 0.012292051562500017 0.014568358333333324
4 0.604222609765625 0.4307377402777778 0.010926269531249932 0.014568358333333324