4 0.1850975921875 0.5618747979166666 0.02214842968749999 0.044999984722222226
4 0.5542380875 0.5131248152777779 0.01792968125000005 0.04874998333333333
4 0.5558201179687501 0.5637497965277778 0.014765620312499995 0.03749998750000003
5 0.352265501171875 0.5568748055555556 0.008437496093750019 0.02999999166666672
3 0.7712776390625 0.6745979791666668 0.023203117187499966 0.11062496388888887
0 0.4919362144531251 0.6455354888888889 0.012656247656250041 0.018749991666666688
0 0.50564714765625 0.6661604826388889 0.023203115624999972 0.05624998194444441
0 0.5146119871093751 0.6661604819444444 0.024257803906249986 0.06374997777777772
0 0.5478346328124999 0.6633479840277777 0.05695310625000003 0.09562496527777774
0 0.593186179296875 0.6717854791666668 0.08226559609374995 0.10499996388888894
0 0.6586521128906251 0.6949997520833333 0.12128901953124993 0.12374995694444443
2 0.19722649335937498 0.6117855006944445 0.06539060234374998 0.08624996805555558
0 0.063281227734375 0.6406247708333334 0.12656245546875 0.11624995833333335
0 0.343828005078125 0.6509372680555556 0.03374998671874998 0.09187496944444441
0 0.41871079062499994 0.6687497611111111 0.17085931406249996 0.3112498916666667
0 0.95185513671875 0.7578122305555556 0.09386715468749998 0.2343749194444444
4 0.288984273828125 0.5930355083333333 0.016874994531249986 0.029999988888888947
0 0.32220691874999996 0.6370979930555556 0.017929681250000006 0.039374986111111177