4 0.159868486328125 0.4141850222222222 0.02729461953125001 0.05892171944444442
4 0.45426045585937497 0.4973686263888889 0.015596924218750008 0.027727866666666677
4 0.754501273046875 0.24695132083333335 0.013647310156250026 0.022528891666666696
4 0.866604175 0.4817717 0.0389923140625001 0.0623877027777778
5 0.7700981984374999 0.3128050076388889 0.011697695312500044 0.07798462916666667
5 0.7569382921875001 0.45057784930555556 0.02047096406250004 0.034659834722222234
5 0.540530950390625 0.5077665756944444 0.012672502343749947 0.02426188472222219
5 0.7842329125 0.4523108409722222 0.01852134999999997 0.031193851388888937
3 0.05653885507812499 0.5857512034722223 0.03509308203125 0.13863933749999996
3 0.085783090625 0.5857512041666666 0.0370426984375 0.12477540555555551
3 0.130136847265625 0.5857512027777777 0.024370196093749998 0.1109114694444444
3 0.177902431640625 0.5900836826388889 0.016571733593749992 0.09184856250000001
3 0.5137237347656249 0.5753532527777778 0.017546541406249984 0.07278565277777777
3 0.6960128019531251 0.5840182104166667 0.021445772656249938 0.07971761805555562
0 0.015109521484375 0.5805522284722222 0.03021904296875 0.055455734722222164
0 0.426965837109375 0.6143455659722222 0.13257386796875004 0.15077027916666666
0 0.9567739007812499 0.5900836833333334 0.07895943593750002 0.09878053055555557
2 0.7281814609374999 0.5528243604166666 0.08773270625 0.11784343750000004
2 0.797880221484375 0.5649553027777777 0.06921135703125003 0.0866495861111111
0 0.8592931164062498 0.5623558138888889 0.039967121874999914 0.03639282500000007
0 0.8865877355468751 0.5554238479166667 0.02047096484375004 0.025994876388888914
0 0.9094957199218751 0.54849188125 0.017546541406249894 0.02946085972222221
0 0.20714666757812497 0.5805522284722222 0.03606789140625 0.04505778472222228
0 0.20519705156249998 0.5502248729166667 0.024370196874999993 0.015596926388888871
0 0.20617185937500002 0.5311619645833333 0.01852134843750002 0.015596926388888871
0 0.240777537890625 0.5242299972222223 0.013647310156250026 0.012130941666666692
0 0.223230996484375 0.5181645263888889 0.015596925781250003 0.017329916666666632
0 0.344107169140625 0.5710207743055556 0.03314346640624999 0.032926843055555585
0 0.3216865890625 0.5640888076388889 0.015596925000000006 0.02946085972222221
0 0.31876216562500004 0.5536908569444444 0.023395389062500004 0.03292684444444447
0 0.30121562500000004 0.5528243604166666 0.01364731093749998 0.017329918055555598
0 0.29244235390625 0.5450258986111111 0.013647309375000027 0.015596927777777835
0 0.282694275390625 0.5363609395833333 0.013647310156249981 0.015596926388888951
0 0.274408408984375 0.5337614513888889 0.01462211796874997 0.017329916666666632
0 0.264172926171875 0.5259629888888889 0.011697694531249959 0.015596924999999985