0 0.030795996875 0.46293616805555554 0.06159199375 0.11088291388888893
0 0.089269408203125 0.44838278402777776 0.10681143203124999 0.1039527319444444
0 0.168403426171875 0.4345224194444444 0.059253058593749984 0.0762320027777778
0 0.27560468085937495 0.41858300069444443 0.04755837421874998 0.05544145694444443
0 0.6576309707031249 0.4601640923611111 0.06626986640624999 0.08316218472222224
0 0.301332981640625 0.4109598 0.03352475546874998 0.048511275000000055
0 0.323163055078125 0.40680169097222224 0.02572830078125001 0.04296712916666665
0 0.341094901953125 0.39363434513888884 0.03040617421874998 0.041581093055555525
0 0.36370462070312504 0.39086227222222225 0.017931846093750002 0.0360369472222222
0 0.382805934765625 0.3839320902777778 0.02027078203124999 0.02772072777777781
0 0.6256655058593751 0.4469967472222222 0.03664333828124997 0.056827494444444446
0 0.609682773046875 0.43521543819444447 0.03742298359375003 0.05821353194444446
0 0.594869508984375 0.42967129236111107 0.028067238281249997 0.05821352916666669
0 0.5820053578125 0.42204809166666674 0.021050428124999954 0.04573920277777772
0 0.564073511328125 0.4019505638888889 0.02728759296875003 0.03880901944444446
0 0.548870424609375 0.3922483083333333 0.015592910156249928 0.03603694722222228
0 0.5410739703124999 0.38531812638888885 0.009355746875000025 0.022176583333333375
0 0.53600627421875 0.38185303472222215 0.014813264062500053 0.026334694444444452
0 0.5262607050781251 0.3679926708333333 0.01247432734374998 0.020790547222222244
0 0.5149558453124999 0.3700717256944444 0.008576100000000064 0.016632437500000048
0 0.40541565468749996 0.3749228534722222 0.00935574531250003 0.020790545833333358
0 0.3913820359375 0.3776949256944444 0.018711492187499967 0.03187883750000001
0 0.417889982421875 0.3700717256944444 0.014033619531249996 0.02494865694444444
4 0.2962652859375 0.3520532513888889 0.017152199999999996 0.02772072777777781
4 0.8802197578125 0.347202125 0.04210085624999991 0.04296713055555554