2 0.055354829687499996 0.43702627986111114 0.11070965937499999 0.2652693819444444
1 0.721561900390625 0.37353681666666666 0.32667146015625004 0.4892708555555556
3 0.175810057421875 0.4747174763888889 0.024169010156250014 0.08732029722222229
3 0.23662240507812501 0.46016409375 0.010135391406250038 0.033264873611111134
3 0.1446242390625 0.47125238541666664 0.017931846875 0.09425047916666666
3 0.19140296757812497 0.47263842222222224 0.016372555468750005 0.10256669444444447
3 0.214012687109375 0.47541049375 0.017931846093750002 0.07761804027777773
0 0.297044930859375 0.4851127479166667 0.13098044296875 0.16355229861111112
0 0.47402445742187505 0.48303369374999994 0.19023349921875005 0.3118581958333333
3 0.358636925 0.4546199479166666 0.007796454687499965 0.041581093055555525
3 0.3695519625 0.4608571111111111 0.010915037500000002 0.056827494444444446
4 0.367602848046875 0.38462510763888885 0.005457517968749981 0.0180184736111111