0 0.031193851171875 0.30587303958333334 0.058488471093749994 0.19582806527777782
0 0.9187563949218749 0.33966637777777775 0.15694406328124993 0.235686875
0 0.45913449531250006 0.30673953541666665 0.04094192968749999 0.06585368472222221
0 0.507387483984375 0.29720808125000003 0.02047096484375004 0.02946085972222225
0 0.24613898125000003 0.28854312291666667 0.04971520000000003 0.04332479305555555
0 0.42891545195312497 0.29547508958333335 0.01949615703125005 0.02946085972222221
0 0.491303154296875 0.29547508958333335 0.011697694531249959 0.019062909722222247
0 0.4835046914062501 0.28507713888888886 0.01169769374999996 0.022528891666666655
4 0.10186741992187501 0.09444804930555556 0.020470964843749995 0.025994876388888876
4 0.07164837695312501 0.10311300763888889 0.026319811718749996 0.025994876388888876
4 0.035093082421875 0.14817079236111114 0.015596925781250003 0.02946085972222223
4 0.580985476171875 0.22182294097222222 0.01754654140625007 0.034659834722222234
4 0.54540498984375 0.21835695763888888 0.012672501562500039 0.027727868055555563
4 0.5239592171874999 0.25821576736111107 0.008773270312499993 0.01732991805555556
4 0.511286715625 0.26168175069444444 0.004874040624999942 0.01732991805555556
4 0.9523872656249999 0.08231710625 0.04484116093749986 0.025994873611111104