1 0.380739448046875 0.6556789909722222 0.029449460156250006 0.052354595833333344
0 0.345505271484375 0.6728188993055555 0.02839769296874999 0.04300556249999998
0 0.400723008984375 0.6606651548611111 0.008414132031249943 0.014958456944444502
6 0.733256516015625 0.7741000923611111 0.2050944539062499 0.22063722361111116
6 0.513262016796875 0.6874657118055555 0.05889891953125002 0.10096957916666661
6 0.480131375 0.6847233381944444 0.026294160937499988 0.05235459305555557
4 0.46435487890625 0.597029404861111 0.019983560937500044 0.04300556249999998
4 0.50695141796875 0.5624379743055556 0.023138860937500016 0.0224376819444445
4 0.633163390234375 0.3726525388888889 0.054691853906249935 0.14397513888888885
3 0.08308954921875 0.7236153034722222 0.016828264062499997 0.0822715069444445
5 0.42754305390624997 0.6391000604166667 0.0052588312500000175 0.014958456944444422