4 0.113706403515625 0.3721381590277778 0.05595394921875 0.11546052638888891
4 0.8256204687500001 0.4476315805555556 0.012989307812500073 0.017763155555555618
5 0.417955993359375 0.4032236875 0.010990953906249957 0.06750000000000003
5 0.192141846484375 0.3756907923611111 0.024979439843749996 0.06217105138888886
5 0.010791106640625001 0.5382236854166667 0.01199013203125 0.03552631249999997
5 0.026278358593750002 0.5346710555555556 0.012989309375000003 0.01776315833333331
0 0.49739061523437494 0.5657565826388888 0.02597861796874996 0.04796052916666661
0 0.46400599257812497 0.5737500027777778 0.04678569296874997 0.07815789444444445
0 0.441436666796875 0.6066118451388889 0.09192434296874996 0.11190789583333335
0 0.376490121875 0.571085529861111 0.04596217187500003 0.05506579027777781
1 0.35201026953125003 0.531118425 0.10291529531250002 0.06750000000000003
0 0.052356903125 0.6350328979166666 0.10471380625 0.1545394736111111
0 0.242100728515625 0.6892105305555556 0.33272615390625 0.32328947777777783
0 0.9804930031250001 0.5435526340277778 0.03896792812500003 0.06394736805555555
0 0.95051767421875 0.5373355291666666 0.05495477031250005 0.06927631666666664
0 0.9190435777343751 0.5426644777777778 0.04396381640624991 0.05861842222222222
0 0.8875694828124999 0.5302302666666667 0.04096628281249988 0.0479605277777778
0 0.862090453125 0.5915131611111111 0.13388980312500004 0.22736842222222223
0 0.6552606820312501 0.5133552659722223 0.29375822500000004 0.6501315819444444