5 0.475833025390625 0.3468231895833333 0.0027969617187499907 0.024861879166666708
5 0.5415616128906249 0.35428175347222224 0.0055939226562499835 0.01988950138888891
2 0.503103396875 0.35552484444444443 0.026571131250000057 0.03232043888888888
0 0.52967452734375 0.3828729097222222 0.009789365625000013 0.027348063888888892
0 0.50799807734375 0.39157456944444446 0.04195441718749997 0.054696130555555555
0 0.5527494562499999 0.3878452868055555 0.022375689062500027 0.03480662916666672
0 0.39052570781249996 0.39779003749999997 0.025172649999999974 0.039779002777777746
0 0.36675153867187504 0.39779003749999997 0.030766574218750044 0.04475137777777773
0 0.32479711914062503 0.3953038493055555 0.06433010859374999 0.07458563194444447
0 0.5863129921875 0.39779003749999997 0.027969612500000008 0.07458563055555559
0 0.6296658921875 0.39033147430555554 0.06992402968749997 0.1342541375
0 0.6953944796875 0.43383976250000006 0.12306629218750001 0.1665745777777778
4 0.76042382578125 0.23245855208333335 0.023774170312499975 0.032320440277777765
0 0.8572350988281251 0.5009668291666667 0.28452378203124995 0.33812153055555555