0 0.343927622265625 0.6460183118055555 0.012621197656249982 0.020567876388888903
0 0.3334099578125 0.6469532152777777 0.01893179531250002 0.022437683333333305
0 0.201413270703125 0.6693909006944444 0.030501225781249985 0.033656526388888844
0 0.12831550429687502 0.6852842583333333 0.04838125546875001 0.05422440277777775
0 0.39914536015625 0.6347994715277778 0.0178800296875 0.020567876388888903
0 0.4059818417968749 0.6385390854166666 0.01051766484375003 0.01682826249999994
0 0.419654805078125 0.639473988888889 0.012621197656249982 0.011218838888888883
0 0.433853651171875 0.635734375 0.011569430468750053 0.011218841666666653
0 0.44489720039062497 0.6338645680555556 0.010517664843749941 0.014958455555555538
0 0.453837213671875 0.6347994715277778 0.009465897656249922 0.01682826249999994
0 0.46488076171875 0.6338645673611112 0.00841413124999999 0.0224376819444445
0 0.47329489296875005 0.6347994715277778 0.014724729687500026 0.01682826249999994
0 0.48696785664062503 0.635734375 0.016828263281249978 0.02617729722222227
0 0.494856104296875 0.635734375 0.015776496093750047 0.029916911111111076
0 0.50747730234375 0.6376041819444445 0.019983560937499957 0.029916911111111152
0 0.588989200390625 0.6338645680555555 0.02734592734375001 0.059833825
0 0.618438660546875 0.6338645687500001 0.06310598671875 0.07853189305555554
0 0.661035200390625 0.6432136034722222 0.07677894921875002 0.07479228194444443
0 0.7741000925781251 0.6030127527777778 0.03786359140625004 0.035526333333333326
0 0.7541165296875001 0.6030127527777778 0.031552992187500004 0.035526333333333326
0 0.728874135546875 0.6104919805555555 0.03786359140625004 0.024307491666666594
0 0.8082825015624999 0.5974033326388888 0.01156943125000005 0.02804710694444444
5 0.2766145703125 0.38050572291666673 0.01893179531249998 0.05422440416666671
5 0.254097210546875 0.3784898347222222 0.017688792968749967 0.05393224444444446
5 0.42912070234375 0.25990317013888886 0.02313885937499993 0.07479227916666666
5 0.40493007500000006 0.260838075 0.016828262500000024 0.07292247222222224
5 0.45804427968749994 0.575900551388889 0.0073623640625000595 0.018698069444444423
5 0.9754082128906252 0.5029780805555556 0.023138861718750015 0.03365652499999996
5 0.947010518359375 0.5076525972222222 0.016828263281249888 0.043005558333333326
4 0.279769869921875 0.44407915902777784 0.03365652578125 0.020567876388888903
4 0.257156892578125 0.49362904374999994 0.04312242421874997 0.059833823611111114
4 0.49012315546875007 0.5730958409722222 0.008414131250000078 0.024307490277777788
4 0.80249778515625 0.4992384638888889 0.018931795312499933 0.018698069444444423
4 0.825636647265625 0.5104573076388889 0.02734592734374992 0.018698070833333306
4 0.8135413328125001 0.5300902798611111 0.030501226562499983 0.020567876388888903
5 0.27556280507812503 0.5388160555555555 0.01051766484375003 0.035526333333333326
5 0.24716511093750002 0.5397509583333333 0.010517664062499987 0.029916911111111152
4 0.024116307812499998 0.42287925763888884 0.04346059375 0.1053590152777778