4 0.04727818046875 0.5320284590277778 0.0243701953125 0.038125818055555524
4 0.11892655781250001 0.5181645256944445 0.015596924999999984 0.010397951388888929
4 0.781795892578125 0.4783057166666667 0.013647310156250026 0.02079590000000001
4 0.7978802218750001 0.48350469305555555 0.018521348437499974 0.010397950000000043
4 0.78374550859375 0.5086330722222223 0.01949615781249996 0.029460858333333402
5 0.276845428125 0.3665277506944444 0.011697693750000005 0.04679077638888892
5 0.6428857742187499 0.42978194791666674 0.008773270312499993 0.038125818055555524
5 0.26563513828124996 0.36999373333333335 0.008773271875000033 0.04679077777777777
5 0.2841564875 0.3717267263888889 0.008773271874999988 0.043324791666666626
5 0.6345999078125001 0.43064844375000005 0.007798462500000003 0.03639282638888888
4 0.49958902109375 0.4991016173611112 0.010722885937499971 0.020795901388888892
0 0.14085973398437499 0.6065471041666667 0.038017507031249995 0.055455736111111126
0 0.65799529609375 0.5935496659722221 0.033143467187499984 0.03639282638888888
0 0.680903280078125 0.5952826590277778 0.010722885156250061 0.019062909722222247
0 0.7622997355468749 0.5944161611111112 0.04484116015625004 0.027727866666666597
0 0.6272888492187499 0.5883506909722223 0.03606789062500004 0.04679077638888892
0 0.5575900871093751 0.5883506909722223 0.046790775781250016 0.05025675972222222
0 0.520059985546875 0.5961491534722222 0.028269427343750042 0.038125818055555524
0 0.088220109765625 0.6030811201388889 0.07311058828124999 0.08318360138888892
0 0.7091727078125001 0.59528265625 0.047765584375 0.05718872638888889
0 0.5892713429687501 0.6039476166666666 0.057513662499999986 0.06412069444444445
0 0.46059670703125005 0.6481389048611111 0.131599059375 0.19409507361111109
0 0.229079844140625 0.6204110375 0.15791887109375 0.14903729166666665
1 0.5712373976562499 0.5692877833333333 0.09358155312499994 0.0745186444444444
1 0.458647091796875 0.5441594020833334 0.08285866796874997 0.05545573194444439
1 0.2680721578125 0.5614893208333334 0.2242058046875 0.16290122222222214
3 0.031681255078125005 0.6134790708333333 0.01852134921875 0.0831836027777778
7 0.007311058984375 0.6290759972222222 0.01462211796875 0.06585368611111109
3 0.96067313203125 0.6152120618055557 0.03021904374999984 0.1317073680555556
3 0.881713697265625 0.6204110381944444 0.028269427343749952 0.13170736805555552
3 0.8495450375000001 0.6169450548611112 0.014622117187500016 0.06238770138888891
3 0.83589772734375 0.615212061111111 0.016571732812499997 0.0623877027777778