0 0.8743724164062499 0.6070839541666667 0.15982732500000002 0.1718685166666667
0 0.6654274250000001 0.5966886784722222 0.08030348437499998 0.1316734541666666
5 0.456482434765625 0.3735368173611111 0.01325397421875003 0.0540554208333333
4 0.5820053582031249 0.3132442326388889 0.010135391406250083 0.05544145694444447
5 0.57303943515625 0.31740234166666664 0.007796456249999917 0.05821353055555557
5 0.560565105859375 0.3132442326388889 0.009355742968750035 0.05266938472222221
4 0.461160305859375 0.5065963138888888 0.01637255234375008 0.062371638888888886
4 0.46193995234375 0.4463037298611111 0.025728299999999926 0.024948654166666667
4 0.46116030703124994 0.4248201645833333 0.014813264062499965 0.020790545833333358
4 0.48649878593750007 0.5079823513888889 0.017152201562500035 0.031878841666666664
4 0.752357896875 0.42689921805555553 0.053015892187499955 0.013860363888888906
4 0.8396781929687499 0.49204292986111114 0.023389365625000026 0.01940450972222223
4 0.8396781921875001 0.4705593666666666 0.012474328124999979 0.015246400000000035
4 0.8361697875 0.41026678194444444 0.027287592187500032 0.024948655555555553
5 0.6888167898437499 0.4248201625 0.007016809374999955 0.03465090555555561
5 0.6482752234375 0.5156055506944445 0.007016809375000044 0.01940450972222215
4 0.752357897265625 0.46293616666666665 0.010915036718750049 0.024948655555555553
4 0.754307012109375 0.5031312243055556 0.00857610234374997 0.016632437500000048
5 0.513396554296875 0.5072893319444444 0.005457517968750025 0.013860363888888906
5 0.553938121484375 0.4712523847222222 0.003898228906250001 0.024948655555555553
0 0.590191636328125 0.5897584993055555 0.031185819531250037 0.040195056944444474
0 0.41983909648437495 0.5862934104166666 0.038202628906249994 0.03326487916666668
0 0.36838249453125 0.5987677368055556 0.05847341250000002 0.05544145694444443
0 0.141505656640625 0.60846999375 0.09901497734375 0.07484597083333332
0 0.7168840281250001 0.5994607527777778 0.042880503124999955 0.0790040722222222
0 0.6174792269531251 0.5828283180555556 0.020270780468749992 0.04296713055555554
1 0.48421807734375 0.5685171256944445 0.06381447343749995 0.06604536527777777
0 0.29158741367187496 0.6001537722222222 0.09511674921874999 0.08316218611111113
0 0.21362286406250003 0.6063909361111111 0.04833802031250001 0.0595995666666667
0 0.046388907421875 0.5835213340277778 0.08965923359375 0.19404509583333332
0 0.550819538671875 0.5800562444444444 0.010135391406249994 0.018018472222222214
2 0.60500490078125 0.5592656965277778 0.018711493749999964 0.023562615277777768
4 0.56758191640625 0.5315449694444444 0.010915037500000047 0.012474327777777777