0 0.141941534765625 0.7590871277777778 0.28167696328125 0.34848144166666667
0 0.276941166015625 0.6596255840277777 0.06341849765625 0.11127978749999999
0 0.319769242578125 0.6684108291666667 0.028826589843749993 0.055639894444444435
0 0.332947111328125 0.6588934819444444 0.010707017968749977 0.01317786944444445
0 0.5767377003906249 0.682320804861111 0.018943188281250033 0.024891531944444427
0 0.392247524609375 0.6786602847222222 0.08483253515624996 0.11420820277777782
5 0.15731081796875 0.49856273333333334 0.009883401562500005 0.02781994722222218
5 0.08977423671875 0.4692785805555556 0.008236168749999995 0.033676777777777764
5 0.08030264218750001 0.4692785791666667 0.007412551562499992 0.03660519444444448
5 0.071242857421875 0.4685464756944444 0.00905978515625 0.035140987500000005
5 0.09512774609374999 0.4992948375 0.010707018749999997 0.0322125694444444
5 0.12518976054687497 0.5417568625 0.008236167968749996 0.02342732500000003
5 0.11201189179687501 0.5629878743055555 0.006588935156250008 0.01610628472222228
5 0.11654178398437501 0.5622557708333333 0.005765317968750017 0.020498905555555544
5 0.3905341046875 0.48663989999999996 0.006868370312500005 0.030330019444444408
5 0.38380545234375 0.4897774875 0.008236168750000017 0.02781994722222218
5 0.36280322265625 0.5922720277777778 0.00411808437500003 0.01317786944444445
5 0.35950875546875 0.59300413125 0.004118084374999986 0.014642076388888923
5 0.333153015234375 0.5886115097222222 0.0057653179687499724 0.014642077777777807
5 0.33933014335937506 0.5864151986111111 0.0032944679687500144 0.01317786944444445
4 0.25779207460937503 0.5915399236111111 0.0049417007812500024 0.017570491666666674
4 0.251203139453125 0.5988609645833334 0.0049417007812500024 0.014642079166666693
5 0.486213378125 0.5420706215277779 0.014825103125000006 0.02781994861111114
4 0.031709249609375004 0.5600594597222222 0.00905978515625 0.03660519444444448
4 0.09718678828125 0.5293110965277777 0.02470850468750001 0.01903469861111107
4 0.09883402226562499 0.5590833236111111 0.009883402343749991 0.017082430555555563
4 0.16225251953125 0.5585952506944445 0.0181195703125 0.027819945833333293
4 0.1676060296875 0.5424889659722223 0.018943187499999993 0.024891531944444427
4 0.26026292500000003 0.5263826805555556 0.037886374999999986 0.057104102777777714
4 0.06877200703125 0.5622557708333333 0.012354253124999992 0.02342732500000003
4 0.2923839828125 0.601057275 0.014825103124999961 0.019034699999999957
4 0.391218003125 0.5285789930555556 0.03129744062499999 0.04978306388888893
4 0.448599093359375 0.5329716159722222 0.035694960156249955 0.01757049305555556
4 0.4266335292968749 0.4846527604166667 0.006588935156249942 0.014642076388888923
4 0.41675012617187496 0.5981288590277778 0.009883402343750004 0.021963118055555557
4 0.48675755859375 0.5790941590277777 0.011530635937499945 0.007321037499999979
5 0.021825846875 0.5705529534722221 0.0074125515624999996 0.014642076388888923
0 0.107070190625 0.5800703048611111 0.01153063593750001 0.010249454166666618
0 0.19519719296875 0.5646961236111111 0.0049417015625 0.020498908333333392
0 0.167606029296875 0.5771418909722222 0.005765317968749994 0.013177870833333334
4 0.5121573085937501 0.5914353423611112 0.007412551562500003 0.024891529166666655
4 0.4705646578125 0.5401880708333333 0.00823616875000006 0.019034699999999957
3 0.80780339765625 0.7211223090277777 0.06918381562500002 0.09224508750000003
3 0.44125272773437507 0.6706071416666666 0.009883402343750004 0.06003251944444443
5 0.48876554531250005 0.6065461138888889 0.011921110937499969 0.01695446944444438