3 0.7749722382812501 0.5857512027777777 0.15791887031249993 0.4020540805555555
0 0.657020488671875 0.6108795826388889 0.4094192960937499 0.35179731805555553
6 0.351418228515625 0.5476253861111111 0.05166481640625 0.11784343888888885
6 0.33094726328124996 0.56408880625 0.0438663515625 0.12650839305555558
6 0.311451107421875 0.5796857333333334 0.05946327890625001 0.1334403638888889
6 0.292442353515625 0.5883506909722223 0.06823654921875 0.15077027916666666
6 0.26904696484375 0.6004816333333333 0.07603501093750001 0.16810019722222216
6 0.24370196093750002 0.6143455666666666 0.09163193749999998 0.1784981472222222
6 0.21494513046875002 0.627343004861111 0.10625405624999999 0.20449302361111105
6 0.18228906640624998 0.6542043763888888 0.11112809374999999 0.2200899500000001
6 0.1423219453125 0.6793327590277778 0.116976940625 0.24608482638888884
6 0.07798462734375 0.70792711875 0.1559692546875 0.2790116652777778
6 0.049715200390625 0.7417204590277778 0.09943040078125 0.29807457638888896
6 0.009260675390625 0.8656293680555556 0.01657173359375 0.10571249722222231
5 0.519572581640625 0.2868101305555556 0.005848846093749938 0.029460858333333326
5 0.71892078671875 0.27987816249999997 0.008773271874999988 0.03985880833333333
5 0.08773270546875 0.39945459166666664 0.021445771875 0.036392825
5 0.069698760546875 0.3985880958333333 0.01852134765625001 0.03812581666666672
4 0.0667743375 0.3396663791666667 0.032168659375 0.020795899999999968
4 0.065799529296875 0.3604622798611111 0.020470963281249997 0.020795901388888892
3 0.123800596484375 0.5069000798611111 0.025345003906249986 0.10571249583333334
3 0.18131425937499998 0.49216965138888896 0.021445773437500003 0.07971761944444443
3 0.29487937343750004 0.4635752875 0.014622115624999977 0.05372274444444448
3 0.28025725625 0.46530827777777783 0.010722887499999967 0.046790775000000034
3 0.382124675 0.45144434513888887 0.0116976953125 0.03639282361111111
3 0.41867997031250004 0.44537887361111117 0.006823656250000009 0.027727866666666677
3 0.43573910624999995 0.4375804097222223 0.005848846875000024 0.022528891666666655
3 0.038017505859375 0.4739732361111111 0.017546541406250005 0.03985880833333329
0 0.05507664296875 0.5129655506944445 0.0945563609375 0.10744548749999999
0 0.080909051171875 0.3630617673611111 0.16181810234375 0.3517973208333333
3 0.326073224609375 0.4583763118055556 0.012672502343749992 0.053722743055555515
4 0.28805571875 0.6230105256944445 0.08090905156249999 0.3621952708333334
4 0.056538855468749996 0.39772160069444445 0.01949615781249999 0.0329268430555555
4 0.43720131875 0.3942556180555556 0.006823654687500014 0.019062911111111133
5 0.81347714765625 0.36739424583333335 0.008773271875000077 0.02079590000000001
4 0.103817035546875 0.32060346944444446 0.028269427343749997 0.03465983611111112
4 0.665793758984375 0.3465983451388889 0.03899231328125001 0.020795901388888892
4 0.69698761015625 0.33879988402777783 0.013647309375000027 0.019062909722222205
4 0.748652425390625 0.2824776513888889 0.01949615703125005 0.031193850000000013
5 0.7081979 0.2807446590277778 0.012672501562499949 0.0415918013888889
4 0.6955253980468751 0.29634158402777777 0.012672502343750036 0.013863931944444453
2 0.5343440480468751 0.40968735625 0.19511711953125 0.1856249347222222
0 0.5343440480468751 0.47249983472222223 0.10863277421875006 0.11249996111111105
0 0.24799649218750003 0.49124982847222215 0.12023433281250002 0.0599999791666667