5 0.37043052578125 0.1835708715277778 0.00994558750000003 0.050963018055555566
5 0.5725599996093751 0.19397148541666667 0.010530624218749996 0.050963015277777794
5 0.35551214375 0.18409090208333337 0.015210900000000027 0.05200307916666667
5 0.559006696484375 0.19501154861111114 0.014625866406250054 0.05512326111111111
5 0.378523508203125 0.2943374298611111 0.009360553906250013 0.027041601388888895
5 0.35950988164062503 0.2969375840277778 0.01696600390624998 0.03224190972222224
4 0.366335284765625 0.2537750277777778 0.031006836718749976 0.01664098333333336
4 0.7127733035156251 0.3026579236111111 0.014040832031249995 0.018721105555555558
4 0.132028909765625 0.09320540625000001 0.09009533671875 0.10272630694444444
4 0.13056632265624998 0.019761170138888888 0.0895103 0.03744221805555556
3 0.012096807421875001 0.4376925875 0.02223131796875 0.09048535833333331
3 0.091076484375 0.42417178680555556 0.014040831249999997 0.08008474305555559
0 0.22329431406250003 0.4272919708333333 0.01638097031250001 0.05928351111111109
0 0.3005188875 0.4226116944444444 0.021061246874999995 0.05616332777777776
0 0.32333523828125 0.4122110770833334 0.033932009375 0.0769645569444444
0 0.17122623046875002 0.4324922777777778 0.101796028125 0.11128658888888883
0 0.5785407660156251 0.4139445131944445 0.03451704453125002 0.04784283194444446
0 0.6153979484375001 0.4181047604166666 0.05089801406249998 0.07488443750000005
0 0.780874991796875 0.3983435881944445 0.06201367265625004 0.08216486527777778
0 0.873655225390625 0.40176094166666665 0.12636748359375005 0.1060862833333333
0 0.6383525765625 0.428472873611111 0.06025857031250004 0.06968412500000001
0 0.44428062734374996 0.5043500916666667 0.32703436718749995 0.44514636111111117