4 0.172538228515625 0.24685708888888888 0.022729586718750007 0.06612243611111109
4 0.64923965234375 0.3239999326388889 0.045459173437500056 0.036734681944444444
4 0.718978157421875 0.3166529965277778 0.03616070703125 0.04775509027777779
4 0.94265795625 0.19359179861111112 0.03719387031250001 0.0514285611111111
4 0.90701383203125 0.2018571041666667 0.03822703281249993 0.0642857027777778
4 0.9380087234375001 0.3607346201388889 0.00929846718749996 0.04775509305555552
4 0.90856357578125 0.3405305409722222 0.055790803124999934 0.055102026388888864
4 0.8827345003906248 0.29644892013888885 0.024795911718750042 0.01836734305555553
4 0.86723705390625 0.31940809791666663 0.022729584374999945 0.012857140277777764
4 0.846057212890625 0.3616529875 0.011364794531250055 0.038571422222222256
5 0.12346298515625001 0.2103060798611111 0.01136479374999999 0.053265295833333365
5 0.135860940625 0.2075509770833333 0.011364793750000013 0.04775509027777779
5 0.145159408203125 0.21122444444444446 0.007232141406249992 0.044081622222222214
5 0.726726880078125 0.23510199166666668 0.010331630468749964 0.044081622222222214
5 0.53931110859375 0.28147953124999997 0.010331629687500055 0.040408154166666675
5 0.7379367058593751 0.2199489340277778 0.011364794531249967 0.0642857013888889
5 0.74930149921875 0.23096933888888893 0.00929846718749996 0.04224489166666668
5 0.8825795324218749 0.3402550305555556 0.017563774218749904 0.022040811111111107
5 0.835054031640625 0.3439284986111111 0.009298467968749868 0.02938774722222218
5 0.970863327734375 0.32234687291666664 0.007232142968750033 0.03122448750000003
0 0.208182353515625 0.4380611284722222 0.03409438046875 0.05510202916666671
0 0.22884561484374996 0.43714276458333334 0.04029335937499998 0.0642857013888889
0 0.40086726054687505 0.4224488895833334 0.01446428203125003 0.031224481944444448
0 0.314598148046875 0.47846928541666667 0.17253822890624998 0.20938771249999996
0 0.29548463125 0.2993876902777778 0.02892856562499997 0.009183672222222227
2 0.283086674609375 0.29295912013888886 0.06405610859375002 0.02571427638888887
0 0.7428442300781251 0.4362243979166667 0.04029335859375003 0.062448968055555554
0 0.8249806921874999 0.4692856152777778 0.18596934843749996 0.18367343055555554
2 0.10008121484375002 0.2865305513888889 0.20016242968750003 0.5657141666666666
0 0.072185812109375 0.5344896805555556 0.14437162421875 0.3783672694444445
0 0.5460654125000001 0.5253060118055556 0.3781376765625 0.39306114305555556
0 0.950271891015625 0.5336071895833333 0.09815048984374997 0.3397958486111111