0 0.5146985429687501 0.38125817847222215 0.037042698437500035 0.034659834722222234
0 0.470832189453125 0.40378707222222227 0.02144577265625003 0.05892171944444442
0 0.38894833125000006 0.40638655902777776 0.013647309374999982 0.02946085694444444
2 0.42599102851562504 0.39945459305555553 0.06433731953124999 0.06412069444444445
0 0.41819256562499996 0.43324793125 0.05263962343750004 0.05545573472222224
2 0.1993482046875 0.392522625 0.039967121875 0.09184855833333339
2 0.29877860507812504 0.3188704770833333 0.16669214453125 0.3812581791666667
2 0.091058909765625 0.2532226215277778 0.17856108359375 0.5056219208333333
2 0.006823655078125 0.4020540805555555 0.01364731015625 0.0762516388888889
3 0.5371191230468749 0.38732365069444447 0.009748078906250068 0.03639282638888888
3 0.5434553738281249 0.3864571548611111 0.006823653906250016 0.0415918013888889
3 0.5527160484375 0.38732365069444447 0.00974807812500007 0.03639282638888888