0 0.3364901296875 0.5230117277777778 0.04101889062499997 0.05983382222222215
4 0.308062397265625 0.3111358833333333 0.07677894921875002 0.11966764722222223
4 0.384841345703125 0.3288990506944445 0.07257188359374997 0.11779783750000002
4 0.51052743359375 0.3569461569444445 0.12410843749999997 0.1290166805555556
4 0.377866814453125 0.4444531291666667 0.03813969296875004 0.057216077777777805
4 0.43480025078125006 0.4513714222222222 0.03365652500000005 0.05609420833333335
4 0.26276632421875 0.50515953125 0.009465896875000013 0.01682826527777779
4 0.3437523390625 0.4883312694444445 0.009465898437500009 0.009349036111111058
4 0.39791830976562503 0.5135736625 0.008414132031249943 0.014958458333333308
4 0.44735133320312503 0.5247925062500001 0.010517664843749941 0.014958456944444502
4 0.39599006015625 0.5319600875 0.013672962500000007 0.016828261111111135