0 0.5055340550781249 0.4916042124999999 0.021491764843749993 0.025471722222222187
0 0.49120621171875 0.4894815645833333 0.021491764062499995 0.03311323749999996
0 0.473296408203125 0.4907551506944444 0.020058980468749966 0.03056606527777777
0 0.44750629062499997 0.48693439513888886 0.03725239218750005 0.04839627083333337
0 0.42959648671875 0.4958494951388889 0.03295403906250005 0.050943443055555565
0 0.4081047218749999 0.4945759111111111 0.03295403906249996 0.06367930277777781
0 0.3823146046875 0.4983966701388889 0.05874415624999996 0.07641516249999998
0 0.28703444765624997 0.5238683909722222 0.12895058593749997 0.12735860416666667
0 0.1509199390625 0.5000947854166666 0.134681725 0.09339630416666667
0 0.535622526171875 0.48820797847222225 0.015760628906249963 0.03566040972222224
0 0.547084798828125 0.4869343930555555 0.02149176328125 0.04330192500000002
0 0.5700093484375 0.49330232430555554 0.038685176562500076 0.05603778749999996
0 0.58576997578125 0.4945759111111111 0.03295403906250005 0.06367930277777781
0 0.6065453496093751 0.4983966673611111 0.05158023515624999 0.09169819583333332
0 0.662423936328125 0.5009438388888889 0.10602603828125004 0.12226426111111116
4 0.81501546484375 0.30183989375000003 0.030088470312499994 0.0331132375
4 0.213246056640625 0.33283048125 0.018626196093750026 0.03056606527777777
4 0.12799539062499998 0.3056606520833333 0.0315212546875 0.03566040972222224