0 0.38214379374999996 0.38428826041666664 0.014738328125000023 0.0349352986111111
0 0.37407280468750004 0.3905267055555555 0.016843803125 0.037430675
0 0.36775637851562504 0.3899028611111111 0.01263285234375 0.04117374166666671
0 0.3593344765625 0.3917743951388889 0.015440153125 0.057393701388888885
0 0.409514975 0.3842882597222222 0.023160229687499978 0.05988908055555555
0 0.47267923828124997 0.37243521250000006 0.014738328124999978 0.023706094444444402
0 0.4912776046875001 0.38740748263888886 0.0364949078125 0.08858592916666666
2 0.540931733984375 0.39988437361111107 0.09895734609374998 0.14348425277777777
0 0.24581425859375 0.40050821875000003 0.10246647187500002 0.19089644027777777
0 0.141944136328125 0.42795737986111104 0.20774024453125 0.2682531680555555
0 0.58690128125 0.42109508958333336 0.08000806718750005 0.13974118472222222
0 0.6976843804687499 0.46077160347222224 0.24212967656250006 0.2532808986111111
0 0.072112534375 0.4628926763888889 0.14387415625 0.3792975027777778
0 0.8928970464843751 0.5103048638888888 0.21405667109374998 0.5190386888888889
0 0.33178783945312496 0.3936459277777778 0.05263688671874998 0.07735672777777773
0 0.441272562890625 0.38740748263888886 0.06386608828125002 0.12476891527777774
4 0.53569607265625 0.27679662222222223 0.023918109375000007 0.03081148888888888
5 0.37758193085937497 0.33157339305555555 0.004210952343749996 0.016219958333333336
5 0.38214379374999996 0.331469425 0.003509125000000024 0.014972269444444445
4 0.18501864414062502 0.2324266736111111 0.01824745390625 0.02994453888888889
4 0.536530064453125 0.29730633819444446 0.022250125781249963 0.015311915277777801