4 0.5495282503906249 0.4051846513888888 0.025728300781249925 0.03049279999999999
4 0.45869955078124997 0.45716101736111114 0.012474328125000067 0.0180184736111111
4 0.376966713671875 0.39894748680555553 0.045999083593750004 0.09286444027777777
4 0.329018515625 0.3379618847222222 0.1060317859375 0.13998967777777777
4 0.326679579296875 0.3802359979166667 0.05925305703124999 0.13583157083333333
3 0.9278755999999999 0.4830337152777778 0.021050428124999954 0.07900407500000005
7 0.55212706796875 0.4925049451388888 0.010135390624999996 0.0166324347222222
0 0.3480420984375 0.48560776874999995 0.017931845312499962 0.02079054861111113
0 0.3476522765625 0.5036262416666667 0.021830075000000004 0.026334691666666684
0 0.327381494140625 0.50016115 0.018711491406249968 0.024948655555555633
0 0.290738155078125 0.5112494416666666 0.021830074218750006 0.024948655555555553
0 0.22563775703125 0.5209516972222222 0.03976192031250001 0.04712523888888885
0 0.25487446328125 0.5251098062499999 0.05145660312499998 0.04989731250000007
0 0.170517123828125 0.5412479611111111 0.07515721953125003 0.04534172777777772
0 0.490717223828125 0.4752124930555556 0.008576100781250063 0.016632436111111086
0 0.48019200937499995 0.47729154930555556 0.012474328124999979 0.0180184736111111
0 0.512770055859375 0.47313344027777776 0.008576100781249974 0.018018472222222214
0 0.5314815464843751 0.47105438680555556 0.008576100781249974 0.013860365277777792
0 0.578260276171875 0.4793706048611111 0.014813264843749962 0.02217658472222218
0 0.651546951953125 0.54035620625 0.10525213984374995 0.12474327638888888
2 0.561108074609375 0.4670942861111111 0.03040617421874998 0.041581091666666715
0 0.014910708984374998 0.5569886444444445 0.02884688515625 0.03326487500000002
5 0.29441361640624997 0.4680843020833333 0.0062371640624999895 0.016632437499999972
5 0.18840926093750002 0.4760707777777778 0.007651137500000016 0.03400505555555561
0 0.17836714296875 0.5117760861111111 0.0392120796875 0.020403033333333317