4 0.20112347734374997 0.3228851784722222 0.014529832812499999 0.02311178194444447
4 0.389142305859375 0.33847713194444445 0.013000377343750013 0.02039274722222224
4 0.37193592421875 0.3439151965277778 0.007647281250000004 0.017673715277777783
4 0.35855318320312496 0.3418759243055556 0.016059288281250028 0.019033229166666665
4 0.35320008671875003 0.3656674638888889 0.028294937500000027 0.04758307777777778
0 0.077863226953125 0.35683060416666673 0.07188443671875001 0.032628397222222265
0 0.32334093046875 0.3622686708333333 0.015294559375000016 0.010876130555555601
0 0.309958190234375 0.3561508479166667 0.016059288281249983 0.028549845833333306
0 0.295810721875 0.36498770486111104 0.02141238593749999 0.01359516527777779
4 0.270957059375 0.3377973736111111 0.009941464062500006 0.021752263888888894
0 0.272104152734375 0.36294843055555553 0.030589122656250023 0.017673713888888897
0 0.0228028078125 0.3622686722222222 0.0412953140625 0.01903323055555555
0 0.123364546484375 0.36566746319444443 0.02370656953124999 0.012235648611111098
4 0.584113198046875 0.36350459513888894 0.024471297656250002 0.010876134722222177
0 0.582583740234375 0.3852568611111111 0.026000752343750034 0.04078549444444448
0 0.6678509187499999 0.38593661875 0.04970732500000006 0.0774924430555555
0 0.7122051453125 0.40293057499999996 0.100179375 0.14682778611111105
0 0.64605616875 0.37234145347222225 0.013765106249999982 0.020392748611111088
0 0.61967305078125 0.39681275138888894 0.06653134062500002 0.07205437777777782
0 0.839567115234375 0.5231241868055556 0.31736214140624996 0.5206948319444444
0 0.47166726328125 0.5090114861111111 0.3104795875 0.5587612944444444