0 0.461685349609375 0.4084280826388889 0.009182285156249925 0.016324062500000024
0 0.45479863476562504 0.4141415041666666 0.01560988515624997 0.024486097222222173
0 0.4671947214843749 0.41169289375 0.007345828906249974 0.0195888763888889
0 0.473163205859375 0.4165901145833333 0.010100513281250034 0.0195888763888889
0 0.47913169218749996 0.42067113055555555 0.009182285937499923 0.02448609722222225
0 0.48647752187500004 0.4223035361111111 0.007345829687499972 0.027750908333333355
0 0.49290512109374995 0.42148733472222216 0.011018742187499963 0.0359129416666667
0 0.514942607421875 0.41495770694444445 0.042238514843749984 0.058766627777777816
0 0.518156408203125 0.4288331604166667 0.022955713281250033 0.05386940972222223
0 0.52320666640625 0.4329141791666667 0.020201029687499972 0.04570737777777778
0 0.547998836328125 0.4304655687500001 0.06243954296874996 0.08978235138888893
0 0.6168659812499999 0.4508706486111111 0.10835097343750003 0.1175332583333334
3 0.67792818125 0.4051632701388889 0.019282800000000044 0.055501818055555596
0 0.75845681171875 0.49625153680555556 0.22680246093749998 0.23506651805555553
0 0.16856053203125 0.4217438451388889 0.04040205781250002 0.031015720833333343
0 0.10520275976562501 0.45439197430555556 0.09733223046874999 0.09957678750000001
2 0.211484746875 0.33377609027777777 0.032138 0.14038694722222225
2 0.311571662890625 0.2431775375 0.19007331640625003 0.24975817499999994
2 0.4228442640625 0.3592460055555556 0.026628628124999932 0.03754534722222225
0 0.303015432421875 0.5280834604166667 0.35351800546875 0.3803506847222222
0 0.892765676953125 0.5591310659722222 0.21119257578125 0.42605806527777784