5 0.45984488789062505 0.26302396319444443 0.011470921093749985 0.057099695833333346
5 0.513758216015625 0.34323543958333336 0.006117825781250019 0.002719034722222228
5 0.675498198828125 0.3140058347222222 0.01147091953124999 0.04758307777777778
5 0.25996505117187496 0.3943589236111111 0.01911820234374999 0.04758308055555555
5 0.23969975781250003 0.39367916458333335 0.018353471875000027 0.046223562499999975
0 0.209535485546875 0.528172173611111 0.18888782890625003 0.12099697222222222
0 0.5146619777343749 0.5308912069444445 0.13535686328124993 0.09108760833333333
0 0.59304660390625 0.5295316909722222 0.06270769999999999 0.08021147361111115
0 0.7115236742187501 0.5243202055555555 0.2522487015625 0.19486403055555562
5 0.46857755624999997 0.26510572430555557 0.009176737499999987 0.05166162916666666
3 0.481698017578125 0.5553890583333334 0.03823640234374999 0.18625376666666674
3 0.69008641171875 0.5744222895833333 0.04970732343749997 0.22432022916666672
3 0.644202726953125 0.5791805965277778 0.04206004296875001 0.23111780972222226
3 0.206689992578125 0.5392154409722222 0.038227032031249976 0.15428568194444445