0 0.49042951874999996 0.4349998472222222 0.037968742187499946 0.0637499777777778
0 0.542109184765625 0.42374984722222225 0.029531238281249993 0.052499975
0 0.29003896171875 0.4356694826388889 0.04429685937499998 0.043124981944444425
0 0.31640613945312496 0.4356694840277778 0.02320311796875001 0.03187499027777771
0 0.3359178515625 0.42723198819444447 0.030585928125000005 0.04124998472222217
0 0.35173815703125 0.42254449236111113 0.020039054687500002 0.03562499305555554
0 0.36703112421875 0.42870520625 0.016874998437499976 0.028124990277777803
0 0.43716781875 0.4190623493055556 0.01582030781250001 0.021160709722222195
0 0.454570153515625 0.4183927076388889 0.014765619531249996 0.01499999027777774
0 0.043242171484375 0.46245519444444444 0.08648434296875 0.13312495
0 0.12027736015624999 0.43604949861111114 0.1074920390625 0.12102783055555556
0 0.203554618359375 0.43071412430555556 0.06749997578124997 0.0899999652777778
0 0.880296291015625 0.5337193881944444 0.23840139765624996 0.2986321763888889
0 0.7492045390625 0.4599105541666666 0.08964840625000008 0.09374997222222221
0 0.69611449453125 0.4480662493055555 0.06222654531250003 0.07687497361111113
0 0.6560363796875001 0.43494125347222223 0.060117164062500006 0.058124981944444445
0 0.609630148828125 0.43775375069444444 0.04324217109374997 0.04499997916666669
4 0.41714974492187495 0.36931627291666663 0.010546872656250006 0.009374987500000032
4 0.5832629671875 0.3890037701388888 0.01160155468749995 0.014999998611111131
0 0.80067026875 0.45271900625000006 0.06767843281249997 0.06729606805555548