0 0.293749646875 0.48366155069444444 0.2068849 0.2912599208333333
0 0.47611928476562504 0.3954331784722222 0.05740158984375006 0.0510236347222222
0 0.696158715234375 0.3954331798611111 0.09327758515625 0.046771668055555514
4 0.047401153125 0.3146457569444444 0.027504928125 0.04251969722222222
0 0.2010699953125 0.4071260986111111 0.023917329687500023 0.0446456805555556
5 0.12752420703125 0.3040158333333333 0.013154531250000013 0.021259850000000018
5 0.45758335351562496 0.28063000208333333 0.010762797656250012 0.02551181805555554
5 0.47731515117187495 0.3295276513888889 0.007175199218750006 0.021259850000000018
4 0.381645833984375 0.3274016645833333 0.016742130468750015 0.03401575694444444
4 0.07354578828125 0.35769694999999996 0.025113195312500003 0.05527560555555553
4 0.3039675203125 0.2888742402777778 0.011958662499999972 0.04464568055555556
4 0.30336958828125005 0.31863802708333333 0.015546267187499963 0.02338583194444443
5 0.30891467734375 0.09776453472222223 0.015302275000000032 0.03570530833333333