4 0.610797278125 0.4227631590277778 0.028976151562499997 0.02842105138888892
0 0.5933116683593751 0.4796052659722222 0.017985197656250042 0.04263157916666671
0 0.6142943984375 0.48848684583333335 0.02797697499999998 0.04973684166666664
0 0.7032212082031251 0.4875986861111111 0.045962171093750025 0.055065788888888925
0 0.8481019660156249 0.48138158194444447 0.053955592968750035 0.05684210555555561
0 0.77216446484375 0.5026973715277778 0.13588815781250005 0.13144736805555557
0 0.649765205078125 0.49648026527777783 0.06694490234375002 0.09059210555555555
0 0.545351141796875 0.5293421083333333 0.11790296171875 0.17763158055555558
0 0.14917720898437498 0.5115789500000001 0.030974507031249997 0.01776315833333331
0 0.11020928085937501 0.5222368444444445 0.030974507031249987 0.021315788888888913
0 0.8840723609375001 0.6794407916666666 0.23180921250000006 0.5701973722222223