4 0.31942915546875 0.042642556250000005 0.023401403125000008 0.022881370833333334
4 0.298367891796875 0.08320499097222221 0.07488449140625 0.05824349027777777
4 0.390803435546875 0.27353640347222224 0.023401402343749968 0.03536212083333332
4 0.6564093644531249 0.29017740138888887 0.016380982031250026 0.027041622222222214
4 0.6564093621093751 0.3224193340277778 0.01170069921875001 0.0166409986111111
0 0.32293936640625 0.24822820833333334 0.032761965625 0.02080124722222223
0 0.592055505078125 0.3841297034722222 0.014040841406249971 0.0166409986111111
0 0.9058293261718748 0.42469213402777783 0.03861231484375001 0.022881370833333314
0 0.690536415625 0.4028508243055556 0.022231332812499983 0.01664099305555548
0 0.56163368046875 0.42399875833333334 0.04914294687499998 0.06864411666666667
4 0.32286363828125 0.17900730416666666 0.04304848749999999 0.05663267777777777
0 0.517873292578125 0.3856400493055555 0.01808036484375002 0.019897968055555517
1 0.5329402640625001 0.3688033069444444 0.029272971874999953 0.05357145277777775
4 0.473963834375 0.2746706097222222 0.007748728124999982 0.018367352777777807
4 0.5329402644531249 0.2616604 0.006887758593749993 0.013775513888888863