4 0.043003699609375 0.29002419444444444 0.013773428906250001 0.01632406111111114
4 0.043921928515625 0.32022371388888893 0.011936971093749998 0.044074972222222224
0 0.09556136093749999 0.3311452875 0.02846508593749999 0.019588875000000013
0 0.310885963671875 0.32554846875000004 0.00918228671875001 0.013059251388888882
0 0.16880101796875 0.33083435625 0.019282801562499997 0.016324062500000024
0 0.33338256367187497 0.32391606319444444 0.008264057031250039 0.016324062499999986
0 0.357715620703125 0.3222836576388889 0.011018739843750014 0.013059251388888882
0 0.3186909078125 0.3296294854166667 0.013773428124999976 0.024486095833333325
0 0.351288022265625 0.3320780944444444 0.01469165859374999 0.019588877777777784
0 0.343942191796875 0.3426887368055555 0.022037486718749964 0.021221284722222223
0 0.26635187734375 0.3484021611111111 0.032138 0.04244256666666663
0 0.182071611328125 0.3672914340277778 0.05640547265625 0.06203144305555557
3 0.18548217382812499 0.3289298840277778 0.00918228671875001 0.017956468055555577
0 0.11545576875 0.3860641055555556 0.0771312015625 0.09957678611111112
2 0.606157122265625 0.31587063541666666 0.08998639921875 0.024486095833333325
0 0.6759424980468751 0.4178960333333333 0.27179566171875014 0.15344619999999998