4 0.6375243316406249 0.34313236249999995 0.01949615703125005 0.04159179999999998
2 0.2320042671875 0.35266381597222224 0.46205891875000005 0.7018616486111111
0 0.815914167578125 0.5146985423611111 0.36457813515625004 0.6273430041666667
0 0.48837873085937494 0.42284998263888884 0.03314346640624999 0.038125818055555524
0 0.652146448046875 0.45057784930555556 0.07408539609374998 0.11437745416666666
0 0.6224148093749999 0.44537887361111117 0.039967121875 0.10051351944444444
0 0.59024615078125 0.4393134027777778 0.05166481562499996 0.08145061111111107
0 0.5619767230468751 0.4349809236111111 0.026319811718749975 0.06238769999999994
0 0.5444301824218749 0.43064844375000005 0.028269427343750042 0.05025675972222222
0 0.534682103515625 0.43411442777777776 0.014622117968750015 0.03985881111111114
0 0.525421428515625 0.4254494673611111 0.009748077343749984 0.02946085972222221
0 0.515673350390625 0.42371647708333326 0.013647310156249936 0.032926843055555585
0 0.46498334257812496 0.4159180145833334 0.015596925781250003 0.031193851388888937