4 0.6334619601562499 0.3638345604166667 0.02572830156250001 0.042967129166666694
0 0.11733664609375001 0.5370891152777778 0.23155471093749996 0.3035419777777777
0 0.27638432578125 0.4712523847222222 0.1317600875 0.13028742500000007
0 0.358636925390625 0.4407595819444445 0.07172738515624996 0.09979462222222221
0 0.8155091820312499 0.4948150055555555 0.2494865562500001 0.2855235027777778
0 0.670495121875 0.4781825666666667 0.10291320468749995 0.1358315694444444
0 0.6252756820312501 0.4539269291666667 0.09199816718750001 0.12335724166666663
0 0.569920853515625 0.44145260277777776 0.05457518359375006 0.08177614722222223
0 0.5293792875 0.4386805277777777 0.03274511093750006 0.05405542222222227
0 0.51066779609375 0.4372944923611111 0.010915035937499961 0.03465090972222226
0 0.50676956796875 0.4310573284722223 0.010915035937499961 0.030492801388888876
0 0.49741382265625 0.4345224208333333 0.0062371640624999895 0.020790547222222164
0 0.49429523945312503 0.4310573277777777 0.00935574609374994 0.03326487222222225
0 0.48649878515625 0.43036431180555557 0.00779645468750001 0.0180184736111111
0 0.4744142800781249 0.42967129305555557 0.007016808593750046 0.011088291666666647
0 0.407754590234375 0.4303643104166667 0.032745110156250014 0.05682749305555556
0 0.42802537460937506 0.4324433645833333 0.015592910156250018 0.04435316527777778
0 0.438550587890625 0.42967129236111107 0.013253972656250034 0.030492801388888876
0 0.44634704257812496 0.4268992194444444 0.008576099218749977 0.022176583333333295
0 0.45258420625000007 0.42620620069444437 0.007016809374999955 0.01524640138888892
0 0.464668712109375 0.4248201638888888 0.006237164843749987 0.012474327777777777