5 0.26709734960937503 0.48610417916666665 0.007798461718750005 0.022528891666666655
5 0.1798520484375 0.48870366597222226 0.008773270312499993 0.02772786527777779
4 0.657995295703125 0.45750981527777773 0.01949615703124996 0.020795902777777778
4 0.6560456796875 0.49043665833333333 0.019496156249999962 0.04505778333333331
5 0.21055849453124997 0.5285624763888889 0.00584884687499998 0.017329916666666632
4 0.11892655781250001 0.5233635000000001 0.01559692656249998 0.02772786388888883
0 0.22469320859375 0.5753532534722222 0.01657173437499999 0.034659834722222234
0 0.239802730859375 0.5788192368055556 0.023395388281250006 0.0415918013888889
0 0.19349935664062498 0.5718872687500001 0.014622117968749992 0.024261881944444418
0 0.43086506875 0.5840182104166667 0.03899231406250001 0.06238770138888883
0 0.6721300105468749 0.6446729215277778 0.11795174921874993 0.20449302361111105
0 0.530782872265625 0.6420734347222222 0.20568445546875003 0.2478178166666667
0 0.8549064804687501 0.7131260944444444 0.28659350625 0.2824776527777778
0 0.20373483984375002 0.5857512034722222 0.02924423593750003 0.0415918013888889
0 0.172540988671875 0.5779527402777779 0.023395388281250006 0.0329268416666667
3 0.14573377304687501 0.5736202618055556 0.00877327109374999 0.04852376805555557
3 0.13549829062500002 0.5718872694444445 0.011697693750000005 0.0589217194444445
0 0.07018616484375 0.5996151368055556 0.1286746359375 0.15943523749999997
0 0.33240947500000007 0.6386074500000001 0.19301195312500002 0.2686137166666666
0 0.9616479402343749 0.8543649201388888 0.07506020390624997 0.28767662638888886
4 0.130136847265625 0.5103660631944444 0.014622117968750015 0.015596926388888871