4 0.225023113671875 0.37699748472222216 0.012757733593749964 0.012371136111111111
4 0.280113329296875 0.4233892451388889 0.01623711640625003 0.026804129166666652
4 0.49293553007812496 0.45534801180555556 0.015077322656249947 0.024742265277777797
4 0.24995868593749998 0.3646263493055555 0.011597940625000015 0.020618559722222173
0 0.28298973710937503 0.4631812256944444 0.06030928828125002 0.03917526805555553
0 0.283569633203125 0.4930781361111111 0.05451031640624997 0.08247424166666661
0 0.23559765039062502 0.5200000854166666 0.07422681484375 0.1567010569444444
0 0.34751777226562497 0.47154646944444445 0.054510316406250016 0.03917526388888888
0 0.50988893359375 0.5261856541666666 0.06842784687499996 0.0783505305555556
0 0.6397858617187501 0.5736083416666667 0.15425260312499994 0.16082476944444446
0 0.114899341015625 0.47463925138888896 0.22979868203125 0.5731959694444444
0 0.912201062890625 0.6213274208333333 0.1716495132812499 0.42268048055555557