0 0.436368188671875 0.5913268118055555 0.009470667968750046 0.021428581944444382
0 0.444977887109375 0.5966839583333333 0.009470667968750046 0.019897969444444403
0 0.45315710078125004 0.5913268125000001 0.006887759374999991 0.01224490277777777
0 0.45315709843749996 0.6035717138888889 0.005165818750000018 0.018367355555555537
0 0.703555818359375 0.6510207180555555 0.07490437109374995 0.10408168055555554
0 0.812468494921875 0.6487247958333333 0.16875007421875 0.17602048611111107
0 0.31109708124999996 0.5997451826388889 0.01377551718750003 0.016836743055555558
0 0.435220219921875 0.6084186409722222 0.011192607031249935 0.019897968055555597
0 0.4468433125 0.6099492534722223 0.010331635937500038 0.019897968055555517
0 0.45932737539062496 0.6068880256944443 0.009470669531250041 0.019897968055555517
0 0.54599833671875 0.64285743125 0.09154979374999997 0.1316327125
0 0.931876787890625 0.6611154736111111 0.13345031484375003 0.21756570833333327
2 0.47654677070312496 0.5983165854166667 0.006026788281250006 0.06581635694444449
2 0.51701234921875 0.5868369895833333 0.08007018906249996 0.16530619583333334
5 0.559630353125 0.48979613888888895 0.005165818750000018 0.01836735277777777
5 0.3833037546875 0.50556145625 0.00860969843749997 0.03214287083333329
5 0.31468445273437495 0.5489798472222223 0.006026788281249962 0.0153061305555555
4 0.690641270703125 0.5278063756944444 0.02152424453124997 0.016836743055555558
4 0.6927936953125 0.5721941493055556 0.01721939531249994 0.007653062499999979
3 0.65347605859375 0.6256380375 0.006887757812499995 0.04285716111111115
3 0.617745812890625 0.6080359881944445 0.0077487289062499794 0.016836743055555558
3 0.38485348984375 0.6179084597222222 0.008609698437500013 0.03826532222222217
3 0.6595028476562501 0.6316839763888888 0.00860969843749997 0.05357144999999998
3 0.6371176335937501 0.6232656069444444 0.00860969843749997 0.045918388888888884
3 0.682318546484375 0.6439288791666666 0.02669006171874999 0.10561229166666672
7 0.41326549140625 0.6295411277777778 0.013775517187499985 0.026020419444444404