0 0.659179233984375 0.5062496534722223 0.01582030078125003 0.042187473611111095
0 0.6684077433593749 0.5121090243055556 0.026367169531250047 0.05390621527777779
0 0.679613790234375 0.5203121416666666 0.022412092968749953 0.06093745555555559
0 0.694115733984375 0.5249996388888889 0.030322244531249966 0.07031245000000005
0 0.73037059140625 0.5238277652777777 0.08437494218749997 0.10546867777777773
0 0.760692836328125 0.5566402423611111 0.08701165859374997 0.10078118194444446
0 0.89635191484375 0.6269526937500001 0.199072128125 0.21796860138888888
0 0.5786275246093749 0.49101528680555556 0.01713866015625003 0.04453122083333333
0 0.6155415609375 0.5167965201388889 0.08305658281249997 0.12890616249999998
1 0.5543697359374999 0.46171843263888884 0.02241209375000004 0.0374999736111111
3 0.12656241328125 0.3907363402777777 0.029003887500000002 0.13124990833333333
3 0.31311013632812495 0.40680775486111115 0.017138660156249985 0.04218747083333333
3 0.5020120796875001 0.4521760243055556 0.01186522656250002 0.05390621527777779
3 0.430161544140625 0.4510041506944445 0.013183585156250021 0.056249962500000014
5 0.5969167597656251 0.39916299513888887 0.009228508593750018 0.03046872916666672
5 0.573186307421875 0.3323661680555556 0.022412092968749953 0.03281247777777775
4 0.718205739453125 0.46372261319444447 0.022412094531250037 0.039843720833333325
3 0.9706713871093751 0.5375506875 0.02373045234374995 0.08437494166666666