0 0.42055635234375 0.43242157777777773 0.07119135937499999 0.1242186611111111
0 0.586010340234375 0.45351531319444444 0.14370107421874997 0.1523436458333333
0 0.767943808203125 0.3878903590277778 0.11469718671875002 0.07734369861111112
0 0.497680321484375 0.39374972986111106 0.05141597890625001 0.0843749430555555
0 0.135790922265625 0.4839840423611111 0.15292958203125 0.16640613472222227
0 0.8889031972656252 0.3546872576388889 0.042187471093749984 0.05156246527777779
0 0.978221984375 0.3374997673611111 0.042187471874999896 0.05156246250000002
0 0.8608880796874999 0.36523412361111113 0.03427731874999988 0.0445312194444444
0 0.82463322265625 0.36445287430555556 0.03032224531250005 0.04921871527777775
0 0.701806170703125 0.38671848194444447 0.03164060390624997 0.0484374638888889
0 0.65258744140625 0.3910153541666667 0.0500976203125 0.0539062138888889
0 0.466303391796875 0.41203096736111117 0.014501944531250022 0.02812497916666664
0 0.365317133203125 0.41015596875 0.021357408593750016 0.03281247916666672
0 0.31337380859374997 0.42609345763888895 0.03295896093750002 0.05156246527777779
0 0.22082504335937497 0.45468718888888887 0.03559567890625002 0.06562495833333327
0 0.682250508203125 0.3921091131944444 0.011865227343750017 0.0351562236111111
4 0.6684077441406251 0.31124978611111115 0.013183583593750025 0.018749986111111106
4 0.673681176953125 0.3386716430555555 0.018457017968750034 0.035156224999999985
4 0.011206047265625 0.3663278756944444 0.02241209453125 0.0398437236111111
4 0.15688465742187502 0.2749216875 0.013183583593750003 0.030468730555555566
4 0.31179177734375 0.30656229305555555 0.030322245312500006 0.028124983333333336
4 0.551733019140625 0.28312480763888886 0.014501942968750025 0.02343748194444445
5 0.29069804257812504 0.35343725972222223 0.014501941406249986 0.042187472222222175
5 0.20104966562499998 0.28124980694444446 0.022412093750000018 0.06093745833333332
5 0.1792967515625 0.28242168194444445 0.013183584375000001 0.03515622777777779
5 0.142382714453125 0.35976537847222223 0.021093735156249994 0.03984372361111114
5 0.33552223046875 0.38789035833333335 0.014501943750000024 0.016406236111111066
5 0.46604446953125 0.28010199722222223 0.009238012500000004 0.039795597222222215
5 0.45615203125 0.2742185611111111 0.01054686718750002 0.028124980555555526
5 0.446923520703125 0.3585935013888889 0.010546869531250013 0.023437480555555563
5 0.44692351992187496 0.3569528777777778 0.013183583593750025 0.016406238888888917
5 0.5029537558593751 0.3358591444444444 0.01450194140625003 0.025781233333333337
4 0.554369735546875 0.3276560263888889 0.019775375781250038 0.014062491666666687
0 0.46406218007812505 0.3832028625 0.013183583593750025 0.030468730555555525
5 0.6325257933593751 0.31989810347222225 0.013775516406249988 0.024489806944444463
5 0.563217726953125 0.3489797479166667 0.006026788281250006 0.015306129166666654
5 0.490896265625 0.2693878763888889 0.007748728125000071 0.027551033333333346