0 0.26821880703125 0.5172960430555555 0.05964878749999998 0.07205437499999998
0 0.1856281765625 0.5315709631944444 0.1085913828125 0.12235648750000003
0 0.12215574921874998 0.49350450208333335 0.03364803437500001 0.03534742916666668
0 0.29562201523437504 0.5027298013888889 0.012235646093750007 0.02039274444444443
0 0.315887307421875 0.4986512520833334 0.019118200781249994 0.02311178194444447
0 0.33232896015625 0.4986512520833334 0.019882928124999966 0.020392748611111088
0 0.41606668203124997 0.48913463611111113 0.016059289062499982 0.03126888055555557
0 0.39465429765625004 0.4857358458333333 0.035942217187500035 0.06797582777777775
0 0.4416850734375 0.49059125833333334 0.03058912031250003 0.04894259166666662
0 0.4724744765624999 0.48965254305555556 0.016059287499999984 0.023111783333333354
0 0.49618104687500003 0.4876132715277777 0.031353851562500076 0.04350452916666667
0 0.6056646156250001 0.4898791270833333 0.06423715625000001 0.0435045263888889
0 0.79916949453125 0.47909364027777773 0.03594221874999999 0.06525679444444445
3 0.721931961328125 0.4722960569444445 0.00994146484374996 0.05709969444444446
6 0.7127265429687499 0.5057401493055556 0.03747167500000002 0.0435045263888889
5 0.528809446484375 0.3684289798611111 0.007647280468749962 0.029909365277777804
5 0.406452958984375 0.36231115694444443 0.007647280468749962 0.03126888055555557
5 0.39612913046875003 0.36435043125 0.0053530953125000115 0.02447129861111112
5 0.33380379492187495 0.4207703652777778 0.007647280468750006 0.028549847222222268
5 0.20380002656250001 0.3827039041666667 0.012235649999999976 0.05302114444444447
5 0.11126793046875001 0.31880662847222224 0.012235648437500002 0.05030211250000001
5 0.016824016015625 0.37930511319444443 0.008412008593750001 0.029909362499999995
5 0.007264916015625 0.37862535555555554 0.00611782421875 0.02854984722222219
4 0.20558438828124997 0.22975829375 0.025236026562500014 0.029909362499999995
4 0.20673147812499998 0.25332325069444445 0.02600075312500001 0.01359516527777779
4 0.040020763671875 0.45725073125 0.016824016406250003 0.029909365277777766
4 0.032373484375 0.4327794333333333 0.013765104687499996 0.010876133333333291
4 0.044609132812499994 0.4259818541666667 0.010706193749999999 0.010876133333333371
4 0.363883094140625 0.3797582868055555 0.03594221640624999 0.013595162500000018
4 0.5038283265625 0.43549846597222214 0.02523602500000006 0.01359516527777779
0 0.90573972109375 0.5941352777777777 0.18429945937499995 0.29637460555555556
0 0.075285385546875 0.5615068819444444 0.15057077109375 0.17673714999999998