0 0.515017193359375 0.48423199722222215 0.018171452343749995 0.020403033333333317
0 0.49445476171875 0.4859322493055556 0.00956392187499997 0.02040303194444443
0 0.7816593535156251 0.6023995652777778 0.27065898984375003 0.2635391805555556
3 0.06360008046875 0.5001577020833333 0.0315609421875 0.16152401527777774
3 0.108550512890625 0.49420681666666666 0.021997019531250005 0.1904283111111111
3 0.0870316890625 0.4970405798611111 0.034430118749999995 0.2006298291666667
3 0.34988015156249996 0.4851387979166667 0.021997020312499994 0.07821162916666664
3 0.616394765234375 0.49023955624999993 0.014345882031249957 0.07141061527777776
3 0.631218844140625 0.4961904409722223 0.011476705468749949 0.06290935416666667
3 0.48393444765625004 0.48853930277777774 0.011476706250000034 0.044206572222222226
3 0.6670835515625 0.4862722944444445 0.018171451562499996 0.08841314444444445
5 0.37410874921875 0.23406813333333332 0.018171451562499996 0.07481112222222223
5 0.567459375 0.29867773819444443 0.009563921875000058 0.04420657361111111
5 0.30795828515625 0.4015430402777778 0.017215059375000008 0.028904297222222177
5 0.50274351328125 0.4593516347222222 0.005738353125000017 0.015302274999999968
5 0.476920923828125 0.4602017618055555 0.003825567968750043 0.01700252916666669
5 0.663576819921875 0.4244964527777778 0.014345882031250045 0.02380353888888891
5 0.9125575664062501 0.35960346249999997 0.018171451562499996 0.042506319444444426
5 0.8900823499999999 0.36498760555555554 0.024866196874999958 0.044206572222222226
5 0.9546388226562499 0.2720404444444445 0.025822589062500078 0.08841314444444445
4 0.28420788359375 0.3431676909722222 0.02199702031250004 0.018702779166666676
4 0.6756910816406251 0.30321174930555556 0.03538651171875005 0.023803537499999985
4 0.9369455664062499 0.21083134444444443 0.055470746874999935 0.03740556111111108
4 0.9584643914062501 0.12836908472222222 0.041124864062500065 0.022103286111111113
4 0.9463759523437499 0.3666646625 0.01748213281250006 0.03395866388888891
4 0.68350163671875 0.3768893756944444 0.022953412499999982 0.04420657361111111
3 0.040646667578125004 0.45680125555555556 0.01625866640625 0.07481112222222223