0 0.015992128515625002 0.5373178604166666 0.031984257031250005 0.1233774791666667
0 0.27086049101562504 0.4505960097222222 0.057330296093749976 0.06794701666666667
0 0.321150223828125 0.4345032951388889 0.02313327734374999 0.03933774583333331
0 0.3337226578125 0.4318211763888889 0.01005794687499999 0.019668875000000065
0 0.34076322070312504 0.43360925486111107 0.010057946093749992 0.01609271249999998
0 0.1898940203125 0.4389734930555556 0.040231785937499986 0.030397352777777796
0 0.12401446953124999 0.44970196875 0.0553187078125 0.030397348611111062
0 0.075233427734375 0.4514900486111111 0.05230132265625 0.03754966944444441
0 0.24521272734375002 0.4345032951388889 0.01609271562500001 0.025033112500000006
0 0.29952563828125 0.4318211777777778 0.01810430312500002 0.008940397222222254
0 0.39809351601562504 0.4246688576388889 0.008046357031250029 0.012516556944444486
0 0.36842257421875 0.42913905694444443 0.011063742187500036 0.017880794444444507
0 0.3553472421875 0.4300330972222222 0.009052153125000028 0.019668875000000065
4 0.305057508984375 0.33437085 0.015086919531249965 0.01430463611111112
4 0.29399376796875 0.36387415694444447 0.043249170312499974 0.048278144444444455
4 0.24923590664062498 0.3728145555555556 0.042243375781250016 0.03754966666666668
4 0.34227191250000005 0.3531456833333333 0.013075329687500003 0.008940397222222214
4 0.393567439453125 0.3504635625 0.013075330468750045 0.010728474999999961
4 0.387029775 0.3674503159722222 0.032185429687500024 0.023245031944444446
4 0.33422555468750004 0.3719205159722222 0.029168045312500012 0.025033112500000006