4 0.576900658984375 0.2368813236111111 0.20062284609374997 0.128273475
4 0.78644847265625 0.5376759319444444 0.014078796875000067 0.021900350000000027
4 0.75037155703125 0.5454974861111112 0.015838645312500076 0.028157594444444416
4 0.72045411484375 0.49856816458333336 0.012318946874999969 0.03754345694444439
4 0.7257336640625 0.4336492715277777 0.042236389062500025 0.03597914583333327
4 0.723533851953125 0.46415332916666663 0.02023826953125001 0.01877172777777779
4 0.6738181027343749 0.4344314263888889 0.024637892968749943 0.04067207777777774
4 0.6733781406249999 0.4821429013888888 0.029037517187499962 0.05162225277777779
4 0.268544962890625 0.4827198138888889 0.027393533593749984 0.06529056111111105
4 0.20117278554687495 0.4782321256944444 0.026397742968749992 0.04692932083333332
4 0.26408740625 0.3186724340277778 0.083592853125 0.06257242638888888
4 0.16949549414062498 0.3178902798611111 0.06511443203125003 0.0641367375
4 0.740172541015625 0.5498552069444445 0.009679172656250045 0.029721902777777844
4 0.654774001171875 0.5286252673611112 0.013198871093749976 0.04849362916666667
5 0.46803198984374994 0.4778969159722222 0.006159471875000033 0.023464659722222177
0 0.552504753125 0.5138760618055555 0.0184784203125 0.01720741805555556
0 0.5498649792968751 0.5303013236111112 0.018478421093749996 0.021900350000000027
0 0.53094659609375 0.5326477909722223 0.028157593750000043 0.04223639027777774
0 0.5239071984375 0.5490730520833333 0.017598495312499997 0.02815759305555561
0 0.545905318359375 0.5717555576388889 0.02287804453125002 0.032850526388888884
0 0.5005891921875 0.5490730520833333 0.036076915625 0.05944380694444449
0 0.48959013320312506 0.5553302951388889 0.04223638984375002 0.05944380694444441
0 0.49178994453125 0.5670626249999999 0.023757968750000025 0.029721902777777844
0 0.472871562109375 0.567844779861111 0.026397742968750037 0.02815759027777784
0 0.447793706640625 0.5694090916666668 0.03255721640624998 0.05005794444444444
0 0.413036678515625 0.5670626249999999 0.04575608828125004 0.06413673888888896
0 0.368160522265625 0.5647161583333333 0.054555335156249996 0.07195829166666662
0 0.3268040578125 0.5748841791666667 0.05631518437500001 0.07039398333333335
0 0.2700489109375 0.5670626243055555 0.06951405625000003 0.09855157083333334
0 0.18645605937499998 0.5639340041666667 0.10999059531249997 0.1329664111111111
1 0.06942606367187501 0.5107474395833334 0.13814818828125 0.3050405819444445
1 0.5987008035156249 0.5506373631944445 0.08271292734374995 0.1501738263888889
0 0.667334934765625 0.5889629743055556 0.04223638828125002 0.0453650097222222
0 0.802755376953125 0.5529838291666667 0.01847841953125 0.020336038888888908