5 0.20914108750000002 0.35085912638888883 0.006591792187499968 0.021093736111111108
5 0.21375534218749997 0.34851537847222225 0.007910151562500013 0.02578123194444441
5 0.159702644140625 0.3672653659722222 0.007910150781249991 0.02578123194444445
5 0.348227905859375 0.3543747493055555 0.00527343359375001 0.018749987499999992
5 0.14981495585937502 0.40359346527777784 0.011865225781249999 0.023437483333333297
4 0.183433097265625 0.35085912638888883 0.023730452343749996 0.016406238888888876
4 0.3686624625 0.3614059923611111 0.0250488109375 0.018749981944444452
4 0.396347990234375 0.38249972847222224 0.011865225781250021 0.014062487500000031
4 0.40293978164062505 0.37429660972222223 0.011865225781250021 0.011718741666666688
4 0.6797950609375001 0.36023411875 0.025048810937499954 0.021093734722222222
4 0.725278428125 0.2840622972222222 0.021093735937499948 0.03281247777777775
5 0.9566503390625 0.30281228402777777 0.03823239531249989 0.05156246250000002
5 0.9889501218749999 0.30749978194444444 0.021093735937500035 0.06093745833333336
3 0.752963955859375 0.5371871229166667 0.09228509296874998 0.4265622041666667
3 0.42271515859375003 0.4657027979166667 0.02768552812499996 0.09609368472222223
0 0.157725107421875 0.46335904930555555 0.04614254609374999 0.07734369583333331
0 0.297471105078125 0.4387496916666666 0.014501942968750025 0.03281247777777775
0 0.45699247890624994 0.47507779236111103 0.05405269687500001 0.0679687041666667
3 0.012046496484374999 0.4129684590277778 0.01318358515625 0.04218747083333333
2 0.07269098593750001 0.4293746986111111 0.1291991296875 0.20156236388888893
2 0.6296974390625 0.4692184208333333 0.18588854375000005 0.24374983333333333
0 0.337021858203125 0.462187175 0.07778314921875 0.12187491666666672
0 0.014592578515625 0.4949996506944444 0.02918515703125 0.13124990972222222
3 0.24210004921875 0.4443746972222223 0.014501943750000024 0.04218747499999998
4 0.380807446875 0.4127335979166667 0.0061594734374999845 0.01564310694444444
4 0.38344722109375 0.3869224722222222 0.007919323437499992 0.020336038888888828