4 0.22682897031250002 0.31955259444444445 0.025087829687499986 0.07988164722222224
4 0.477894491015625 0.37247418472222227 0.011982247656250066 0.04193786666666668
4 0.8536502703125001 0.3538351340277778 0.010858910937499999 0.013979287499999968
4 0.854024715234375 0.3777996277777778 0.01235669296875006 0.00998520833333332
5 0.8047851703125 0.3554993340277778 0.005242232812500092 0.015976329166666678
5 0.801227939453125 0.35416797222222224 0.0056166773437499986 0.017307688888888922
5 0.8680664121093751 0.32154963333333336 0.008986685156250118 0.023964494444444442
0 0.787186244140625 0.42473009444444443 0.004493341406250018 0.011982247222222261
0 0.781756787890625 0.4204031729166666 0.007114458593750062 0.005991123611111091
0 0.794113480859375 0.42339873402777783 0.004118896093750024 0.01597632916666664
0 0.798232377734375 0.42473009444444443 0.010110021093750098 0.023964494444444442
0 0.8014151625 0.4273928173611111 0.01422891875000012 0.01597632916666672
0 0.9590566015625 0.4390422229166666 0.0381934124999999 0.04326922361111111
0 0.892405351171875 0.5069416222222223 0.19021817265624996 0.19105027222222223
0 0.9869527695312501 0.4823114493055556 0.023590049999999963 0.16575441805555557
0 0.42434882343749997 0.4543528729166667 0.05167344062499999 0.045931948611111134
0 0.45000763476562505 0.4900408701388889 0.05281540234375006 0.13698197083333336
0 0.36219091796875 0.47432328472222224 0.135549171875 0.13779584166666659
0 0.05963917734375 0.5398928020833333 0.116826909375 0.24630174583333328
0 0.6297320277343751 0.5362315597222223 0.3605907476562501 0.5192307083333333
4 0.8791973804687501 0.3954141541666666 0.010484465625000005 0.013313608333333348
4 0.88556295 0.38676030902777775 0.021717823437499995 0.019970412499999982
4 0.9480953019531249 0.3488165263888889 0.010484466406249915 0.06124259444444442
0 0.237433796875 0.5346969326388888 0.325089771875 0.2573540680555556