5 0.627046580078125 0.024653665277777778 0.012433097656250069 0.025503791666666664
5 0.6997323878906251 0.07821162708333333 0.01243309765624998 0.03060454861111112
5 0.7848512921874999 0.03145467777777778 0.014345882812500044 0.02890429722222222
2 0.662301590625 0.14112098055555553 0.05833992343749994 0.08161213055555555
2 0.5959638347656251 0.14282123263888888 0.030604550781249972 0.05440809027777777
0 0.510844930859375 0.13346984236111112 0.08607529765625 0.09691440694444443
2 0.40755457382812493 0.12496857916666665 0.08416251328125002 0.049307327777777785
0 0.42094406289062497 0.16492452083333334 0.09181364921874997 0.06460960833333332
0 0.2980476671875 0.1921285645833333 0.1482407890625 0.08841314305555555
0 0.20288664453125 0.17172553125 0.09563921718749999 0.0850126402777778
0 0.049385698828125005 0.1861776791666667 0.09659561171875 0.08331238611111112
0 0.7279459570312501 0.1402708548611111 0.017215059374999963 0.03910581527777778
0 0.7059489355468751 0.14622173958333334 0.038255688281250054 0.06460960694444443
0 0.746213046875 0.1793766673611111 0.050688785937500036 0.06971036249999998
0 0.830375557421875 0.20062982847222222 0.07172941484374995 0.10541567083333335