4 0.287631326953125 0.4155714625 0.04421498515625002 0.10854895555555559
4 0.40167791289062504 0.5652941611111111 0.01122920234375 0.013724580555555595
4 0.520988189453125 0.5790187409722222 0.009825552343749955 0.01372457916666663
0 0.373932441796875 0.5983917215277778 0.01122920234375 0.009981512500000001
0 0.343753960546875 0.5952724986111111 0.03088030703125 0.02620147222222218
0 0.318137342578125 0.6021347888888889 0.01614197890625002 0.022458405555555554
0 0.306557227734375 0.60026325625 0.022458405468749998 0.026201470833333296
0 0.24865665273437498 0.5946486548611112 0.03158213203125002 0.0349352986111111
0 0.12934637695312498 0.5821717631944444 0.04842593515625 0.03243991805555556
0 0.155313907421875 0.6083732340277778 0.04000403359375 0.059889079166666664
0 0.11636261171875 0.6102447680555556 0.0519350609375 0.0786044166666667
0 0.279186046875 0.6021347895833333 0.044916809375 0.0349352986111111
0 0.194265203125 0.6133639916666667 0.10106282031250002 0.07735672777777777
0 0.428674803515625 0.6071255451388888 0.019651103906250002 0.03743067361111111
0 0.449378645703125 0.6464277555555556 0.010527377343750022 0.001247688888888929
0 0.45358959609375005 0.6046301680555556 0.01193102656249998 0.04491681111111111
0 0.409374601953125 0.6077493923611111 0.030178482031249974 0.04117374305555551
0 0.53991407890625 0.6177309055555555 0.04561863437499998 0.0611367694444444
0 0.657469791015625 0.6408131527777777 0.10106282109375 0.10480588888888889
0 0.06695411484375 0.6208501270833333 0.1339082296875 0.11977815972222222
2 0.47815346640625 0.5859148291666667 0.04561863593749997 0.10480588888888889