4 0.6389865421875001 0.4687742625 0.018521348437499974 0.03639282777777776
4 0.6365495234375 0.5025676006944445 0.01169769374999996 0.027727868055555563
5 0.649222025390625 0.5112325590277778 0.013647310156250026 0.020795901388888892
5 0.5283458527343751 0.37779219583333334 0.007798461718749916 0.04159180000000002
5 0.5210347945312501 0.37865869305555555 0.006823654687500014 0.03985880833333337
4 0.42891545156250005 0.3249359479166667 0.01169769374999996 0.025994873611111104
4 0.44061314648437494 0.38645715486111115 0.011697694531250047 0.02426188472222219
4 0.507874887890625 0.4115855361111111 0.029244235156249944 0.03639282777777776
4 0.508362291796875 0.44017989930555557 0.016571733593750082 0.027727868055555563
4 0.5073874835937501 0.4809052027777778 0.012672501562499949 0.043324794444444516
4 0.397721601953125 0.43584741944444444 0.021445772656249983 0.015596924999999985
4 0.397234198046875 0.4592428076388889 0.01462211796875006 0.027727868055555563
5 0.308526682421875 0.44624536875000004 0.012672502343750036 0.04332479305555555
3 0.30706447070312504 0.5675547916666667 0.023395388281250006 0.1369063472222222
3 0.348493805078125 0.5909501777777778 0.04581596953125002 0.13170737222222217
3 0.447924205859375 0.5926831701388888 0.04191673671875007 0.13863933749999996
3 0.596094998828125 0.5736202611111111 0.01852134921875006 0.07625163611111113
3 0.574161821875 0.57188726875 0.01754654218749998 0.07278565138888887
4 0.559052299609375 0.5285624763888889 0.00877327109374999 0.024261883333333303
0 0.5434553738281249 0.5545573506944443 0.022420580468750017 0.034659834722222234
3 0.5366317183593751 0.6091465909722221 0.032168658593749996 0.11611044305555561
3 0.523471813671875 0.5944161611111112 0.035093082031250056 0.13863933888888885
0 0.671155201171875 0.5978821458333333 0.10625405546874997 0.14210531944444446
3 0.714046746875 0.5848847069444444 0.010722887499999967 0.04679077499999996
3 0.6989112589843749 0.5557027423611112 0.010546867968750017 0.03046872916666672
3 0.62837908046875 0.5510152486111112 0.011865226562499932 0.03984372222222221