4 0.53127029140625 0.2548708972222222 0.019358345312500004 0.014078797222222208
4 0.5145517207031249 0.2540887423611111 0.01407879609374998 0.01564310694444444
4 0.5647074324218749 0.2501779659722222 0.014078796093750068 0.010950176388888897
5 0.5726110390625 0.2800116138888889 0.008799246875000045 0.010950174999999973
5 0.5484131082031249 0.2768829923611111 0.007919322656250038 0.007821554166666663
5 0.4912179984374999 0.2737543708333333 0.007919321875000041 0.020336038888888908
0 0.567551471875 0.30816920555555555 0.005279548437500026 0.01877172777777775
0 0.561391998828125 0.30738705069444444 0.007039397656249946 0.02346465972222222
0 0.5732709835937501 0.30738705069444444 0.011439023437500051 0.01720741805555556
0 0.579430456640625 0.3167729152777778 0.014958721093749983 0.02033603888888887
0 0.58031038125 0.3214658486111111 0.011439021874999965 0.02033604166666668
0 0.587349779296875 0.3199015361111111 0.00791932265624995 0.02659328055555553
0 0.596149026953125 0.3214658472222222 0.01847841953125 0.029721902777777764
2 0.63222594296875 0.30816920625 0.04663601406250004 0.0876013986111111
0 0.461960500390625 0.31833722569444445 0.008799247656250042 0.01720741805555556
0 0.452721290625 0.31911938125000006 0.013198871874999973 0.025028970833333334
0 0.5173957605468751 0.37752031597222224 0.10735082109374998 0.18458865972222224
0 0.278936149609375 0.35014488055555554 0.054555335156249996 0.076651225
0 0.22614066406249997 0.3564021236111111 0.0774333796875 0.09855157499999999
0 0.1346284890625 0.36500583124999997 0.11615006874999997 0.13765934027777776
0 0.046636012500000004 0.38377755902777777 0.09327202500000001 0.15017382361111117
0 0.7271111703125 0.36891660833333334 0.07039397968749998 0.08916570833333329
2 0.8832244796875 0.32772308958333335 0.11615006718749984 0.2565469541666666
2 0.9329402300781251 0.34180188611111106 0.1328686398437499 0.5568946055555556