4 0.95439941484375 0.2672960284722222 0.0889253328125001 0.2600155902777778
4 0.571786470703125 0.5564333680555555 0.028081683593750028 0.03536212222222224
4 0.5413646453125001 0.5564333680555555 0.025741543749999974 0.03536212222222224
4 0.5513102417968749 0.5928355513888889 0.010530632031249976 0.016640997222222214
4 0.48461624218750005 0.6063563625 0.019891192187500017 0.014560874999999937
4 0.69347376796875 0.5325119340277777 0.030421824999999993 0.0665639930555555
4 0.35064320859375 0.56059361875 0.06084364843749999 0.052003118055555575
4 0.23071101718750003 0.5481128701388889 0.02457147499999999 0.03536212083333328
4 0.181568069921875 0.5491529305555556 0.012870772656249984 0.03328199444444443
4 0.298575087109375 0.5761945527777779 0.017551052343750005 0.029121744444444413
4 0.930412976171875 0.09984598680555555 0.13689821015625014 0.1913714736111111
0 0.480124883203125 0.6247308020833333 0.010908474218750009 0.013867506944444427
0 0.49025939921874995 0.6223039944444444 0.009360560937499951 0.014560875000000017
0 0.49669478554687496 0.6233440562499999 0.005850350781250046 0.0166409986111111
0 0.468613101953125 0.6264642465277778 0.010530632031250065 0.018721123611111067
0 0.45632736484374997 0.6285443708333334 0.011700701562500004 0.01872112222222226
0 0.43643617265624995 0.6337446819444443 0.01872112187499999 0.024961497222222247
0 0.421225259375 0.6358248069444444 0.01638098281250002 0.02080124722222223
0 0.40601434765625 0.6410251187499999 0.018721121875000035 0.031201870833333346
0 0.382027909375 0.64206518125 0.029251754687499965 0.033281995833333314
0 0.32001418984374996 0.6493456180555556 0.03393203437499999 0.03952236944444441
0 0.22816368203125004 0.6451853694444444 0.0327619640625 0.027041622222222214
0 0.252735155859375 0.6451853694444444 0.023401402343749968 0.027041622222222214
0 0.5388173113281249 0.612943432638889 0.012870772656250029 0.0166409986111111
0 0.7355841171874999 0.5942223111111111 0.03276196406249996 0.03328199444444443
0 0.864876869921875 0.5942223090277777 0.033932035156250075 0.04576274305555551
0 0.9286456953125001 0.6171036819444444 0.05616336875000005 0.09152548888888887
0 0.455157294921875 0.5838216881944445 0.009360561718749948 0.012480748611111163
0 0.9608226253906249 0.5671806902777777 0.03627217578124995 0.03328199444444443
4 0.8104807843749999 0.5543532437500001 0.011700701562500092 0.022881373611111085
4 0.811650854296875 0.5304318090277778 0.009360561718749948 0.012480748611111163
5 0.758997696875 0.48362900138888887 0.009360560937499951 0.03536212222222224
5 0.7051744699218749 0.48362900138888887 0.011700702343750003 0.027041622222222214
5 0.88419520390625 0.4867491881944444 0.00936056093750004 0.03328199583333339
4 0.46440084921875 0.6435905979166666 0.005850351562500045 0.020801245833333346
4 0.45855049765625006 0.6456707215277777 0.005850351562499956 0.0166409986111111
4 0.45387021757812496 0.6467107840277778 0.005850350781249958 0.022881370833333314
4 0.44860490195312497 0.6456707222222222 0.00468028046875002 0.024961494444444475
4 0.44333958593750006 0.6487909090277778 0.005850351562499956 0.02704162083333333
4 0.43865930585937496 0.6519110958333333 0.005850350781249958 0.02912174722222226
4 0.432223919921875 0.6519110986111111 0.007020421093749984 0.024961494444444395
4 0.4269586046875 0.6529511618055556 0.008190490625000013 0.02704162083333333
4 0.41876811367187494 0.6550312840277778 0.005850350781250046 0.0270416236111111
4 0.4111626566406249 0.6571114104166667 0.007020421093749984 0.03536211805555551
4 0.4018020953125 0.6581514701388889 0.0070204203125000305 0.033281995833333314
4 0.391856498828125 0.6623117180555556 0.00819049140625001 0.02912174722222226
4 0.380740832421875 0.664391842361111 0.009360561718749993 0.033281995833333314
4 0.35324418359375 0.6716722833333333 0.010530631249999978 0.03952236944444441
4 0.336278166015625 0.67791265625 0.009360561718749993 0.04368262083333331
4 0.315216902734375 0.6799927805555555 0.011700700781250007 0.043682622222222196
4 0.29123046484375 0.6872732187499999 0.012870771874999987 0.049922993055555524
4 0.2619787109375 0.6976738430555556 0.012870771874999987 0.06240374166666669
4 0.22863171015625 0.7039142138888889 0.014040840625000018 0.06656399166666663
4 0.18358401015624998 0.7111946520833334 0.01287077187500001 0.06448386805555563
4 0.12625057109374999 0.7319958965277777 0.017551053125000004 0.08112486527777776
4 0.048440905078125 0.7496769597222223 0.02106126328125 0.10400623888888884