0 0.03921018515625 0.5662498020833333 0.0727734125 0.08249997083333338
0 0.069268769140625 0.7012497555555555 0.13499995234375 0.3374998833333333
3 0.33610461328124996 0.5849997944444444 0.027421865624999996 0.15749994722222224
0 0.4679405046875 0.5381248111111111 0.012656245312500047 0.026249988888888885
0 0.482706124609375 0.5371873104166667 0.00843749765624997 0.020624993055555527
0 0.48903424726562505 0.5428123104166667 0.012656246093750045 0.020624993055555603
0 0.5001084625 0.5493748076388889 0.013710932812499976 0.029999990277777756
0 0.519620173828125 0.54937480625 0.027421864843749956 0.044999984722222226
0 0.5375498546874999 0.5578123041666667 0.03796873593749996 0.05812498055555556
0 0.45528425937500006 0.5390623118055555 0.012656245312499958 0.016874995833333312
0 0.44842879374999994 0.5409373090277777 0.00949218437499999 0.028124990277777723
0 0.44315535703125003 0.5437498090277778 0.00949218437499999 0.029999990277777833
0 0.436299890234375 0.5503123076388888 0.012656244531249961 0.031874990277777786
0 0.424698332421875 0.5512498055555556 0.01898436796874998 0.04499998333333334
0 0.3914756875 0.5456248097222223 0.060117165624999955 0.09374996944444444
0 0.32924914687499995 0.5737497979166667 0.12128902031249997 0.13499995416666669
0 0.57815531015625 0.5831247958333333 0.06433591562499999 0.0787499722222222
0 0.733194317578125 0.6412497756944444 0.16136713046875 0.19499993194444443
0 0.172100764453125 0.6496872708333333 0.24996084921875 0.24562491388888882
0 0.865030209375 0.7265622451388888 0.26894521875000005 0.36562487083333334
4 0.9467684617187502 0.3356248826388889 0.04851560781249997 0.05624997916666664