0 0.6922884546875 0.6258277916666667 0.015086920312499964 0.021456952777777774
0 0.666640690625 0.6240397118055556 0.016092712499999974 0.025033112500000006
0 0.6490392851562501 0.6231456722222223 0.013075329687500048 0.030397350000000028
0 0.634958159375 0.6231456722222223 0.01307532968749996 0.016092713888888867
0 0.626408904296875 0.6329801083333333 0.030173839843750015 0.032185427777777734
0 0.5469511265625 0.6365562659722223 0.03822019687499996 0.05364238194444448
0 0.509233826171875 0.6285099125000001 0.021121686718749987 0.019668874999999985
0 0.46598465546875 0.6338741486111111 0.023133276562499992 0.0339735083333333
0 0.43430212421875003 0.6329801104166667 0.022127482812499988 0.028609270833333273
0 0.36389649765625 0.6294039513888888 0.036208607812499995 0.05006622222222224
0 0.33321975976562496 0.6338741493055555 0.05934188671874998 0.04470198749999999
0 0.23264029492187496 0.6437085861111111 0.05934188515624998 0.050066222222222165
0 0.167263640234375 0.6463907055555556 0.07543459921875002 0.0697351
0 0.9673424285156249 0.6329801104166667 0.06430912265625004 0.042913909722222206