4 0.41666819570312497 0.3318326618055556 0.06694745234374996 0.07311087083333337
4 0.376499722265625 0.41174454305555547 0.04590682578125001 0.039105813888888875
4 0.445359959375 0.4063604138888889 0.009563920312499974 0.017002527777777724
4 0.88769136875 0.0793451263888889 0.02199701874999995 0.06460960555555556
4 0.8685635261718752 0.1533061222222222 0.09277004296874995 0.06971036388888888
4 0.9608553718749999 0.24965378333333332 0.024866198437499952 0.011901763888888873
4 0.94411850859375 0.26920669166666666 0.021997021874999946 0.017002524999999994
4 0.951291451171875 0.28790947222222224 0.02295341328124998 0.017002527777777762
4 0.9465094898437499 0.320214275 0.021040628125000006 0.04760707777777778
0 0.418740389453125 0.45821812361111114 0.01625866640625002 0.02210328611111115
0 0.448547936328125 0.4732370416666667 0.022953411718749983 0.034005055555555525
0 0.44615695625 0.48003805138888883 0.012433098437499979 0.03400505277777776
0 0.455242683203125 0.4902395694444444 0.01721506015624996 0.05780859444444444
0 0.487760016015625 0.4094775493055555 0.009563921093749973 0.008501265277777826
0 0.48823821249999994 0.41882894027777773 0.008607529687499938 0.010201516666666618
0 0.568096959765625 0.4358314673611111 0.01721506015624996 0.020403034722222282
0 0.39913434140625 0.4925065645833333 0.0465444234375 0.07481112361111104
0 0.5143796093749999 0.5106425909722222 0.12337459375000001 0.2028968236111111
0 0.9618491652343749 0.4453269375 0.04024327421875 0.040527486111111066
0 0.19647027851562499 0.5893804888888888 0.26970259765625 0.24993716111111108