4 0.7437783871093749 0.17329917222222221 0.03314346640624999 0.08318360277777777
4 0.745240598046875 0.2244224284722222 0.032168658593749996 0.04332479305555555
4 0.754988676171875 0.2530167916666667 0.03996712265625 0.02079590000000001
4 0.755963484765625 0.30933902291666665 0.06336251015625001 0.06758667638888889
4 0.76961079453125 0.38645715486111115 0.022420581250000016 0.017329918055555598
4 0.767173774609375 0.35699629513888886 0.02144577265625003 0.027727868055555563
4 0.62387702109375 0.2703467090277778 0.06628693281249998 0.04852376805555557
4 0.254912251953125 0.5259629888888889 0.016571733593749992 0.015596924999999985
5 0.188625319140625 0.27901166805555555 0.014622117968749992 0.06931966944444443
5 0.460109304296875 0.2530167916666667 0.015596925781249915 0.06931966944444447
5 0.6029186527343751 0.5302954673611111 0.014622117968750015 0.027727868055555483
5 0.164742526171875 0.27987816388888886 0.021445772656250008 0.06758667777777777
5 0.44451237812500005 0.25821576736111107 0.019496156250000053 0.06931966805555553
5 0.779358873046875 0.46097579930555554 0.028269427343749952 0.05545573472222224
3 0.073110588671875 0.6698013020833334 0.14622117734375 0.36219527083333336
3 0.43671391523437497 0.6377409555555555 0.01949615703125005 0.07625163611111113
3 0.650196833203125 0.6360079631944444 0.03314346640624999 0.1490372875
3 0.7301310765625 0.6446729215277778 0.044841160937500034 0.22875490694444436
3 0.859780519140625 0.6524713847222222 0.07408539609374998 0.327535436111111
3 0.924605241796875 0.6576703611111111 0.06726174140625005 0.3067395361111111
3 0.9445888027343751 0.6169450541666666 0.01754654140625007 0.03465983333333335
3 0.7086853039062501 0.6360079638888889 0.03509308281250005 0.169833188888889
3 0.67895366484375 0.6360079638888888 0.034118274999999976 0.11437745555555555
2 0.80519128046875 0.5848847069444444 0.07018616406249993 0.10917847777777775