4 0.364534355859375 0.5292856013888889 0.015497444531249993 0.01285714166666665
0 0.01429208359375 0.6027549736111111 0.027895401562499998 0.038571422222222256
0 0.10314410546875 0.5938774305555555 0.013431118750000004 0.025714280555555528
0 0.06026783945312499 0.6048978347222221 0.022729586718749993 0.025714277777777836
0 0.12380736679687501 0.5957141625 0.02996172734375 0.022040811111111065
0 0.14705353593749998 0.5892855930555555 0.014464282812500007 0.0202040777777778
0 0.170816285546875 0.5837753909722222 0.03512754453125 0.031224481944444448
0 0.1899298015625 0.5764284527777778 0.01136479374999999 0.023877544444444412
0 0.21627545898437503 0.5755100868055555 0.02479591328124999 0.029387748611111104
0 0.25811856289062496 0.5709182493055555 0.03409438046875 0.027551015277777837
0 0.284980801953125 0.5644896798611111 0.009298467968750002 0.011020406944444498
0 0.29324610546874996 0.5654080472222223 0.011364793750000013 0.012857141666666728
0 0.32785706875000004 0.5647957979166667 0.020663260937499973 0.034897951388888834
0 0.352136399609375 0.55316315 0.013431119531250025 0.02020407777777772
0 0.36401777421875 0.5522447819444445 0.014464281249999988 0.018367341666666606
0 0.39346292109375 0.5513264159722223 0.01756377031249996 0.016530609722222225
0 0.375382566796875 0.5540815145833333 0.012397955468749977 0.018367343055555572
4 0.021007644140625 0.5387754020833333 0.016530608593750003 0.033061218055555563
4 0.23177290546874998 0.5023468326388889 0.020663260937499973 0.016530609722222225