4 0.16225181796875 0.4414689006944444 0.019194299999999997 0.07037909861111105
0 0.43007228554687504 0.5378669354166667 0.010796792968749979 0.017061601388888823
0 0.4168762046875 0.5357342347222223 0.010796793749999978 0.012796199999999973
0 0.40667923281250007 0.5378669347222222 0.00959715000000001 0.012796200000000053
0 0.3952826171875 0.5399996347222222 0.013196081250000002 0.012796199999999973
0 0.38628528906250004 0.5378669347222222 0.00959715000000001 0.012796200000000053
0 0.37068991953124997 0.5431986847222223 0.026392162500000003 0.027725099999999968
0 0.34609722304687496 0.5431986847222222 0.027591807031250016 0.03625589999999998
0 0.32030488125 0.5442650340277778 0.03598931093750002 0.046919398611111045
0 0.25072554453125 0.5485304347222222 0.06718004999999998 0.0767772
0 0.16735030351562502 0.5474640854166667 0.10916758203125002 0.13009470138888887
0 0.074977734765625 0.5709237861111112 0.14995546953125 0.14715630277777778
0 0.4390696140625 0.5399996347222222 0.007197862499999985 0.017061600000000017
0 0.4444680109375 0.5389332847222222 0.008397506249999954 0.023459700000000003
0 0.45106605117187504 0.5421323347222222 0.011996436718750036 0.02132699999999998
0 0.465461776953125 0.5325351847222223 0.023992875781249978 0.05758289999999996
0 0.4660615984375 0.5431986847222222 0.010796793749999978 0.040521300000000024
0 0.4786578578125001 0.5431986833333333 0.02399287499999998 0.0661136972222222
0 0.49545287031249996 0.5474640847222222 0.035989312500000016 0.07464449999999997
0 0.496652513671875 0.5506631347222223 0.031190736718749966 0.06398100000000002
0 0.5164466359375 0.5527958347222223 0.049185393750000014 0.08530800000000001
0 0.5344412921874999 0.5570612354166666 0.04918539374999993 0.11943120138888885
0 0.623814751953125 0.5453313854166666 0.15355440078125 0.2154027013888889
0 0.8575053589843751 0.6342649854166666 0.28311592578125 0.4137438013888889
4 0.024663372265625 0.39443610277777785 0.017287621093750004 0.035286666666666695
4 0.023062666796875 0.42801535 0.012805644531249999 0.031871827777777716