5 0.28086657578124996 0.10541630416666668 0.013196081250000002 0.0597156
5 0.5897748429687499 0.16193285277777777 0.00959715000000001 0.049052099999999994
5 0.7367312019531249 0.18112715277777777 0.008397505468750044 0.044786700000000006
5 0.7541260367187499 0.27389960555555554 0.00959715000000001 0.025592399999999987
5 0.041537646875 0.11714615138888887 0.011996437500000002 0.044786700000000006
5 0.60417056640625 0.16299920208333332 0.011996437499999946 0.04691940138888887
5 0.92807438046875 0.20352050277777778 0.031190737500000055 0.051184799999999975
4 0.18309560937500002 0.11074805277777777 0.07677720000000002 0.02772510000000001
4 0.894446902734375 0.16619825208333336 0.045661369531249996 0.027725098611111103
4 0.7397303125000001 0.25257260347222227 0.016795012499999994 0.012796201388888899
4 0.7349317367187499 0.23551100138888892 0.016795012499999994 0.021327000000000023
4 0.7349317363281249 0.21631670138888887 0.026392163281250002 0.01706159999999998
4 0.745128708203125 0.14487125277777776 0.017994655468750054 0.014928900000000016
4 0.550786420703125 0.32081900347222225 0.008397505468750044 0.021326998611111137
4 0.5357908734375 0.31335455416666663 0.011996437500000035 0.02772510000000001
4 0.5153969296875 0.3229517041666667 0.016795012499999994 0.034123200000000034
4 0.03493960625 0.18006080208333333 0.03718895625 0.021326998611111096
0 0.50639960234375 0.36027395416666663 0.015595368749999939 0.02772510000000001
0 0.47160993203125 0.35920760486111114 0.010796793749999978 0.025592401388888873
0 0.46261260429687495 0.36347300416666667 0.016795013281249993 0.03412319999999999
0 0.45181580937499993 0.3624066541666667 0.011996437499999946 0.036255900000000015
0 0.4404191953125 0.3666720548611111 0.015595368750000027 0.04052130138888887
0 0.42782293515625 0.3720038048611111 0.01919429999999993 0.04265400138888885
0 0.40742899140625005 0.3709374527777778 0.02879145000000003 0.044786699999999985
0 0.387035048046875 0.38586635347222226 0.026392163281250002 0.04905209861111114
0 0.354644666015625 0.3922644548611111 0.05998218671875 0.05758290138888893
0 0.48660547929687503 0.36667205416666665 0.02879145078124994 0.044786700000000026
0 0.5627828578124999 0.36027395347222224 0.027591806249999972 0.07890989861111106
0 0.8848872054687501 0.4221222534722222 0.17034941250000007 0.16848329861111114
0 0.6905449171875 0.3592076027777778 0.021593587500000046 0.05545019999999998
0 0.6275636203125 0.37840190416666664 0.12836188281250002 0.2047392
0 0.9574391496093749 0.43385210555555553 0.08512170078124992 0.2303316
0 0.07260035078125 0.45448993958333334 0.1452007015625 0.1607068708333333
0 0.986972584375 0.34734350416666665 0.025048810937500044 0.037499974999999984