0 0.518238076953125 0.4055098097222222 0.01289505703125 0.040754750000000055
0 0.50462662890625 0.4067833965277778 0.025790115625 0.03820758194444444
0 0.49602992187500006 0.41824566944444447 0.02579011874999999 0.045849102777777755
0 0.47310537265625 0.4386230458333333 0.04584909687500005 0.0713208194444444
0 0.530416746484375 0.39914188125 0.014327844531250022 0.022924551388888877
0 0.544744590234375 0.39659470763888893 0.014327842968750027 0.0331132347222222
0 0.543311805859375 0.4016890527777778 0.011462274218749968 0.02292454999999999
0 0.577698626171875 0.4080569847222222 0.04011796015625002 0.05603778888888884
0 0.43313070195312503 0.4029626368055555 0.03868517734374999 0.0356604041666667
0 0.41077925703125 0.44626456319444446 0.030088471875000033 0.05603778749999996
0 0.39143666953125 0.4488117354166667 0.020058979687499968 0.07132081527777782
0 0.29859225078125 0.4271607743055556 0.040117960937500016 0.03311323749999996
0 0.27781687929687504 0.43454756875 0.028369130468749983 0.0336226847222222
0 0.22222485234375 0.4398966298611111 0.05014745156249998 0.038207579166666665
0 0.15273480976562498 0.4437173909722222 0.10602603828124998 0.07132081527777782
0 0.0458490984375 0.4500853215277778 0.060176939062500004 0.05349061250000007
0 0.08883262617187501 0.4640947451388889 0.11175717421875 0.07641515972222221
0 0.35117543046875 0.4755570256944444 0.084534271875 0.10952840138888884
0 0.4484614859375 0.4577268201388889 0.06590807812500002 0.08915102638888897
0 0.593029414453125 0.43225511666666666 0.04441631484375001 0.06367930555555558
0 0.66624470078125 0.40168905208333333 0.04298352968749999 0.03311323472222227
3 0.252743155078125 0.45339663611111114 0.018912749218750014 0.07132081944444447
3 0.379401288671875 0.3999060215277778 0.014327842968750027 0.03056606527777777
3 0.9136280734375 0.4750475979166667 0.04453330781250013 0.08405668194444442
0 0.782586805078125 0.41136829375000006 0.04011796015624993 0.043301926388888905
0 0.816257234765625 0.41009471180555557 0.02722290234375002 0.04584910138888887
0 0.8406145687500001 0.4126418798611111 0.03295404062500005 0.0458490986111111
0 0.9029406886718749 0.4126418784722222 0.07450478203125002 0.08150950972222222
0 0.008596706640625 0.46995325624999995 0.01719341328125 0.08915103194444443
4 0.10316046875 0.04839627083333333 0.02865568593750001 0.05603778333333334
4 0.106742430859375 0.16556618472222223 0.038685175781250004 0.05603778333333334
4 0.6633791320312501 0.2725474104166667 0.011462274999999966 0.015283034722222213
4 0.6583643886718751 0.29929272152777775 0.018626196093749936 0.03820758194444444
4 0.6597971746093749 0.3324059597222222 0.015760628906250053 0.012735858333333362
4 0.8549424117187499 0.11334915833333334 0.027222900000000116 0.048396269444444445
4 0.8635391175781251 0.24198134791666664 0.04728188046875008 0.05094344027777776
4 0.8621063339843751 0.2967455520833333 0.0300884726562499 0.04839627083333333
5 0.12823419453125 0.2521700375 0.0128950578125 0.06622647499999997
5 0.8196959089843749 0.04584909930555556 0.015760628906249963 0.07132082083333334
5 0.864828616015625 0.042028338194444445 0.01719341015624991 0.0738679875
5 0.10144112773437501 0.24325493541666665 0.020058977343749996 0.07386799027777778
5 0.8437666691406249 0.04584909652777778 0.021491764843749907 0.08660385416666667
0 0.9866707097656249 0.6593876166666667 0.023762749218750122 0.17816322777777774
5 0.089549019140625 0.37443429861111116 0.01576062734375 0.03566040833333335