5 0.45787652265625 0.35367273958333334 0.00479857500000005 0.027725098611111085
0 0.473471891015625 0.41018929097222223 0.019194299218749933 0.03838860138888889
0 0.4968649453125 0.4133883388888888 0.03239038281250002 0.04905210000000003
0 0.453077947265625 0.42191914097222216 0.03838860078124995 0.04478670138888887
0 0.365503953515625 0.40379119027777777 0.07917648828125001 0.07251180000000003
0 0.21314919687499997 0.4421797902777778 0.09597149999999999 0.09810419999999999
0 0.115378230859375 0.4592413909722222 0.12596259453125 0.1066349986111111
0 0.036995260546875 0.4659431847222223 0.07399052109375 0.1444162111111111
0 0.333113572265625 0.45284328888888886 0.15355440078125 0.12796200000000005
0 0.884891949609375 0.36113718958333335 0.23021610078125 0.29004720138888884
0 0.724139686328125 0.5317531902777778 0.55172062734375 0.4990518027777778