0 0.07018616484375 0.5649553027777778 0.1403723296875 0.2634147416666667
0 0.62631404140625 0.5684212854166667 0.3753010203125 0.5614893180555557
0 0.987967751171875 0.6602698479166667 0.02047096484375004 0.3431323624999999
0 0.9016972582031251 0.5398269229166666 0.1930119539062501 0.3517973208333333
0 0.821275609765625 0.4783057159722222 0.07895943515624992 0.13170737083333328
0 0.45815968671874996 0.4956356340277777 0.031193851562500007 0.11091147083333329
0 0.208121475 0.5580233361111111 0.14914560000000002 0.15596925555555557
0 0.31291331875 0.5276959805555556 0.0994304 0.10917847777777775
0 0.37676323242187504 0.5172980298611112 0.07700981953125 0.08491659305555556
0 0.4191673734375 0.5051670875000001 0.04874039218749995 0.07451864166666664
4 0.19447416562500003 0.34659834513888893 0.0341182734375 0.10397950416666665
4 0.46010930312500004 0.38212467569444447 0.01169769374999996 0.012130943055555576
5 0.374813616796875 0.4228499819444444 0.016571733593749992 0.02772786944444445
5 0.45815968828125 0.43498092499999996 0.01169769374999996 0.013863933333333339
4 0.46790776640625004 0.40985254375 0.011697695312499956 0.04332479305555555