0 0.039372097265625 0.58144228125 0.07874419453125 0.0679157847222222
0 0.132539733984375 0.5682749340277777 0.07640526015625002 0.09147840416666662
2 0.36994178515625 0.5211496951388889 0.08965923124999997 0.16909644305555555
2 0.269367516796875 0.5197636604166667 0.03976191953125001 0.05821353194444446
2 0.925049373828125 0.5253078076388888 0.13487867109374996 0.13028742916666664
2 0.9644214718749999 0.5287728979166666 0.0701680953124999 0.1261293152777778
0 0.682189803125 0.5370891152777778 0.08887958593749996 0.062371638888888886
0 0.264689644140625 0.5419402423611112 0.02572830234375001 0.030492801388888876
0 0.07913401718749999 0.5419402430555555 0.028846882812499995 0.0360369472222222
0 0.45570278828125 0.5502564597222223 0.07094774062500005 0.10256669166666663
0 0.759374706640625 0.5946096270833334 0.18087775234374998 0.15523607638888887
0 0.9207613238281251 0.694404248611111 0.15281051796874986 0.22730997222222216
0 0.19530119531249998 0.5343170430555555 0.019491135937500004 0.018018475000000065
0 0.105252141015625 0.54194024375 0.010915036718749993 0.027720729166666697
0 0.056134475390624994 0.5266938409722222 0.010915036718749993 0.01386036250000002
0 0.17581005703125002 0.5232287513888889 0.008576098437500002 0.015246402777777807
0 0.23272417890624997 0.5273868604166667 0.014813264062500008 0.0180184736111111
2 0.152030870703125 0.5183776236111112 0.023389364843749982 0.013860363888888828
2 0.079523839453125 0.5128334777777778 0.015592910156249995 0.013860363888888828
4 0.196860486328125 0.47541049375 0.017931846093750002 0.016632437499999972
4 0.4798717984375 0.4719454041666667 0.013253971874999947 0.012474327777777777
0 0.613191177734375 0.5370891145833333 0.05067695703124997 0.04851127638888894