0 0.4494452046875 0.40366837916666665 0.007490751562500009 0.014981508333333378
0 0.3857738 0.4136560486111111 0.0074907531250000044 0.018310730555555526
0 0.37968756523437497 0.41532066180555555 0.010299788281250022 0.014981506944444414
0 0.21723184999999998 0.4427867576388889 0.0411991453125 0.03995068472222225
0 0.183523458984375 0.4477805930555555 0.03745376640625002 0.049938355555555584
0 0.11938388320312501 0.4336313916666667 0.09082538515625 0.09821210000000001
0 0.36470605664062494 0.41448835486111113 0.015917850781249986 0.02663378750000002
3 0.35066089453125004 0.4228114145833333 0.017790540625000028 0.0765721458333333
3 0.56274285078125 0.39700993194444445 0.022472259375000015 0.08489520555555556
3 0.6081555421875 0.39451301388888893 0.029026668749999995 0.12651049999999994
3 0.6409275890625 0.3953453180555555 0.021535915624999992 0.11818744166666666
0 0.294361688671875 0.42891093472222225 0.08918980859375 0.1087465277777778
0 0.4662993999999999 0.40450068333333333 0.03183570156249997 0.053267577777777735
0 0.04541269296875 0.4719174652777778 0.0777165671875 0.07490753333333326
1 0.41760950273437497 0.3903514833333333 0.04868989765624998 0.09821210277777778
4 0.533248008984375 0.37037614027777777 0.014045163281249985 0.05160296666666666
4 0.025749464062499998 0.37453767083333334 0.0308993578125 0.04327990833333332
4 0.0182587109375 0.30046244166666664 0.017790540624999997 0.08156598055555556
4 0.18165077031250002 0.3370839034722223 0.024344948437499993 0.044944520833333355
4 0.19522776054687502 0.3811961180555555 0.010299785156250029 0.01664611944444445
4 0.198504964453125 0.3470715743055556 0.011236128906249986 0.01831072916666672
5 0.370324121875 0.13150433749999998 0.014045162499999986 0.06658447499999999
5 0.54261145078125 0.3054562791666667 0.017790540624999983 0.024969177777777792
5 0.3595561640625 0.3495684916666667 0.007490751562500009 0.013316894444444493
5 0.3853056296875 0.13233664375 0.014045164062500027 0.05826141527777779
5 0.35674713125 0.13233664375 0.013108818750000006 0.06159064027777779
0 0.8425613625 0.3678792229166667 0.20693625000000004 0.1364981736111111
4 0.532161173828125 0.21128679583333332 0.02059957109374997 0.018310730555555564
0 0.9829461105468751 0.37988820486111113 0.03263410546875001 0.1724062402777778
0 0.96976832109375 0.3577726416666666 0.03464473593749986 0.0782367583333333
3 0.881751969140625 0.43898193125000007 0.08895269765625002 0.39617762638888887