4 0.7223326136718751 0.3855906590277778 0.03119385078125001 0.05372274305555559
4 0.705273476171875 0.4037870729166667 0.02242058046874993 0.04505778749999997
4 0.7062482839843749 0.44624537013888893 0.020470963281249956 0.04332479583333332
4 0.5527160488281251 0.4739732368055556 0.017546541406249984 0.02946085972222221
4 0.52639623671875 0.40725305555555563 0.05069000781249997 0.024261883333333303
4 0.5259088328124999 0.4384469069444445 0.05166481562500005 0.024261883333333303
4 0.099430400390625 0.42025049375 0.02729461953125001 0.12304241250000006
4 0.866604175 0.4765727243055556 0.011697693749999872 0.031193851388888857
0 0.07652241601562501 0.5450258972222223 0.06531212578125001 0.07105265833333334
0 0.30998889453125 0.5441594013888889 0.03899231249999997 0.07278565000000006
0 0.7564508882812501 0.5718872687500001 0.13842271406250006 0.11091146805555552
0 0.776434449609375 0.5207640138888889 0.030219044531250017 0.01906290833333336
0 0.85295686484375 0.5718872694444445 0.09358155312500002 0.10051351944444444
0 0.9280170691406251 0.5718872694444445 0.10138001640625002 0.09704753611111107
0 0.9796818851562499 0.5762197486111111 0.037042698437499945 0.09184856111111105
0 0.56051451171875 0.5458923930555556 0.04289154531250006 0.07278565
0 0.372864001171875 0.6013481284722223 0.14914560078125 0.20102704027777785
0 0.21786955390624999 0.5597563277777778 0.09065712968750002 0.0831836027777778
4 0.52834585234375 0.38125817986111105 0.05069000781249997 0.031193851388888937