2 0.143124567578125 0.5954304402777778 0.28463988984375 0.4255628972222222
0 0.85170691015625 0.7402648729166666 0.29369204218750006 0.5113907097222222
0 0.332213965625 0.607052957638889 0.09353890468750001 0.1162251625
0 0.7284970632812501 0.6544370611111111 0.1820488343750001 0.289668861111111
0 0.5263323359375 0.5954304423611111 0.027156456250000006 0.039337748611111084
0 0.48006578125 0.5891721631944444 0.025144867187499996 0.04112582638888888
0 0.495152701953125 0.5900662034722223 0.011063741406250039 0.03218542916666662
0 0.502696160546875 0.5873840840277778 0.010057946093750037 0.01966887361111118
6 0.45089773593750004 0.6007946784722222 0.009052151562500032 0.028609270833333353
3 0.5836626316406249 0.5811258062500001 0.009052152343749943 0.035761587500000046
4 0.37646893085937505 0.5382119020833334 0.009052152343749986 0.014304634722222194