0 0.049936246484375 0.7209186895833333 0.013775516406249994 0.030612259722222195
0 0.065003219140625 0.7163268541666666 0.023246186718750006 0.04285716666666662
0 0.083514068359375 0.7224493041666666 0.04477042734375001 0.055102066666666616
0 0.093415220703125 0.7301023694444445 0.033577821093749995 0.052040838888888885
0 0.12139673867187499 0.740051351388889 0.055102064843749986 0.06887758333333341
0 0.153252619140625 0.7630105458333333 0.05854594296875 0.08724493611111102
0 0.244515415234375 0.8012758673611111 0.09126279609375001 0.1270408736111111
0 0.198797921484375 0.7737248361111111 0.09728958359374999 0.11173474444444433
2 0.033577822265625 0.7113841833333333 0.025829094531249996 0.028252688888888856
0 0.024957514453125003 0.7170921604166667 0.008588478906249999 0.016836743055555478
0 0.322997803515625 0.8065739729166667 0.18257040859374998 0.22831719861111116
4 0.944679523046875 0.4928095354166666 0.09212376484375007 0.06887758194444445
4 0.942957583984375 0.5500683694444444 0.06457273203124991 0.05204083611111111