0 0.378190717578125 0.5311875194444444 0.014199163281250015 0.026949580555555505
0 0.363927213671875 0.5329957618055556 0.017193411718749996 0.03056606527777777
0 0.347450194140625 0.5411522715277778 0.02435733359375001 0.036690395833333396
0 0.33168956640624997 0.5431844513888889 0.021491764062499995 0.035660408333333275
0 0.31879450781249996 0.5482787944444444 0.024357334375000005 0.03566040833333335
0 0.28942243046875 0.5520995520833334 0.05158023593749998 0.06367930138888885
0 0.462431133984375 0.5228070736111111 0.011462274218749968 0.01018868888888886
0 0.40798533203125 0.5342693458333333 0.025790117187499996 0.03820758055555555
0 0.6104684554687501 0.5536460520833333 0.03581960781250002 0.05858495972222215
0 0.6480960945312499 0.5641986229166667 0.054445803125000046 0.07896233750000002
0 0.5377717015625 0.5336325555555556 0.034386821874999994 0.04330192777777771
0 0.481893115234375 0.5234438659722223 0.014327844531250022 0.022924548611111106
0 0.561390955078125 0.5628454347222221 0.05731137265624993 0.07386799166666667
3 0.598643346484375 0.5526567472222222 0.014327842968750027 0.089151025
3 0.50121401484375 0.5333213965277779 0.011462275000000055 0.08150950972222222
0 0.239752566015625 0.56419861875 0.07450478359375001 0.07386799027777771
0 0.71495936796875 0.5667457916666666 0.11892109687499994 0.1146227444444445
0 0.11510033281250001 0.6164156479166667 0.13468172812499998 0.11716991527777773
0 0.9563137609375001 0.6599730333333333 0.08582753125 0.18900165555555554
4 0.362136234765625 0.3750710923611111 0.012895058593749998 0.02037737638888891
0 0.388866632421875 0.5277078402777778 0.016689555468750016 0.025431702777777728
0 0.42641813164062503 0.5213499145833334 0.01072899921874999 0.012715851388888824
0 0.4359550203125 0.51923060625 0.008344778124999942 0.016954468055555498
0 0.4490682421875 0.5213499145833334 0.013113221874999947 0.016954468055555574