0 0.73244229921875 0.5355464895833333 0.338629784375 0.31640603194444444
3 0.601171462890625 0.4277340625 0.021093736718750034 0.06328120555555551
0 0.580736905078125 0.4136715729166666 0.10415031796875 0.1664061347222222
0 0.36123022070312494 0.44648403125 0.07646478984375 0.10078118194444446
2 0.5284420328125 0.4109372229166667 0.05405269687500001 0.12656241250000003
0 0.32563454218750004 0.43124970208333335 0.0263671703125 0.06562495416666671
0 0.2834470703125 0.42031220902777783 0.039550753124999984 0.07031245138888893
0 0.24916975117187504 0.42929658055555553 0.02636716953125 0.05859370833333336
2 0.117333903515625 0.3359372666666667 0.23466780703125 0.4171872138888889
0 0.4975484984375 0.44578095347222224 0.010546868750000016 0.0328124736111111
0 0.48581509531249994 0.44999968888888886 0.01450194218749994 0.023437480555555605
0 0.467358078125 0.44648406874999996 0.025048810937500044 0.02578123472222226
4 0.32827125820312497 0.3792184881944444 0.01845701796874999 0.018749990277777802
5 0.357275144140625 0.37109348263888886 0.013183585156250021 0.02812497916666664
5 0.45549285117187494 0.37929660069444443 0.00659179296875001 0.02578122916666664
4 0.67829543203125 0.04179683472222222 0.05668941406250001 0.06328120833333332
5 0.7811273921874999 0.29921851805555555 0.022412093749999952 0.042187472222222216
4 0.7569190324218751 0.11765616666666667 0.010546867968750017 0.028124980555555564
4 0.750327239453125 0.16171863819444446 0.021093736718750034 0.042187473611111116
4 0.92896481171875 0.55429649375 0.04614254687500008 0.17578112916666666