3 0.09836670507812499 0.4219867395833333 0.08850992890625 0.4255628986111111
3 0.046568281640625 0.43807945347222227 0.09152731640625 0.36834435694444445
0 0.10490437109374999 0.4023178645833334 0.10359685 0.07152317361111113
0 0.256276468359375 0.37549667361111105 0.18707780703125 0.1037086027777778
0 0.6842420984375 0.39069534930555555 0.2765935328125 0.2735761486111111
0 0.916580665625 0.32543045138888893 0.12371274374999999 0.08225165277777778
0 0.8114751234375 0.31738409444444443 0.09253310937499996 0.10907284444444447
0 0.46799624492187497 0.3567218409722222 0.16394453046875 0.09834436805555555
0 0.562038045703125 0.3173840958333333 0.07845198203125 0.05543046388888892
0 0.98799208671875 0.3182781333333333 0.021121687499999986 0.06079469999999997
3 0.37747472539062504 0.3531456826388889 0.017098508593750016 0.08046357361111116
3 0.22006786015625002 0.31827813402777777 0.012069535937499997 0.03218542916666666
3 0.20900411835937502 0.32274833194444447 0.010057944531249996 0.03397350833333333
3 0.180841868359375 0.3325827694444444 0.014081125781250004 0.046490063888888856
5 0.14966223359375 0.06705297916666667 0.024139071874999994 0.07331125833333332
5 0.35735883203125 0.25122515625 0.021121687499999986 0.03397350972222222
5 0.174807100390625 0.06079469999999999 0.020115892968750004 0.06794701666666667
4 0.06970155781250001 0.24943707708333335 0.015086920312499997 0.04470198472222222
4 0.32819078671875 0.08493377152777778 0.029168045312500012 0.05543046249999999
4 0.352329858984375 0.16003310625 0.03520281328124999 0.01966887361111112
4 0.334728451953125 0.19490065486111113 0.03218542890624998 0.028609270833333353