5 0.257871002734375 0.32999988472222225 0.011601558593750028 0.04499998333333334
5 0.5874607320312499 0.2709374034722222 0.012656245312499958 0.0656249736111111
5 0.56900370703125 0.2709374034722222 0.01792968125000005 0.0656249736111111
5 0.9808590316406249 0.09374996666666667 0.025312491406250005 0.07124997500000001
5 0.77941378984375 0.29999989513888886 0.014765620312499995 0.02624999027777777
4 0.6860949644531249 0.25001944375 0.01054687109375001 0.04687498472222222
4 0.6913684 0.3400194118055556 0.01898436874999998 0.04312498472222224
4 0.05594450703125 0.4252700666666666 0.03264509375 0.018873624999999963
3 0.7026721144531249 0.39318735625 0.018773430468749998 0.020624993055555603
4 0.70910570546875 0.3725623645833333 0.02320311562500006 0.016874995833333392
3 0.46578938437499995 0.5534998006944444 0.020039054687500002 0.09374996805555556
3 0.478972973046875 0.5600623020833333 0.01687499453125003 0.07687497361111113
3 0.554383103515625 0.5609998013888888 0.01160155859374994 0.071249975
3 0.77148005234375 0.56533405 0.02982684999999998 0.14282123611111114
3 0.748129130859375 0.5727638826388889 0.01687499453125003 0.0964718013888889
3 0.708578362890625 0.5628748027777778 0.022148430468750036 0.11249996111111105
3 0.6537346320312499 0.5638123020833333 0.00949218437499999 0.0993749652777778
3 0.64055104296875 0.5591248027777778 0.010546873437500003 0.07499997222222221
3 0.628755847265625 0.5626828472222223 0.020706467968749996 0.09711605555555557
0 0.43576156757812506 0.5312498041666667 0.015820307031250015 0.04124998611111113
0 0.38566392890625 0.5434373 0.014765620312499995 0.039374986111111177
0 0.372480339453125 0.5396873020833334 0.02003905546875 0.0506249819444444
0 0.35085925390625 0.5378123020833333 0.021093743750000015 0.058124979166666674
0 0.49165998554687496 0.5321873041666667 0.013710932031249979 0.03562498611111112
0 0.49218732890625 0.5499997965277778 0.008437496874999973 0.041249984722222244
0 0.869589539453125 0.56218729375 0.12128901953125001 0.061874979166666656
0 0.453515466015625 0.5290622951388889 0.01054687109374992 0.028124990277777803
0 0.31587879609375 0.5546872972222222 0.045351545312500005 0.06937497777777782
0 0.5220701296875 0.5556247958333334 0.052734356250000045 0.071249975
4 0.931816080078125 0.4778123229166667 0.011601558593750028 0.020624993055555527
5 0.9286520187499999 0.4374998375 0.007382809375000044 0.01874999444444446
0 0.989209296484375 0.5331248034722222 0.020919277343750053 0.08999996805555557
0 0.8880465644531249 0.6634372583333333 0.22148429765624994 0.24562491388888882
5 0.705585690625 0.4674998256944444 0.014765620312499995 0.022499990277777708
5 0.07644306015624999 0.4619829701388889 0.0239098046875 0.0374055625
0 0.41579150390624997 0.5551325333333333 0.050688785937499994 0.074811125