0 0.04145775703125 0.70692555625 0.0829155140625 0.22439185416666668
0 0.092766869921875 0.5810472 0.18553373984375 0.28277022222222215
0 0.15064354296875 0.5710134180555555 0.20934117968750005 0.21527023333333328
2 0.18553374101562498 0.5317904520833333 0.26680738828125 0.22439185694444447
2 0.8470085656249999 0.45425668055555557 0.3049768484375 0.9085133611111111
0 0.48774441601562496 0.6914188034722223 0.25962411171875 0.36851345138888897
0 0.6539859421875001 0.59199314375 0.148796428125 0.2243918541666666
0 0.59651973515625 0.5363512625 0.08927785625000002 0.10581079166666664
0 0.38923091874999993 0.5527701770833333 0.03181164999999999 0.06932431249999998
3 0.38820473710937503 0.5600674729166667 0.01744509765625 0.09851349583333331
3 0.3486967203125 0.5217566694444444 0.026680739062499993 0.10216214444444442
5 0.565734267578125 0.38310804513888885 0.009235639843749954 0.036486481944444434
5 0.47799568515625 0.4852701875 0.008209457812499998 0.014594588888888893
4 0.374864367578125 0.3958783111111111 0.042073472656250034 0.0291891861111111
4 0.069062053515625 0.3438850784722222 0.046178200781250005 0.027364859722222214
4 0.07111441796875 0.3977026368055555 0.0400211078125 0.06567566527777784
4 0.40462365273437506 0.42324317291666663 0.019497463281249995 0.021891890277777847
4 0.4123200195312499 0.4551688444444445 0.022576009374999994 0.0273648611111111
4 0.45901131250000005 0.4834458652777778 0.01539273437500004 0.01094594444444444
0 0.320989798828125 0.5618917972222223 0.01641891484375 0.04013513055555554
4 0.377890971484375 0.3649216173611111 0.011865225781250021 0.03046872916666668