4 0.47755125312499996 0.32831647152777776 0.00860969843749997 0.013775515277777789
4 0.40809967265624997 0.3160715722222222 0.00860969843749997 0.013775516666666673
5 0.38542747265625 0.3045919729166667 0.006887756249999999 0.012244904166666654
5 0.4138394757812501 0.34362260347222223 0.006887757812499995 0.02602042083333333
0 0.385140487890625 0.3645409875 0.00860969765624997 0.016836741666666672
3 0.37566981875 0.36989813125000004 0.012053575000000016 0.02448980694444442
0 0.361463818359375 0.35229608472222224 0.012914546093749956 0.013775513888888903
2 0.34553587812500003 0.3545920048611111 0.015497456250000008 0.018367354166666693
0 0.34711431796875003 0.3734695555555556 0.007748726562499986 0.018367355555555537
0 0.49261821015624996 0.4048471208333333 0.023246184374999944 0.029081644444444443
0 0.44497788671875 0.3859695673611111 0.024968125000000008 0.03724492916666667
0 0.511990043359375 0.4086736534722222 0.01721939609374994 0.03367348194444446
0 0.5266265296875 0.4117348791666667 0.012053576562500012 0.045918388888888884
0 0.5408325312500001 0.4147961034722222 0.01635842656250004 0.04897960972222219
0 0.561495805078125 0.4155614104166666 0.02152424453124997 0.05663267916666667
0 0.574410352734375 0.4270410069444444 0.04390945859375002 0.055102063888888844
0 0.666247144921875 0.4484695888888889 0.06285079453125002 0.05510206388888893
0 0.72995890859375 0.45765326805555556 0.076626309375 0.07040819444444442
0 0.804289281640625 0.47525531458333337 0.1110651007812499 0.09030616250000002
0 0.920950686328125 0.4989798166666667 0.1291454664062499 0.10408168055555554
0 0.406234248046875 0.37857161527777783 0.02669006328124999 0.033673486111111116
0 0.361894304296875 0.37780630555555555 0.022385213281250003 0.029081644444444443
0 0.978922633203125 0.5112247201388889 0.039604610156250074 0.10102045416666669
3 0.6147471566406251 0.40390417430555553 0.010839103906250003 0.029471023611111095
6 0.62494866484375 0.4411207833333333 0.01593985781249998 0.030604524999999997
6 0.6160223457031251 0.4399872847222222 0.01976542265624994 0.03740553055555556
4 0.49861199140625007 0.3585641215277777 0.00765113125000001 0.0249370208333333