0 0.09343831835937501 0.770155720138889 0.18687663671875002 0.4546871875000001
0 0.8451383765625 0.7772260791666668 0.3087172265625 0.3516404861111111
0 0.483586062109375 0.7796026187499999 0.18707780703125004 0.2610595930555556
0 0.283432924609375 0.7116556020833333 0.15891555703125 0.18238409861111105
0 0.663623307421875 0.7080794430555556 0.11868377109374997 0.13589403611111112
0 0.569581505859375 0.6723178548611112 0.06537665234375005 0.10370860416666663
0 0.5693473410156249 0.6032173979166667 0.05082719765624999 0.05237310416666669
0 0.536893179296875 0.6347681902777778 0.020115892968749983 0.04291390555555555
0 0.5197946699218751 0.6347681888888889 0.02011589296875007 0.02860927222222216
0 0.47956288359374993 0.63387415 0.040231785937500056 0.030397349999999948
0 0.34528929531249997 0.6660595784722222 0.08348095781249998 0.11980132083333335
2 0.39155585117187497 0.6025827576388889 0.08549254765624995 0.17165562361111114
0 0.437822405859375 0.6329801097222222 0.015086919531249965 0.03933774444444443
0 0.47604260273437493 0.6213575951388889 0.02916804609375001 0.03397350972222226
4 0.46699045078125 0.5793377270833334 0.01709850937500006 0.025033112500000006
4 0.44134268671875 0.5775496479166667 0.024139071874999994 0.028609270833333353
4 0.31310386679687496 0.48188740069444447 0.027156455468750007 0.04470198749999999
4 0.064121655859375 0.5008590236111111 0.04614254609375 0.06328120555555551
4 0.021184370703125 0.50789026875 0.04236874140625 0.03984372361111118