4 0.619160273828125 0.2091473173611111 0.022385214843749956 0.08724493750000001
4 0.524023106640625 0.3496357229166666 0.009470667968749957 0.033673481944444424
0 0.38270106484375 0.33367361875 0.007748728125000026 0.01989796805555556
0 0.37667427734375003 0.32908178055555554 0.007748728124999982 0.013775513888888903
0 0.370217002734375 0.33290831249999997 0.012053575781250015 0.015306130555555578
0 0.36892554804687505 0.3397960708333333 0.011192607031249979 0.013775516666666673
0 0.42359712890624995 0.33290831388888886 0.015497456250000052 0.024489808333333307
0 0.42445809921874994 0.3405613777777778 0.00860969843749997 0.027551033333333346
0 0.430484887109375 0.34591852430555553 0.00860969765624997 0.032142873611111095
0 0.435220220703125 0.34744913680555556 0.011192607031249935 0.03520409861111114
0 0.458035919921875 0.35280628125 0.04304848828124994 0.07346941805555558
0 0.30263087421875 0.34515321527777776 0.007748728124999982 0.01224490555555558
0 0.32071124140625 0.32908177916666664 0.030133940624999987 0.007653063888888904
0 0.2768017828125 0.3551022006944444 0.04563139843749999 0.06887758194444445
0 0.323028556640625 0.36370312638888885 0.05026603046875002 0.06771207777777775
2 0.22040826249999998 0.3673471034722222 0.0671556421875 0.09642861527777775
0 0.1610013484375 0.3895409902777778 0.0964286140625 0.10102045555555558
0 0.039174125 0.4316328472222223 0.07834825 0.14540823055555552
0 0.4769772546875 0.3665817986111111 0.04993624687500002 0.06122451666666665
0 0.658211392578125 0.446938975 0.19027432109375003 0.25561235833333334
0 0.83427971015625 0.5234696229166667 0.3280294828125 0.5158165569444445
0 0.357732940625 0.3474491361111111 0.02152424374999997 0.027551030555555578
0 0.398198520703125 0.3438777027777778 0.02669006328125003 0.048979613888888884