3 0.126963035546875 0.4995482340277778 0.03672914296875 0.05223700416666664
3 0.054422978906249996 0.5126074833333334 0.018364571874999996 0.0359129416666667
0 0.1813829390625 0.5651624083333333 0.0844114421875 0.09397996388888896
0 0.22083397421875 0.5386941034722222 0.048666115625000006 0.026118501388888878
0 0.24562614648437497 0.5272672604166667 0.022955714843749985 0.013059251388888842
0 0.27133654609375 0.5223700409722222 0.03397445781250004 0.0195888763888889
0 0.306688348046875 0.5233902930555555 0.040402057031249994 0.020813180555555515
0 0.353518005078125 0.532980682638889 0.05876663046875001 0.0408101597222222
0 0.38244220625 0.5305320708333333 0.028465087500000007 0.04570737777777778
0 0.422844263671875 0.5403265111111111 0.056011942968750006 0.08488513333333327
0 0.583993380859375 0.5125756013888889 0.038565600781250084 0.04897219166666665
0 0.62072252421875 0.5199214319444445 0.0385656 0.037545347222222206
0 0.66984775234375 0.5084945875 0.06152131562500003 0.060399036111111096
0 0.73045083984375 0.5068621791666666 0.06060308750000001 0.04733978333333337
0 0.786462783984375 0.5117593986111111 0.05693017109375002 0.07345828611111105
0 0.8094184988281249 0.5354292909722221 0.05509371484374999 0.10120919583333329
0 0.832833326953125 0.47584645694444444 0.019282800781249953 0.02448609722222225
0 0.720600759765625 0.5498473333333334 0.08172234453125 0.12079807222222219
0 0.295210490625 0.5741989409722222 0.10192337343750002 0.09957678749999993
0 0.10995787265625001 0.6513301451388889 0.21991574531250002 0.2644498319444444
0 0.484562350390625 0.6277768729166666 0.21853840390624998 0.2807738958333333
0 0.9081790710937501 0.5777188055555555 0.18089103281250002 0.342805338888889