3 0.571702416015625 0.4594358256944444 0.014305333593750014 0.08689165138888887
3 0.7449842796875 0.4308251590277778 0.017881665624999953 0.0805337263888889
3 0.6382903378906251 0.45837617013888887 0.023842221093750025 0.11020404583333329
3 0.54709383984375 0.43006826249999996 0.013113221875000036 0.02331239444444443
3 0.5429214515625 0.4745737430555555 0.023842221875000024 0.11232335555555556
3 0.206746125 0.47245443541666676 0.011921110937499969 0.04874409861111112
3 0.5568010273437499 0.47987201458333334 0.022650110937499957 0.10596542916666662
3 0.526998250390625 0.47987201458333334 0.02980277734375001 0.12291989861111108
3 0.7195241906250001 0.48834924999999996 0.05722133124999997 0.2755101194444444
3 0.586007749609375 0.4660965083333334 0.021458000781249976 0.11656197222222223
3 0.0596907046875 0.5352768041666667 0.0298027765625 0.12715851666666664
0 0.4423583640625 0.45655962013888884 0.010729000000000077 0.016954468055555498
0 0.33089597656249997 0.49046855763888886 0.03337910937499999 0.050863406944444495
0 0.31063008828125 0.5084826805555556 0.05960555468750002 0.06145995000000003
0 0.2849997 0.4692754715277778 0.04172388749999998 0.029670320833333364
0 0.42149641953125006 0.47351408888888896 0.014305332812500016 0.042386172222222185
0 0.4703729734375 0.47563339722222225 0.05006866562500001 0.08053372777777779
0 0.918436443359375 0.43112791666666667 0.1621271070312499 0.12715851666666664
0 0.2432758109375 0.5127212979166667 0.07748722031249997 0.0911302708333333
0 0.38394492031250005 0.4968264833333333 0.07748722031250002 0.11444266388888885
3 0.111547537109375 0.5928008916666667 0.09060044296875 0.4916795944444443
5 0.52909863125 0.11338301041666667 0.015497445312499991 0.05298271527777779
5 0.210208915234375 0.19815535416666666 0.01668955546874997 0.06569856666666668
5 0.12378086171875 0.3051804375 0.017881665624999998 0.042386172222222226
5 0.68884151640625 0.20345362500000003 0.015497443749999996 0.059340638888888894
4 0.74189046015625 0.2454865673611111 0.045300221875000005 0.023312393055555544
4 0.7019547382812499 0.25714276527777774 0.020265889062499997 0.025431702777777766
4 0.713875848828125 0.27303757986111116 0.03218699921874997 0.023312393055555585
5 0.42717313320312494 0.4167973520833333 0.007152666406250052 0.02543170416666669