4 0.59294478984375 0.29364405069444444 0.07663953906250001 0.17057010416666665
4 0.396958183984375 0.41429119513888885 0.04270752890625 0.0852850513888889
4 0.6273196453125001 0.4020596395833333 0.032176906249999956 0.043682584722222216
4 0.6083060203125 0.3973793625 0.023401387500000047 0.048882897222222256
4 0.413489483203125 0.4686235819444444 0.023401386718749962 0.024961477777777772
4 0.5126528542968749 0.34745640694444446 0.013455796093750028 0.03640215555555556
4 0.12623747109375 0.5695095555555555 0.014040831249999997 0.024961477777777772
4 0.027659134765625 0.39373914722222225 0.014625866406249998 0.01872110833333333
4 0.20726476875 0.3037738201388889 0.011115657812499968 0.01352080416666668
4 0.22072056640625 0.5045057097222222 0.011115657812500013 0.017681049999999962
4 0.03497206640625 0.5393477708333333 0.0187211078125 0.022881355555555573
5 0.207557288671875 0.34017597499999996 0.01638097109375001 0.0613636361111111
5 0.50592495625 0.40777998055555553 0.028081662499999993 0.10296609722222219
5 0.53488417109375 0.43118136319444444 0.011115659374999965 0.0561633236111111
5 0.7297007085937499 0.3141744361111111 0.04621773750000004 0.10088597499999999
5 0.11424426171875002 0.49566518472222215 0.0169660046875 0.03536209444444446
5 0.13208781875 0.4946251222222222 0.014040832812499992 0.024961477777777772
3 0.461754840625 0.56170909375 0.022816351562499993 0.07800461805555553
3 0.3561560875 0.5669094034722223 0.021061245312499997 0.08008474027777773
0 0.1648497578125 0.5871906041666667 0.016380968750000013 0.024961480555555544
0 0.1464211671875 0.5877106347222222 0.012285729687499991 0.032241913888888814
0 0.10751636289062501 0.5934309743055555 0.033932010156250005 0.052003079166666626
0 0.038774792968750006 0.6048716493055556 0.027496629687500003 0.04576270972222226
0 0.0712442140625 0.6012314333333333 0.057333393749999996 0.06344375555555556
0 0.221013084375 0.6345134076388889 0.12753755312499998 0.2007318874999999
0 0.0116356875 0.6048716520833334 0.023271375 0.0748844347222222
0 0.795953347265625 0.7343241104166667 0.40542900859375 0.5221109180555555
4 0.03467954921875 0.42130077916666664 0.0169660046875 0.011440674999999977