4 0.724769633203125 0.2764121798611111 0.024370196093749998 0.05025675972222222
0 0.45084862890625 0.6585368555555555 0.3577544796875 0.47830571666666666
0 0.698937225 0.6221440284722222 0.2183569562499999 0.2391528569444444
3 0.0038992312500000003 0.4653082791666667 0.005848846874999999 0.019062911111111133
3 0.00536144296875 0.4991016173611112 0.0087732703125 0.06238770138888891
3 0.024370196093749998 0.5017011041666666 0.009748078124999998 0.08491659444444437
3 0.032168658984375 0.49996811180555556 0.00584884765625 0.08491659305555556
3 0.049227796484374996 0.4999681131944445 0.024370196093749998 0.08838257916666671
3 0.082858666796875 0.4956356340277778 0.02924423515625 0.05545573472222224
3 0.074085396484375 0.4991016173611111 0.011697694531250002 0.07278565416666664
3 0.14670858085937502 0.4956356340277778 0.010722886718749991 0.05545573472222224
3 0.16328031445312502 0.4765727243055556 0.010722886718749991 0.027727868055555563
3 0.20324743554687502 0.4939026430555556 0.010722886718749991 0.041591799999999936
3 0.28561869921875005 0.4991016187500001 0.0116976953125 0.034659834722222234
3 0.26173590703125005 0.4947691388888889 0.01072288750000001 0.029460861111111174
3 0.3046274515625 0.4999681125 0.004874039062500035 0.0329268416666667
3 0.297803797265625 0.4930361465277778 0.006823655468749967 0.032926843055555585
3 0.31681254999999997 0.4947691381944444 0.009748078124999981 0.032926843055555585
4 0.22664282460937502 0.38125817986111105 0.010722886718750014 0.020795901388888892
4 0.22274359296875001 0.4063865597222222 0.006823654687500014 0.02599487500000003
4 0.23054205625000002 0.4063865597222222 0.0068236546874999695 0.01906290833333328
3 0.848082826171875 0.5207640131944444 0.023395388281250006 0.05025675972222222
3 0.7457280015625 0.5120990541666667 0.017546540624999985 0.03985880833333337
3 0.7320806921875 0.49650212986111114 0.013647309374999939 0.025994876388888914
3 0.712584534765625 0.4947691368055555 0.007798461718749916 0.02252889027777777
3 0.7013742453124999 0.497368625 0.004874039062500035 0.017329916666666632
3 0.694550590625 0.49216965138888896 0.006823656250000009 0.02079590000000001
3 0.6370369273437501 0.4956356333333334 0.006823654687500014 0.017329916666666712