5 0.56707541171875 0.19851548125000001 0.007910150000000015 0.03046872916666668
5 0.26583050234375 0.1399217722222222 0.009228509375000016 0.044531222222222236
5 0.27308147265625 0.1410936472222222 0.007910151562500013 0.04218747222222223
5 0.255942813671875 0.1410936451388889 0.010546867968749974 0.046874968055555556
5 0.5591652609375 0.19968735555555558 0.007910151562500013 0.03281247777777779
5 0.6666114761718751 0.1668748784722222 0.014501942968750025 0.046874968055555556
5 0.06807673125 0.22429671180555555 0.022412093749999994 0.03046872916666668
4 0.18211473984374998 0.12468740694444445 0.018457018749999988 0.03281247777777777
4 0.6666114761718751 0.22078109027777776 0.025048810156250045 0.014062488888888877
4 0.68309095703125 0.16218737986111112 0.021093737499999942 0.05156246527777779
4 0.6053078078125 0.21374984513888887 0.050097621875 0.02343748472222222
4 0.617173033984375 0.23249983263888888 0.021093736718750034 0.02812498194444445
0 0.062803296484375 0.31335915138888887 0.08833001640625 0.05390621111111109
0 0.104990769140625 0.2899216694444445 0.02768552890625 0.05390621388888886
0 0.71077648515625 0.3871872270833333 0.06064449062499992 0.060937456944444475
0 0.5042721140624999 0.3097095986111111 0.019775376562500037 0.028124980555555564
0 0.49108852968749994 0.3120533465277778 0.01713865937499994 0.02343748472222222
0 0.47988248203125006 0.3120533465277778 0.01054686718749993 0.02343748472222222
0 0.46669889882812504 0.30736585 0.02373045234375004 0.023437483333333335
0 0.445605163671875 0.3050221027777778 0.021093736718749943 0.037499974999999984
0 0.424511426171875 0.31908459166666664 0.03164060390624997 0.0515624638888889
0 0.382323956640625 0.36947518125 0.06591792421875002 0.13828115416666664
0 0.543163688671875 0.3120533465277778 0.018457017968749944 0.014062490277777763
0 0.5451412273437499 0.3214283402777778 0.030322243749999967 0.014062488888888917
0 0.55436973515625 0.3565845659722222 0.030322243750000054 0.06562495416666671
0 0.528002566796875 0.3905689180555555 0.05668941484375001 0.13359365833333334
0 0.02391172265625 0.2817185479166667 0.0474609046875 0.02812498194444445
0 0.027866798046875002 0.30867165625 0.05537105546875 0.05859370972222225
0 0.46094755468750004 0.4446090631944445 0.16215809062499997 0.24609357916666671
2 0.24012251093749998 0.3215622701388889 0.26367169375 0.37031224583333333
4 0.091148005078125 0.10242179652777779 0.031640603906249995 0.021093734722222222
0 0.028269427343749997 0.5302954680555556 0.056538854687499994 0.256482775