0 0.043302612109375 0.5740617868055556 0.08604376328124999 0.13100735972222227
0 0.9669045171875 0.7088122166666667 0.06414683593750006 0.1534657666666667
0 0.350210749609375 0.5390017145833333 0.01263285234375 0.03493529583333333
0 0.336525159375 0.5390017145833335 0.023160229687499978 0.04242143194444444
0 0.308101240625 0.5390017145833335 0.044916809375 0.057393701388888885
0 0.277922759375 0.5464878506944444 0.0210547546875 0.05240294583333333
0 0.23195321171875002 0.5371301805555556 0.07369164062500003 0.08858592777777774
0 0.692982169921875 0.5820469902777778 0.058953313281249996 0.1010628194444445
0 0.5252459593750001 0.5383778701388889 0.0070182515625000445 0.02121071527777774
0 0.532264210546875 0.5390017145833335 0.005614600781250001 0.03243991805555556
0 0.5382297238281251 0.5383778708333333 0.00912372578124998 0.028696852777777813
0 0.55156440234375 0.5358824923611111 0.027371181250000022 0.048659876388888926
0 0.56700455546875 0.5477355381944444 0.03158213124999998 0.03992605138888889
0 0.44383422031249997 0.519662532638889 0.007018251562499955 0.011229201388888931
0 0.43646505625 0.5171671541666667 0.010527376562499935 0.013724580555555517
0 0.42313037851562496 0.5202863777777778 0.011931027343749978 0.024953783333333333
0 0.15194514531249997 0.5489832284722223 0.1115902 0.10979664583333333
0 0.37126550390625 0.5402494041666667 0.0364949078125 0.04741218888888889
0 0.41688413906249994 0.5308917347222223 0.015440153124999956 0.018715336111111154
0 0.43583341796874997 0.5302678909722223 0.015440153124999956 0.019963026388888888
0 0.4905757796875 0.5539739847222223 0.05754966249999995 0.07735672777777777
0 0.62637894609375 0.5789277680555556 0.09615004531249997 0.13225504999999999
0 0.79165876875 0.6001384833333333 0.1684380359375001 0.16719034722222223
5 0.427411516015625 0.47599341180555554 0.004210950781249956 0.01621995694444441
5 0.48987395429687497 0.48597492569444445 0.0028073007812499996 0.01871533750000004
5 0.424253302734375 0.47599341319444444 0.0035091257812499776 0.01871533750000004
5 0.430569729296875 0.47599341319444444 0.0035091257812499776 0.021210718055555508
5 0.48811939179687497 0.48410339166666666 0.0035091257812500665 0.014972269444444445
5 0.49303216757812496 0.48160801319444446 0.0035091257812499776 0.01746764583333334
5 0.395478471484375 0.5054388840277778 0.006316425781249979 0.011229201388888851
4 0.38495109453125 0.4691311222222222 0.007720076562499978 0.007486136111111108
0 0.46230138203125 0.512489570138889 0.009359590625000002 0.013311418055555574