4 0.8799179359375 0.19868240208333335 0.05173117031249994 0.05379174305555556
0 0.5329286671875 0.43033393194444447 0.017569078125000016 0.024293044444444453
0 0.539761086328125 0.4407452375 0.017569077343750017 0.027763477777777722
0 0.5602583417968751 0.43987763124999996 0.02928179453125006 0.039910001388888915
0 0.56221046171875 0.449421325 0.017569076562500018 0.038174783333333316
0 0.572459090234375 0.4580974131944444 0.02440149609375002 0.06246782916666665
0 0.6046690640625 0.45028893402777775 0.07320448749999997 0.11973000416666667
0 0.6163817828125 0.46677350208333335 0.04782693124999993 0.11452435416666659
0 0.70418221015625 0.4849932854166667 0.18456522031249997 0.2307839236111111
0 0.47241295742187506 0.43206915208333335 0.011712717968749953 0.024293043055555567
0 0.461676300390625 0.4372748020833333 0.01952119765624998 0.04858609027777779
0 0.45386782109374996 0.44074523680555555 0.017569078125000016 0.05552695972222226
0 0.435322684375 0.4372748020833333 0.033186034374999986 0.06593826527777777
0 0.400184529296875 0.4433480645833333 0.05465935078124997 0.10931870138888893
0 0.376271065234375 0.4537593701388889 0.055635410156249954 0.11625957083333331
0 0.32795610234375 0.47111154444444453 0.10541446093750002 0.14749348611111113
0 0.215709221875 0.5058158944444445 0.2127810421875 0.22731349166666673