3 0.711435664453125 0.47507779236111114 0.05141598046875 0.24140608194444443
3 0.7773535875 0.4797652868055555 0.0540526968750001 0.2320310902777778
3 0.830087926171875 0.48445278472222225 0.04877926328125 0.2226560972222222
3 0.91512204765625 0.48445278472222225 0.07910150781249996 0.30234354166666666
3 0.7496680597656249 0.47273404444444445 0.030322244531250053 0.18984361944444444
3 0.675839985546875 0.4797652881944444 0.03295896171874997 0.1429686513888889
3 0.647495278125 0.47156216875 0.02900388593750005 0.11718742083333338
3 0.294834388671875 0.45046843263888897 0.05668941328125001 0.13124990972222222
3 0.34888708515625 0.4340621944444445 0.0250488109375 0.07968744444444442
3 0.979411964453125 0.44848518958333333 0.04017005078124995 0.3133412736111111
0 0.435898744140625 0.4762496645833333 0.038232396093749975 0.06562495416666671
0 0.532138912109375 0.462187175 0.17797839296875004 0.2859373027777778
4 0.35745641484375 0.3192185222222222 0.023730453124999995 0.028124980555555564