0 0.31617887421875 0.4443348902777777 0.012292051562500017 0.01942447499999997
0 0.30866706484375 0.4467629513888889 0.01365783437500001 0.024280597222222235
0 0.29842368945312503 0.4540471277777778 0.015023617968750003 0.024280597222222235
0 0.292277663671875 0.45890324652777775 0.01365783515625001 0.03399283472222226
0 0.284765853515625 0.45647518680555554 0.015023617968750003 0.03399283194444449
0 0.273839585546875 0.46011727847222217 0.020486750781250018 0.04613313194444441
0 0.26427910195312504 0.4613313076388889 0.020486750781250018 0.05341730972222223
0 0.34144586796875 0.4491910090277778 0.008194701562499995 0.019424476388888934
0 0.351006353125 0.4540471277777778 0.013657835937500007 0.024280597222222235
0 0.360566837109375 0.4540471291666667 0.01912096796874998 0.03399283333333329
0 0.374907565625 0.4601172770833334 0.025949887500000025 0.03156477361111109
0 0.326422250390625 0.4479769798611111 0.016389402343750036 0.021852534722222258
0 0.230134514453125 0.4686154861111111 0.05599712265625003 0.07284178333333331
0 0.3885653984375 0.46254533611111115 0.012292051562499972 0.016996416666666646
0 0.57349249140625 0.5681659256944444 0.14887039843750002 0.18453252361111108
0 0.790652053125 0.6359087840277777 0.4138323937499999 0.41034205972222215
0 0.96741857890625 0.8478783805555555 0.06262117187499996 0.18064762777777774
5 0.22842728671875 0.24523401180555557 0.010926268749999978 0.04613313194444441
5 0.24140222812500003 0.24523400972222223 0.012292051562499972 0.05098925000000002
5 0.504998440625 0.22459550416666663 0.009560484374999945 0.04856118888888889
5 0.5172904914062499 0.21731132777777779 0.015023617187500005 0.06798566944444444
5 0.53026543359375 0.2185253576388889 0.013657835937500007 0.055845370833333324
4 0.063508931640625 0.37068375347222227 0.009560483593749992 0.029136715277777843
4 0.05350012656250001 0.37316071249999994 0.013188692187499995 0.017830205555555523
4 0.07238652382812501 0.3478195263888889 0.03277880390625 0.01942447499999997
4 0.6009447285156251 0.34417743611111107 0.030047236718750002 0.016996416666666687
4 0.5882429441406251 0.38685057708333337 0.02813513984374998 0.014204154166666665
4 0.7435325234375 0.2826261208333334 0.04370507031249993 0.12140297499999997
4 0.9818617402343751 0.18259007361111113 0.031413019531249906 0.06410076666666668
3 0.434865459375 0.46254533819444443 0.013657835937500007 0.055845370833333324
3 0.420661309765625 0.46497339583333336 0.008194700781250041 0.04127701111111111
3 0.185746552734375 0.48925399166666667 0.024584102343750015 0.13839939166666665
3 0.171405825390625 0.4928960798611111 0.031413021093750014 0.1553958069444445
3 0.143748711328125 0.4989662270833334 0.03004723671874998 0.1553958069444444
5 0.6014910421874999 0.41009924444444446 0.0163894 0.02185253611111114