4 0.644652598046875 0.3132896888888889 0.03913882890624994 0.026579788888888897
4 0.758896568359375 0.3161789611111111 0.014501942968750025 0.024961497222222247
0 0.80372075703125 0.38136134236111113 0.03032224531249996 0.038839270833333314
0 0.866342784375 0.40195284791666663 0.03427732031249988 0.03046872638888887
0 0.8986425664062502 0.40546847013888887 0.022412095312500036 0.03281247638888895
0 0.9599462355468749 0.40958926805555557 0.036914036718749973 0.0245708861111111
0 0.530820554296875 0.3597653777777778 0.009228510156249925 0.021093736111111108
0 0.518955328125 0.3585935027777778 0.009228509375000016 0.018749986111111106
0 0.504453384375 0.3597653777777778 0.011865225000000024 0.021093736111111108
0 0.49192897890625 0.35507788055555556 0.01054686718750002 0.021093736111111108
0 0.4622659136718751 0.3480466361111111 0.011865224218750026 0.016406238888888876
0 0.4365579234375 0.3527341333333333 0.013183584375000024 0.016406241666666647
0 0.42205597968749997 0.35624975416666665 0.013183582812499938 0.014062488888888877
2 0.429306952734375 0.34335913749999997 0.011865224218749937 0.021093733333333337
2 0.4121682910156251 0.3597653798611111 0.011865225781250021 0.01640624027777776
0 0.4088723953125 0.34335913749999997 0.015820301562500028 0.021093733333333337
0 0.397007169921875 0.35742162777777775 0.018457019531249987 0.021093736111111108
0 0.373935895703125 0.3597653798611111 0.014501942968750025 0.01640624027777776
0 0.355478878125 0.35390600624999996 0.014501943750000024 0.02812497916666668
0 0.31790566171875 0.36328100069444447 0.021093734374999996 0.02343748194444445
2 0.313291406640625 0.3468747611111111 0.017138660156249985 0.014062488888888877
0 0.07598688203125 0.36094109583333334 0.0751464328125 0.05624227499999997
0 0.42469269609375004 0.39374972777777784 0.052734337500000006 0.06093745555555559
0 0.623764826171875 0.42773408125 0.07382807421875004 0.08671869305555555