0 0.24644183867187502 0.45566346736111113 0.03874363984375 0.04132654861111117
0 0.374295849609375 0.4656124527777778 0.017219396093749985 0.042857163888888924
0 0.35492403046875004 0.46102061319444443 0.021524245312500013 0.04897960972222219
0 0.34889724062500005 0.46561245069444446 0.02324618437499999 0.05510206249999996
0 0.34114851328125 0.4694389847222222 0.019802304687499994 0.05663267777777779
0 0.32780348203125 0.4740308236111111 0.029272973437499995 0.06275513055555557
0 0.43413325 0.46255122777777774 0.012914548437499996 0.033673483333333344
0 0.45565749375 0.4625512270833333 0.037021700000000025 0.05816329027777777
0 0.463836705078125 0.47709204722222215 0.022385213281249962 0.05357145277777775
0 0.49999743710937505 0.4839798083333333 0.07059951953125002 0.09183677777777777
0 0.295599617578125 0.47857164513888883 0.06543370234374998 0.08265309861111116
0 0.5633062902343751 0.5380522979166666 0.10676024921874996 0.13775516527777779
0 0.40187445742187505 0.46917471597222227 0.038743641406249994 0.06122451527777781
0 0.06770215625 0.4745318604166667 0.1354043125 0.10255106527777778
4 0.9500508046875 0.25486601319444446 0.022729587499999936 0.0642856986111111
4 0.947984479296875 0.33017211875 0.02066326015625002 0.07163263750000005
4 0.945401571875 0.4495598486111111 0.017563771875000002 0.031224483333333334