4 0.591677663671875 0.36922214166666667 0.05148308828125003 0.039522369444444455
5 0.65778662734375 0.38586313958333335 0.012870771874999942 0.01456087361111113
5 0.42845287460937503 0.2787367145833333 0.012870772656250029 0.049922993055555566
5 0.2880444546875 0.2891373388888889 0.015210910937499999 0.05408324444444447
0 0.31027578828125 0.5917954895833334 0.242204525 0.3765025791666667
0 0.539609541015625 0.5200311854166666 0.15093905234375002 0.2080124736111111
1 0.4477590328125 0.4607476298611111 0.105306315625 0.14352860694444444
0 0.075091684765625 0.5418724951388889 0.14859891171875 0.2808168402777778
0 0.8596237320312501 0.4805088159722222 0.06786406874999998 0.06656399305555559
1 0.852603309375 0.45970756736111107 0.10062603437500002 0.062403740277777724
0 0.919882344921875 0.7342840326388889 0.1579594726562501 0.37858270138888894
4 0.655446487109375 0.36610195416666663 0.00819049140625001 0.016640997222222214
4 0.7373453109375 0.4198385145833334 0.01051845468749999 0.06587062638888888
4 0.8578564500000001 0.4177583902777778 0.010530629687499982 0.061710377777777756
4 0.938597379296875 0.4063177055555555 0.008202666406250003 0.05269648055555554
0 0.99184166015625 0.4617876930555555 0.014040842187500147 0.045762744444444475
0 0.778291677734375 0.48397570069444446 0.019891192968750016 0.012480748611111163
0 0.96433283515625 0.45069370486111116 0.015210912499999906 0.008320498611111067
0 0.9093395371093749 0.45589401597222223 0.019891192968749926 0.01456087361111113
3 0.61974717109375 0.4974965104166666 0.023401403125000008 0.08528511250000001
3 0.68703838203125 0.48674918888888896 0.005850351562500045 0.016640999999999986
3 0.692888732421875 0.4867491881944444 0.008190489843750015 0.02496149583333336