4 0.6774966664062501 0.14096935972222222 0.014464282812499984 0.031224483333333334
4 0.6867951343750001 0.17403057430555555 0.014464281249999988 0.023877545833333336
4 0.60827474296875 0.20525505694444443 0.020663260937500018 0.009183672222222227
4 0.596909949609375 0.22729587083333336 0.020663261718750013 0.01285714166666669
4 0.5530005203125 0.24933668125 0.009298467187500048 0.016530606944444453
4 0.526138281640625 0.25760198680555557 0.00929846640624996 0.011020404166666649
4 0.35747441328125 0.2736734125 0.012397956249999975 0.0073469388888888825
3 0.566431639453125 0.30811217916666667 0.006198977343750034 0.031224483333333334
0 0.011364792968749999 0.3660611513888889 0.022729585937499998 0.05693876111111109
0 0.323896615234375 0.32142850486111113 0.01343111953124998 0.029387748611111104
0 0.307366006640625 0.32418360416666664 0.017563772656249997 0.031224483333333334
0 0.28463642031249997 0.31683666736111116 0.019630098437499965 0.020204073611111106
0 0.28928565234375 0.33244890833333335 0.022729585937499984 0.025714277777777756
0 0.192684908203125 0.3397958472222222 0.029961728906249995 0.0367346861111111
0 0.14051017421875 0.33612237777777776 0.06405611093750001 0.06979590277777778
0 0.23659433828125 0.32142850277777774 0.06405611093749997 0.07346937222222225
0 0.067155598046875 0.3434693152777778 0.10124997890625001 0.08816324444444447
0 0.52970270546875 0.2891019798611111 0.00929846718749996 0.02571427638888887
0 0.546233316796875 0.3120611611111111 0.025829075781249954 0.04224488888888891
0 0.5968583042968749 0.3056325902777778 0.05269131640625 0.03306121666666668
0 0.7127792109375 0.29736728611111113 0.122946403125 0.07897957500000001
3 0.7747689941406251 0.28267341319444445 0.009298467968750047 0.056938762499999976
0 0.49540168085937497 0.33979584583333333 0.08988518515625002 0.1653060888888889
0 0.39156879531250005 0.41051011875000004 0.20663260937500003 0.2663264736111111
0 0.907928933203125 0.29190956319444444 0.07335457578125001 0.10836732638888892