0 0.51654651171875 0.5849998881944445 0.006864404687499981 0.01067796249999999
0 0.5131143093749999 0.5895761597222222 0.006864406249999977 0.013728811111111128
0 0.50968210625 0.59186429375 0.008580506250000041 0.012203387499999963
0 0.50667892890625 0.5979659895833334 0.007722456249999965 0.012203387500000041
0 0.5036757523437501 0.6033049701388888 0.008580507812500037 0.013728809722222242
0 0.49638232109375 0.6048303930555556 0.009438556249999942 0.013728811111111128
0 0.48951791484375 0.6109320868055556 0.007722456249999965 0.013728809722222164
0 0.489088890625 0.6162710694444444 0.01029660937500001 0.01830508055555558
0 0.4839405859375 0.6223727625 0.010296607812500014 0.024406775000000006
0 0.5388558296875001 0.5872880243055556 0.006864404687499981 0.012203387499999963
0 0.5422880328125 0.5911015826388889 0.006864406249999977 0.010677965277777762
0 0.54529121015625 0.5964405659722222 0.007722456249999965 0.00915254027777779
0 0.54872341328125 0.6071185284722223 0.01287076093749997 0.018305081944444464
0 0.53199142421875 0.5911015833333333 0.01029660937500001 0.016779658333333378
0 0.616509416796875 0.6322880131944444 0.042044483593750036 0.06559320694444443
0 0.569745655078125 0.6315253027777777 0.08237286484375002 0.061016936111111086
0 0.41057725312500004 0.6261863215277778 0.13986226250000003 0.09610167638888893
0 0.0462489265625 0.6412880173611111 0.09181142343750001 0.1738982736111111
0 0.854103644921875 0.6740846208333333 0.23510588671874996 0.24254232777777776
0 0.93733456328125 0.7190846118055556 0.121843196875 0.30203384027777785
4 0.6678208375000001 0.5766100604166666 0.009438557812500026 0.030508470833333315
4 0.676830369921875 0.574321925 0.010296607031249927 0.028983044444444377