0 0.12294298906250001 0.5932487020833334 0.1471518390625 0.15021090972222223
0 0.228417634375 0.5729955479166667 0.07974680312500002 0.10970460138888893
0 0.27636065468750004 0.5172993687499999 0.014240503125000003 0.0286919708333333
0 0.409461876171875 0.5333331180555555 0.04272150234374998 0.07426157222222227
0 0.4787656453125 0.5021095027777778 0.008544299999999972 0.02869197222222226
0 0.47354412929687495 0.5021095 0.009493666406250068 0.03206749444444444
0 0.464999828515625 0.5037972645833334 0.01518986640625002 0.03206749583333332
0 0.5854744578125 0.48185634375 0.012341767187499996 0.021940920833333325
0 0.57693015703125 0.4810124638888889 0.014240500000000012 0.03037973333333331
0 0.58927192578125 0.46751035902777777 0.01803796718750004 0.03375525972222222
0 0.609208625390625 0.47341753124999997 0.025632900781250002 0.03544302638888889
0 0.6111073609375 0.4776369375 0.01803797031249994 0.03713078611111106
0 0.6125314097656249 0.4810124638888889 0.015189867968750015 0.03037973333333331
0 0.6300946917968749 0.4818563451388889 0.033227832031249974 0.042194076388888946
0 0.649082027734375 0.49282680486111113 0.016139233593749934 0.06413499583333339
0 0.6671199941406251 0.4886073979166667 0.03702530078124999 0.07257381250000003
0 0.6652212601562499 0.4962023305555555 0.01803796562500004 0.05400841666666665
0 0.683259228515625 0.491982925 0.03512656796874998 0.06919828611111112
0 0.81711993359375 0.49367068541666664 0.10917717031250004 0.16371301249999995
3 0.8415186683593749 0.5071727895833333 0.04367086796875004 0.18059064305555556
0 0.035601251562500005 0.632067254861111 0.07120250312500001 0.1400843319444444
0 0.444398559375 0.5088605541666666 0.027531634375000013 0.038818550000000035
0 0.5311706707031251 0.5274259458333332 0.12056957109375004 0.2345990611111111
0 0.748575646484375 0.5383964069444444 0.16234170703125006 0.17890288333333337
0 0.91984142265625 0.5206748965277778 0.15664550781249992 0.26160327083333335
5 0.4460124945312501 0.3966243118055556 0.007594932812499966 0.027004206944444477
5 0.6019934324218751 0.38227832430555553 0.0066455664062499585 0.02531644583333335
5 0.43936692773437497 0.39746819305555553 0.007594933593749964 0.025316444444444464
5 0.5961073765625 0.38227832430555553 0.006645567187500046 0.02531644583333335
4 0.683449114453125 0.38902937847222224 0.019936702343749956 0.01518986805555558
0 0.32306949218750003 0.5578056798611111 0.14335437187500003 0.1738395930555555
4 0.35943023984375 0.40928253541666665 0.013291134374999958 0.021940918055555553