5 0.674357571484375 0.24245163263888891 0.01788002890625 0.06731305138888888
5 0.502393762890625 0.22562337291666665 0.016828263281249978 0.06731305416666665
5 0.3725006078125 0.21066491388888892 0.0178800296875 0.06731305277777778
5 0.254176883984375 0.20318569097222222 0.018931794531250025 0.06731305416666668
5 0.136379043359375 0.19103194375000002 0.01893179453125 0.06918285972222221
5 0.0079838671875 0.20825507569444446 0.015967734375 0.059833823611111114
5 0.8042666714843751 0.04651677083333333 0.0452259570312501 0.08788092500000001
5 0.8978738832031251 0.2606096708333333 0.01788002890624991 0.06731305555555558
5 0.6843652976562501 0.04651677013888889 0.022087095312499992 0.09162054305555556
5 0.719073590625 0.019404568055555557 0.019983560937499957 0.02991691111111111
4 0.0946589796875 0.3352563909722222 0.0378635921875 0.0729224736111111
4 0.6546194187500001 0.41098357291666665 0.02734592656250001 0.04487536805555558
4 0.8382578437499999 0.4465099076388889 0.018931793750000026 0.04487536527777781
4 0.909777960546875 0.39228550416666663 0.025242396093749876 0.048614980555555576
4 0.990238092578125 0.40443925 0.017880028906250088 0.07666208611111106
4 0.790441903515625 0.22344193472222224 0.06941658203124997 0.2412051027777778
0 0.8603449375000001 0.43566502847222227 0.01682826249999998 0.026177298611111077
0 0.8761214363281249 0.44127444791666665 0.03996712578124999 0.02243768194444442
0 0.9181920941406251 0.4450140611111111 0.05469185390625011 0.03739613888888885
0 0.015533270703125 0.5908590055555555 0.03106654140625 0.18324108333333333
0 0.429686018359375 0.57029113125 0.21876741640624994 0.3328256458333333
4 0.21955628984375003 0.3591512659722222 0.01862619687499998 0.0458490986111111