0 0.391731944140625 0.3089501326388889 0.02982439453125001 0.040785495833333324
0 0.3091413140625 0.3058912201388889 0.035559853125000006 0.05302114583333335
0 0.2173739484375 0.3211857819444444 0.06538424843749999 0.07953171944444443
0 0.431421336328125 0.30895013194444443 0.040148222656249996 0.05506041944444446
0 0.5099971437499999 0.3150679576388889 0.04358949843750004 0.07545316805555555
0 0.546780554296875 0.31982627083333337 0.07341389296875 0.09584591666666667
0 0.703793130078125 0.3639468243055556 0.14223941796874992 0.18353473194444445
4 0.25413303710937496 0.18958883055555556 0.03900113046875 0.059138972222222246
3 0.159603520703125 0.32628396805555554 0.022941841406250017 0.07341389166666666
4 0.70504580234375 0.08259062986111111 0.0378540390625 0.07545316805555556
0 0.23916869804687496 0.31914650694444446 0.020647657031250023 0.05913896944444445
5 0.853427939453125 0.43715856180555557 0.2915991742187501 0.4396542069444444
5 0.028610666015624998 0.2733908090277778 0.007152666406250003 0.029670320833333323
5 0.36919679960937496 0.25219772291666664 0.005960555468750029 0.025431704166666652
5 0.43535896484375003 0.24901875972222223 0.004768443750000006 0.02331239444444443
4 0.25558861875 0.22994498263888888 0.023842221875000024 0.01907377638888891
4 0.70024604453125 0.13775505833333332 0.023842221874999937 0.025431702777777787