0 0.56185794375 0.4461024916666667 0.010762798437500009 0.027637802777777724
0 0.54790616171875 0.4464568180555556 0.013154531250000013 0.029763791666666685
0 0.5401330296875 0.4507087868055556 0.016742131250000014 0.02976378749999995
0 0.53056609765625 0.44858280138888884 0.021525596875000018 0.034015758333333285
0 0.51860743359375 0.4507087868055556 0.023917329687500023 0.02976378749999995
0 0.50246323515625 0.44858279999999995 0.015546264062499926 0.03826772499999996
0 0.595740820703125 0.44220484722222225 0.013154530468749925 0.021259850000000018
0 0.601720153125 0.44220484722222225 0.01076279843749992 0.021259850000000018
0 0.6106891523437501 0.4411418527777778 0.01674212968749993 0.03188977222222225
0 0.620854017578125 0.4422048465277778 0.02272146328125002 0.03826772638888885
0 0.6358023480468751 0.4507087847222222 0.026309064843750018 0.06377954166666666
0 0.65374034375 0.45389776319444447 0.023917329687500023 0.07866144027777777
0 0.673472141796875 0.4528347708333333 0.03707186015625004 0.10204727222222224
0 0.690214272265625 0.4645276881944445 0.032288394531249945 0.12118113472222226
0 0.731073048828125 0.46240170208333337 0.08849411953125 0.2062205319444444
0 0.582187673828125 0.44645681736111115 0.010762797656249923 0.02551182083333335
0 0.46140515117187497 0.45602374861111106 0.07294785546874998 0.10417325555555558
0 0.16203990703124999 0.5318505520833333 0.049030525000000005 0.08716537916666667
2 0.30673975039062495 0.48259855902777776 0.24754436015624998 0.2997638625
0 0.072947854296875 0.5176773104166666 0.14589570859375 0.25511818194444447
4 0.761169009375 0.32527568055555556 0.028700795312500027 0.07015750000000003
0 0.8670031929687501 0.4039371201388889 0.2618947578125 0.5676379541666667
5 0.592551837890625 0.40181113402777774 0.010762797656250012 0.014881895833333342
5 0.552490310546875 0.4050001111111111 0.011958664843750012 0.021259850000000018