5 0.48025255859375005 0.31296115555555554 0.008802032812500027 0.017070608333333345
4 0.3762868890625 0.2603267798611111 0.012802956250000008 0.015648059722222225
4 0.540724859765625 0.3314543138888889 0.008802032031250028 0.018493158333333346
4 0.6239440761718751 0.27597483680555557 0.013603141406249986 0.015648056944444457
0 0.500257178125 0.34852492222222226 0.013603142187499983 0.014225505555555528
0 0.49051326562500003 0.35030311180555557 0.009602217187500007 0.014225506944444454
0 0.485312064453125 0.3559933138888889 0.008802032031250028 0.017070608333333306
0 0.47731021640625004 0.35314821319444445 0.007201662499999983 0.019915709722222234
0 0.473309292578125 0.3552820388888889 0.007201663281250071 0.02418336111111109
0 0.467707999609375 0.35457076319444447 0.008802033593750026 0.025605912499999977
0 0.460506336328125 0.3524369375 0.012002771093749942 0.038408869444444466
0 0.446503102734375 0.3567045881944444 0.027206282031250063 0.058324576388888855
0 0.43249986914062505 0.36097224166666664 0.02000461953124999 0.058324577777777775
0 0.404093308984375 0.36879627013888894 0.06081404140625004 0.08250794027777779
0 0.33927834375000004 0.3808879513888889 0.10722475937499998 0.1294521138888889
0 0.15644445 0.3940465458333334 0.3112718765625 0.35563767777777777
0 0.510517884765625 0.3519390479166667 0.0064014789062500025 0.011380406944444449
0 0.513718623828125 0.35620669861111115 0.00800184765624996 0.014225505555555568
0 0.522120563671875 0.3540728729166667 0.012002771093749942 0.029873565277777795
0 0.524521118359375 0.358340525 0.010402402343749983 0.02418336111111109
0 0.5345234281250001 0.3590518 0.01600369531250001 0.02845101388888887
0 0.565330541796875 0.3512277826388889 0.05201201015625001 0.0810853902777778
0 0.5917366394531249 0.3768336951388889 0.03920905390625 0.06970498472222227
0 0.62134347578125 0.3896366520833333 0.07761792343750003 0.09815599861111113
0 0.686958626953125 0.41808766597222224 0.10322383515625004 0.17212863749999993
0 0.8427946113281249 0.4537936763888889 0.31287224609375 0.34852492500000004