5 0.13276844921875003 0.45143344097222227 0.010520307812499996 0.0357052875
5 0.43498819609375 0.5287948951388889 0.007651132812500005 0.025503776388888847
5 0.161938393359375 0.5428219722222222 0.011476699218749987 0.012751888888888945
5 0.142332365234375 0.4527086291666666 0.008607524218749996 0.03485516111111109
5 0.42733706250000003 0.5287948951388889 0.006694740624999973 0.025503776388888847
4 0.070772978515625 0.3455761652777778 0.031082727343750005 0.062059186111111074
4 0.05044965703125 0.4420654520833333 0.0200842234375 0.017002518055555527
4 0.025822572656249997 0.48074617847222223 0.0157804609375 0.048457173611111175
4 0.49517175273437497 0.5432304305555555 0.011476699218750053 0.03060453055555562
4 0.58865903203125 0.5105005847222223 0.010998503124999993 0.02465365000000001
4 0.5939191859374999 0.5334539833333333 0.010998504687499988 0.01615239166666669
4 0.582442486328125 0.5266529756944445 0.008129328906249978 0.00425062916666666
5 0.5480123886718751 0.5525818152777777 0.01099850390624999 0.035705286111111116
5 0.56068457734375 0.5891372277777778 0.018171440625000024 0.0272040277777778
5 0.5437086269531249 0.5938129201388889 0.00717293828125003 0.014452140277777737
4 0.628349283203125 0.5440805569444445 0.010042111718749958 0.0136020138888889
0 0.41779097265625004 0.6431709145833333 0.039690251562500035 0.05950880972222221
0 0.188758633984375 0.5952161152777778 0.04372976171874998 0.08586271388888894
0 0.046254575390625004 0.6066020694444444 0.09250915078125001 0.11373537499999994
2 0.3391277703125 0.5843963131944444 0.06503462812500001 0.13176950972222218
0 0.37247105664062496 0.6333558368055555 0.06120906171874996 0.10881611249999999
0 0.24981383359375 0.6244295138888889 0.10185570625000002 0.17257554999999997
0 0.6772315242187501 0.8027225055555556 0.33303681562500004 0.34345085000000003
4 0.090726593359375 0.34093947361111115 0.03597845703125 0.11703630555555553