4 0.36701515390625 0.46270879097222223 0.010722885937500015 0.03465983472222215
4 0.500563829296875 0.5363609395833333 0.02826942890624995 0.03985880972222217
4 0.52883325625 0.5224970055555556 0.006823654687499925 0.01906290833333336
4 0.6263140406250001 0.42804895694444445 0.041916735937499984 0.07971761944444443
4 0.373838809375 0.5233635013888889 0.006823656249999965 0.013863933333333339
4 0.258811483203125 0.5354944430555555 0.014622117968750015 0.013863933333333339
4 0.25247523203125 0.5181645263888889 0.005848846875000024 0.017329916666666632
4 0.36214111484375 0.5181645263888889 0.0068236546874999695 0.013863933333333339
0 0.44889901289062506 0.5666882937500001 0.02047096484374995 0.02772786527777779
0 0.340207937890625 0.5649553027777778 0.017546539843749986 0.024261883333333303
0 0.314375530078125 0.5675547902777778 0.01462211796874997 0.01906290833333336
1 0.40600746796875004 0.5493583770833333 0.012672501562500039 0.02426188472222227
4 0.4333020875 0.5458923944444445 0.01072288593750006 0.01386393611111111