0 0.194956633203125 0.5394592958333333 0.030301542968750005 0.04570737777777778
0 0.10588846015625 0.5215028236111111 0.0192828 0.06856106944444444
0 0.06273171640625 0.5059949631944445 0.0798858859375 0.13548972916666663
0 0.050794744921875 0.5223190284722221 0.057848400781249996 0.1420193541666667
0 0.023790472265625 0.5264000444444444 0.04758094453125 0.21874245555555558
0 0.83200479921875 0.7051995541666667 0.33165992187500004 0.4374849083333333
0 0.141472790625 0.5101270152777778 0.07254005781249999 0.10610641388888888
0 0.2144719625 0.5395103319444445 0.02203748593750001 0.044074972222222265
0 0.225490706640625 0.5476723645833333 0.02203748671875001 0.03428053472222222
0 0.238805020703125 0.5452237541666667 0.017446342968750007 0.042442566666666674
0 0.25395579140624996 0.5411427381944445 0.03121977187499998 0.06039903472222221
0 0.2654336484375 0.5419589444444445 0.021119256249999996 0.05550181944444448
0 0.294357848828125 0.5337969090277778 0.06427600078125 0.09141475694444444
0 0.315936222265625 0.5476723645833333 0.06335777265624998 0.0963119763888889
0 0.346696878515625 0.56807744375 0.06611245859374999 0.13059250972222225
0 0.44999759453125004 0.5729746625000001 0.20476497500000002 0.24486095555555557
0 0.5984440046875 0.6898549437500001 0.29750605937499996 0.3264812736111112