4 0.025897343750000003 0.41048973402777783 0.0245638796875 0.03243991805555556
4 0.60630674765625 0.45603038611111113 0.013334678125000022 0.016219958333333295
4 0.639643442578125 0.4603972986111111 0.01122920234375 0.014972269444444445
4 0.45365977734374996 0.4489601458333333 0.012632851562500047 0.02536968333333331
4 0.40797095039062503 0.37493059097222226 0.06105878828124998 0.04616449861111115
4 0.20521366953125 0.4393113548611111 0.0084219015625 0.01372458194444448
0 0.59082711640625 0.4678834333333334 0.010527378124999931 0.012476891666666667
0 0.579948825 0.4653880548611111 0.014036501562500003 0.027449162499999995
0 0.47151684023437496 0.4747457243055556 0.028774830468749978 0.06363214861111106
0 0.33863794609375 0.4747457229166667 0.023160229687499978 0.023706095833333288
0 0.19277528164062502 0.4734980354166667 0.06597156484374997 0.04117374305555551
0 0.092063373046875 0.4753695680555555 0.08211354296875001 0.04741218888888889
2 0.30693884296874996 0.4628926763888889 0.049127759375 0.052402944444444446
0 0.52338610546875 0.4878464604166666 0.11159019843750002 0.2033733319444444
0 0.41109408125 0.4990756625 0.08070989218749998 0.09108130833333329
0 0.44157230078125 0.47245828888888886 0.016141978125000022 0.024953783333333333
0 0.37805712343750003 0.4712105999999999 0.012632851562500002 0.027449161111111113