5 0.523711123828125 0.3756745847222222 0.004990350781250008 0.022557827777777737
5 0.6066211839843749 0.3869534951388889 0.00683241953125 0.027763479166666608
5 0.6305346496093749 0.4312015430555555 0.007808478906250027 0.022557825000000045
5 0.4704608378906251 0.4199226298611112 0.007808478906250027 0.02082260972222222
4 0.506087021484375 0.38261545277777775 0.016593016406249994 0.012146522222222147
4 0.6139416332031249 0.38868871388888887 0.007808478906250027 0.020822611111111104
4 0.6734812828125 0.4060408888888889 0.01171271875000004 0.04164521944444444
4 0.9399456152343749 0.3401026263888889 0.02537755546874987 0.048586088888888906
4 0.9376689234375 0.37977582430555556 0.02082417187499992 0.030760306944444378
4 0.356749867578125 0.3843506701388889 0.014640897656249985 0.02602826250000005
3 0.530000487109375 0.4572298041666667 0.013664836718750007 0.04685087222222227
3 0.5558660726562501 0.4633030652777778 0.008784539062499963 0.04164521944444444
2 0.581243628515625 0.46503828402777775 0.05173117109374994 0.034704351388888846
0 0.5856358968750001 0.4771848076388889 0.027329675000000008 0.034704351388888846
0 0.491446124609375 0.4633030652777778 0.016593016406249994 0.024293044444444453
0 0.65835235546875 0.4763171972222222 0.030257854687499995 0.029498697222222207
5 0.631022680078125 0.4511565437499999 0.010736657031250018 0.02082260972222222
2 0.69007429921875 0.48933132916666666 0.044898751562500026 0.048586088888888906
0 0.72179624453125 0.49713980555555554 0.03416209375000001 0.04338043611111107
0 0.752054098828125 0.5040806756944445 0.05173117109375003 0.05379174305555555
0 0.7867042230468749 0.5170948062499999 0.07027630859375007 0.06940869861111112
0 0.939945615625 0.5405202423611111 0.11907929999999993 0.11973000416666667
0 0.476317196875 0.47631719652777776 0.011712718749999951 0.039910001388888915
0 0.46606856914062506 0.47718480555555554 0.016593016406250084 0.05899739444444441
0 0.43678677343750005 0.4754495868055555 0.05758752968750001 0.08329043750000006
7 0.41677754687499996 0.49974263194444446 0.0507551109375 0.062467830555555534
7 0.406528918359375 0.5110215458333334 0.051731171093749986 0.06073261111111113
7 0.394462848046875 0.5092863270833334 0.06610271484374994 0.07461435138888887
0 0.15714563203125 0.5639456805555555 0.3142912640625 0.40604088888888884