5 0.629038259765625 0.2875779201388889 0.007910150781249925 0.035156226388888906
5 0.395688810546875 0.24070295277777778 0.007910150781250014 0.04453121944444444
5 0.724619249609375 0.4164840805555556 0.019775377343750032 0.030468727777777833
5 0.38316440625000003 0.23953107847222224 0.009228510937500012 0.037499970833333326
5 0.4049173203125 0.2465623229166667 0.01054686718750002 0.042187470833333365
5 0.6178322125 0.28523417083333336 0.009228507812500019 0.03984372222222221
5 0.8505224820312499 0.3660934895833333 0.023730453124999863 0.03749997083333337
5 0.8307471054687501 0.3754684847222222 0.01054686718750002 0.028124980555555606
5 0.21789761367187502 0.37369833611111114 0.025992778906250003 0.03166527777777783
5 0.381846047265625 0.4082809611111111 0.019775378906249984 0.028124980555555606
4 0.24803266171875 0.38015598125 0.031640603124999965 0.01874998750000003
4 0.39437045234375 0.3860153541666667 0.02109373593749999 0.01640624166666669
4 0.38711948085937503 0.3637497416666667 0.017138660156249985 0.014062491666666687
4 0.6784767023437499 0.32039039722222223 0.04614254687499999 0.021093733333333337
4 0.844589869921875 0.2817185486111111 0.030322246093750137 0.023437483333333335
4 0.8228369546875001 0.3215622722222222 0.036914037499999885 0.028124980555555564
7 0.542253040625 0.5008590236111112 0.013636464062500053 0.03984372222222221
7 0.478745394140625 0.5430464944444444 0.03955075390624998 0.11484366944444441
0 0.570371307421875 0.46218717569444445 0.006591791406250014 0.01874998750000003
0 0.565097875 0.4680465465277778 0.009228510937500012 0.02578123194444449
0 0.557187723046875 0.46921841875000003 0.014501942968750025 0.02343748472222226
0 0.534116449609375 0.47273404097222216 0.013183585156249933 0.03046872916666664
0 0.5215920445312501 0.4750777909722222 0.019775376562499947 0.03046872916666664
0 0.506430923046875 0.48445278402777775 0.01582030390625002 0.039843720833333325
0 0.49522487617187494 0.4680465465277778 0.014501944531250022 0.02578123194444449
0 0.44512725351562504 0.4985152756944444 0.04877926328125 0.06328120694444447
0 0.6132179582031251 0.46453092430555554 0.010546867968750017 0.02343748472222226
0 0.619150571484375 0.47039029375 0.011865225781250021 0.02578123472222226
0 0.627060722265625 0.4762496666666667 0.01713866015624994 0.042187472222222216
0 0.64419938125 0.47390591736111104 0.027685526562499962 0.06093745972222225
0 0.654087069921875 0.4809371625 0.036914035156250066 0.0515624638888889
0 0.19991257890625 0.4680465465277778 0.090966734375 0.08671869027777777
0 0.781308662890625 0.5313277534722223 0.15952137421875 0.19921861249999995
0 0.260557068359375 0.5606246076388889 0.27290020390624997 0.24843732916666664
0 0.663315580078125 0.5055465201388889 0.04482418828124999 0.06328120694444439
0 0.077214605859375 0.59812458125 0.15442921171875 0.24843732916666664
0 0.892709954296875 0.6215620645833334 0.2135740726562501 0.2906248013888889
0 0.955331980859375 0.7809369576388889 0.08833001953125005 0.4031247236111111
0 0.59759524765625 0.45480248055555555 0.015007415624999965 0.01956522222222219