5 0.19890467265625 0.4713402798611111 0.010438146874999998 0.028865981944444424
5 0.34213923125 0.44639182499999996 0.0069587640625 0.02268041666666668
5 0.35663665703124997 0.48969080138888893 0.010438146875000021 0.010309280555555567
4 0.45695883789062497 0.47525781111111115 0.01855670546874997 0.014432991666666655
2 0.419845430078125 0.5154640013888888 0.018556703906250062 0.05360825555555553
2 0.46333770507812505 0.5206186423611112 0.02667526328125005 0.04329897638888893
0 0.36127583203125 0.5309279222222222 0.017396909375000026 0.03505155277777779
0 0.16759023398437498 0.5567011229166667 0.03827320234375 0.06597939305555553
0 0.080025786328125 0.5670104013888888 0.16005157265625 0.1814433277777778
0 0.02435567421875 0.6268042270833333 0.0487113484375 0.14845363194444444
0 0.34039954140625 0.5340207069444445 0.024355674999999976 0.0329896944444444
0 0.44652069257812493 0.5443299861111112 0.044072172656249985 0.0577319666666667
2 0.390270683203125 0.5103093624999999 0.04291237890624999 0.11340208055555563
0 0.25631447500000004 0.596907313888889 0.20180415625 0.34639180833333333
3 0.8998841972656251 0.5468042076388889 0.02435567421874989 0.10309280138888886
7 0.676739803125 0.5618557631944444 0.017396910937499933 0.04329897638888893
6 0.695876403515625 0.5628866902777777 0.020876291406250046 0.045360830555555585
3 0.7851805421875 0.5546392673611111 0.013917528125 0.07422681527777779
3 0.77242280703125 0.5484536979166666 0.009278351562499943 0.0701031041666667
3 0.759665074609375 0.5443299875000001 0.016237116406249984 0.07422681666666667
3 0.7445877515625 0.5381444194444445 0.016237115624999986 0.08659795277777778
2 0.597376771484375 0.3944035979166667 0.25631447578125 0.5237114263888889