5 0.48573823710937497 0.5523542284722223 0.00503564453125005 0.023275868055555548
5 0.522498440625 0.5317640381944445 0.00604277343750006 0.03222812361111112
5 0.664000045703125 0.5425067465277778 0.00503564453125005 0.02506631805555557
5 0.41977129687500003 0.5765253215277778 0.00805703124999999 0.028647220833333303
5 0.38401822226562504 0.5371353923611111 0.007049902343750025 0.021485415277777836
5 0.3744504984375 0.5541446798611112 0.006042773437500015 0.026856770833333283
5 0.296398011328125 0.53892584375 0.005035644531249961 0.03222812361111112
0 0.43739605195312503 0.6212866041666667 0.021149705468749946 0.04297083055555559
0 0.512427151953125 0.6212866034722222 0.018128319531250003 0.02506631805555557
0 0.596018847265625 0.6293436354166666 0.05035644296874997 0.06266579583333333
5 0.574365576953125 0.5774205472222222 0.007049902343749981 0.023275866666666662
0 0.47314912656249997 0.6320293118055555 0.05639921562499994 0.09668437083333335
7 0.671553512109375 0.6723144659722221 0.05237070078124999 0.13428384861111112
0 0.83521195234375 0.7394563902777778 0.32530262187500003 0.5192308805555557