5 0.48823554648437495 0.2926492097222222 0.010619564843749974 0.07270758055555555
5 0.63420301171875 0.39290028055555554 0.008898925000000002 0.051661630555555546
5 0.20313984999999998 0.30251898125000004 0.018353473437500024 0.08293050694444443
5 0.5006623757812501 0.2950150888888889 0.01346937031250004 0.07069485833333336
5 0.6503145773437501 0.39666550138888884 0.015294562500000008 0.06321751666666668
5 0.21794749375000003 0.45135948819444444 0.014529832812499999 0.05166162638888889
4 0.12235648867187501 0.38406342083333334 0.002294183593749999 0.006797583333333377
4 0.18819479375 0.38542293888888884 0.017971109375000016 0.03806646666666664
4 0.7633300328125 0.48398788541666665 0.018855326562499997 0.01631419861111109
4 0.75377093125 0.5007192423611111 0.02779308437500001 0.01986754861111106
0 0.02295080234375 0.6590601583333333 0.0459016046875 0.19371516944444445
0 0.1548171015625 0.6345676208333333 0.0672960671875 0.06457703611111107
0 0.26809244453125 0.6223319694444445 0.0244712984375 0.037386705555555566
0 0.322388137109375 0.5878762930555556 0.03823640234374999 0.015210452777777779
0 0.29065192265624995 0.6236914847222222 0.038236403125000026 0.05506041944444446
0 0.3680806375 0.6104362006944445 0.02408893281250002 0.03126888194444446
0 0.39293429999999996 0.6029588583333333 0.031736214062499976 0.0407854944444444
0 0.404978766015625 0.6094165666666667 0.029824392968749967 0.04282476944444448
0 0.511020967578125 0.6001139694444445 0.02500981484375 0.03856354444444447
5 0.5809400113281249 0.5888972527777778 0.012235647656250048 0.018580047222222222
0 0.841731086328125 0.6909875534722222 0.31383423359375007 0.43705800972222214
5 0.9927215621093751 0.44424858055555555 0.01185328515625006 0.04146525555555556
0 0.324279594140625 0.5987201625 0.06362288203124997 0.011915355555555528
0 0.592910684765625 0.5958213979166667 0.019500564843749936 0.01971299027777778
0 0.616499866015625 0.6003625090277778 0.024471296093750004 0.03534742916666668
0 0.46189574218749996 0.6253776034722222 0.09712046250000003 0.13595164861111114
0 0.238917565234375 0.6254399645833334 0.05103093671875003 0.04881787638888887
0 0.653543922265625 0.5907217465277778 0.011597939843750016 0.028865984722222196
5 0.18672683476562502 0.45189011944444446 0.023195880468750006 0.03917526388888888
0 0.558440813671875 0.5855671069444445 0.010438146093749979 0.01649484722222228
0 0.546842873828125 0.5793815388888889 0.010438146093749979 0.02061856111111106