4 0.40042447695312494 0.3515159604166667 0.03306121796874999 0.025539359722222224
4 0.44226758125 0.34517485 0.011364792187500061 0.012857138888888878
4 0.545067304296875 0.37731770138888887 0.00826530546875004 0.018367341666666606
4 0.8821736507812499 0.3295626104166667 0.05992345624999995 0.05142855972222221
4 0.6061715191406251 0.3718074951388889 0.00826530546875004 0.003673468055555576
4 0.606688101171875 0.3773177006944444 0.009298469531250042 0.011020406944444498
4 0.31983776054687496 0.3763993326388889 0.008265303906249999 0.009183670833333381
4 0.248032927734375 0.3920115777777778 0.007232141406250036 0.014693874999999995
4 0.18449340078124998 0.39844014583333326 0.006198978125000009 0.01653060833333334
4 0.1705457 0.3892564736111111 0.0134311203125 0.027551016666666643
0 0.21386474921874998 0.4184080722222222 0.051658153124999974 0.036734686111111144
0 0.27998718515625 0.40738766527777776 0.018596935937500003 0.02938774722222222
0 0.30220019023437505 0.4064693000000001 0.023762750781249987 0.020204080555555573
2 0.33422824570312504 0.38351012361111114 0.01136479453125001 0.018367344444444454
2 0.366256300390625 0.3853468576388889 0.00929846640624996 0.02204081250000003
2 0.35695783203125 0.37340808819444443 0.011364792187499972 0.020204079166666687
2 0.82591053203125 0.3385101354166667 0.02272958593750012 0.023877545833333336
0 0.399145334765625 0.3707142111111111 0.008265305468749994 0.009183669444444417
0 0.409476964453125 0.36887747569444446 0.010331630468749964 0.012857140277777764
0 0.40637747578124994 0.37897951597222224 0.008265304687499952 0.014693876388888959
0 0.390363447265625 0.37346931319444443 0.007232141406250036 0.01469387361111111
0 0.34490427500000004 0.3973468590277777 0.011364793750000013 0.011020406944444418
0 0.349036926953125 0.4034693111111111 0.013431121093749976 0.011020405555555612
0 0.333539480859375 0.4053060451388889 0.013431119531250025 0.022040809722222183
0 0.320108361328125 0.4053060458333333 0.01343111953124998 0.018367344444444454
2 0.4745662359375 0.3759182965277778 0.014464281249999988 0.01469387361111111
1 0.45631369960937496 0.3716325798611111 0.008265303906249955 0.01469387638888888
0 0.38175374492187497 0.3820407368055555 0.005165814843750028 0.01469387638888888
0 0.37452160507812504 0.38938767291666665 0.007232139843749996 0.01469387638888888
0 0.37193869609375 0.40040807986111115 0.008265304687499997 0.01469387361111111
0 0.441505018359375 0.3655101256944445 0.010331630468749964 0.01469387361111111
0 0.44770399726562504 0.37561216458333335 0.010331630468749964 0.016530606944444453
0 0.4373723671875 0.3783672659722222 0.006198978125000032 0.01469387361111111
0 0.43065680703125003 0.3792856326388889 0.00929846718749996 0.016530606944444453
0 0.46423460585937504 0.38479583749999996 0.008265303906249955 0.01653061111111111
0 0.462168280078125 0.4040815465277777 0.012397955468749977 0.018367343055555572
0 0.45338639374999995 0.40040807847222226 0.0072321406250000385 0.018367343055555572
0 0.44563766953124995 0.39489787499999995 0.010331629687499965 0.018367341666666686
0 0.479215470703125 0.4077550152777778 0.027895402343750052 0.044081622222222214
0 0.508144034765625 0.4123468520833334 0.04442601171875005 0.07163264027777774
0 0.5794322859375001 0.4123468513888889 0.027895401562499967 0.05326529444444448
0 0.9761669265624999 0.42918359166666675 0.04442601093749996 0.13591833888888888
0 0.42755731796875 0.4108162472222222 0.025829076562500042 0.04040815555555552
0 0.5479208124999999 0.43102032430555554 0.06818876093750008 0.08081630972222216
2 0.8625189914062499 0.44387746527777777 0.23039535937500003 0.18734689999999996