0 0.025010899609374998 0.7221742590277779 0.050021799218749996 0.2622304263888889
0 0.920025873046875 0.6869673937499999 0.15843088359374988 0.29379520138888887
0 0.123347309765625 0.5607083006944446 0.24669461953125 0.35206862916666676
0 0.24464594414062502 0.5255014388888889 0.10789689453125002 0.203957
0 0.304057524609375 0.5303575555555555 0.04916820390625003 0.12140297499999993
0 0.312252226953125 0.49029457569444446 0.07921544140625003 0.11411879583333331
0 0.35800597226562497 0.49029457569444446 0.02594988671874998 0.06555760416666669
0 0.67145327890625 0.5364277055555555 0.14750461562500003 0.16753610555555562
0 0.569702411328125 0.5085050208333333 0.07784965859375 0.09712238055555554
0 0.5191684234375 0.49393666388888896 0.042339287500000024 0.06312954722222225
0 0.49868166992187496 0.4951506930555556 0.02321831953125004 0.050989249999999944
0 0.491852753125 0.4854384555555556 0.0314130203125 0.05098925000000002
0 0.47204889296874997 0.4745121888888889 0.010926267187499939 0.02913671666666665
0 0.463171299609375 0.4745121888888889 0.009560483593750035 0.02913671666666665
0 0.45634238359375007 0.46965606874999993 0.012292051562500017 0.019424476388888855
0 0.37917561640624997 0.48786651597222225 0.016389401562499996 0.03156477361111109
0 0.38873610156250005 0.47589965625 0.019120968750000022 0.03676776527777774
0 0.40375971835937496 0.4708700986111111 0.010926267968749981 0.02185253611111114
5 0.429026713671875 0.4360101097222222 0.0068289179687500475 0.01942447500000005
5 0.442684546875 0.4347960791666667 0.009560484374999945 0.02185253611111114
4 0.4679515421875 0.4429474152777778 0.008194701562499952 0.01942447499999997