4 0.083833474609375 0.3578627916666666 0.021445772656249994 0.012130941666666652
4 0.24857600078125 0.3483313375 0.009748078124999981 0.010397952777777775
4 0.5517412410156249 0.3587292875 0.023395388281250006 0.017329916666666712
4 0.735005116015625 0.2746791881944444 0.023395388281250006 0.02946085972222221
3 0.040941929296875 0.31020551875 0.015596925781249998 0.051989751388888866
0 0.02242058046875 0.5155650381944444 0.0448411609375 0.18196413194444438
0 0.071648376953125 0.5025676 0.11405251796875 0.15250326944444442
0 0.15889367890625 0.4748397326388889 0.07993424375 0.11784343750000004
0 0.21494513046875002 0.4653082791666667 0.0516648171875 0.08838258055555559
0 0.86319234765625 0.6143455673611111 0.27002177343749995 0.5424264125
0 0.721357805859375 0.5268294847222222 0.21445772578125002 0.2634147416666667
0 0.615591154296875 0.49216965000000007 0.11015328515625003 0.16290122222222223
0 0.550766433203125 0.4817717 0.06823654921874996 0.09704753611111114
0 0.48058026757812494 0.44711186597222224 0.017546539843749986 0.0415918013888889
0 0.43768872265625003 0.48350469166666665 0.09163193749999995 0.1490372888888889
0 0.2968289890625 0.4462453680555555 0.034118274999999976 0.039858805555555515
0 0.313400722265625 0.4367139145833333 0.022420580468750017 0.034659834722222234
0 0.321686589453125 0.43151493958333337 0.023395388281250006 0.038125818055555524
0 0.33728351484374997 0.43064844375000005 0.009748078124999981 0.029460859722222288
0 0.347518996875 0.4323814354166667 0.010722885937500015 0.025994876388888914
0 0.355804863671875 0.4297819486111111 0.013647310156250026 0.01386393611111111
0 0.36896476953125 0.42544946944444445 0.008773270312499993 0.012130944444444462
0 0.38651131093749996 0.42804895625 0.010722885937500015 0.017329918055555518