0 0.609378330078125 0.3436178020833333 0.026383117968750015 0.019169184722222236
0 0.585862941796875 0.3440256611111111 0.00917673671874999 0.018353472222222205
0 0.572097837109375 0.34708457291666667 0.013765105468750071 0.01631419861111109
0 0.565215284765625 0.3633987715277778 0.01835347265624998 0.02447129861111108
0 0.54972954140625 0.3674773208333333 0.02638311875000001 0.028549847222222268
0 0.5416998976562499 0.38685043194444446 0.0355598546875 0.04690331944444447
0 0.5199051484374999 0.4154002791666667 0.04244240781250008 0.0469033194444444
5 0.49409557656249997 0.3511631229166667 0.009176735937499991 0.02447129861111108
4 0.68918741171875 0.29161629652777776 0.02276947812500003 0.016314198611111132
5 0.692542505078125 0.32738772777777775 0.009176735156249994 0.029941672222222236
0 0.6369085394531251 0.3399471041666666 0.01720638046874994 0.03466766944444445
0 0.6541149207031249 0.3725754993055555 0.024088933593750018 0.046903320833333276
3 0.6397762699218751 0.4092824472222222 0.022941841406249976 0.07545316944444444
0 0.662718111328125 0.3909289784722222 0.02523602578125006 0.03874622083333337
0 0.689674775390625 0.4194788201388889 0.03326566953125001 0.08361026805555553
0 0.7252346296875001 0.41540027013888886 0.05391332812499998 0.12439576250000002
0 0.7688241292968749 0.4327341069444444 0.08603190546875003 0.1712990833333333
0 0.875503691796875 0.46128395486111107 0.22597713984375006 0.26102717638888884
0 0.934349501953125 0.5724244319444444 0.12388594453124994 0.3283232416666666
5 0.7493235632812499 0.32669181527777774 0.01261801250000003 0.02854984722222223
0 0.44419707109375006 0.4449697555555556 0.04932495937499999 0.08157099166666665
0 0.40634303281249995 0.45516613749999996 0.07226679999999996 0.09380664166666663
0 0.354723889453125 0.4735196104166667 0.08144353671875 0.10604228750000004
0 0.21592574765625 0.48473562083333327 0.21909458750000002 0.22635950277777783
0 0.063513056640625 0.5438745868055556 0.12702611328125 0.26306644027777776