4 0.130172366015625 0.35585868125000003 0.03602348671875 0.016650856944444452
4 0.58178681796875 0.44103421319444447 0.022334562500000033 0.01793169027777779
4 0.426525590234375 0.45000005902777773 0.010086575781250051 0.01793169027777779
4 0.612767015625 0.4371917083333333 0.01080704531250003 0.030740041666666683
4 0.6156488953125001 0.4698530027777778 0.009366107812499979 0.01152751666666671
5 0.17572256796875002 0.3535104819444444 0.009366106250000006 0.02561670277777775
5 0.297121717578125 0.3855313590277777 0.017291272656249967 0.01793169027777779
5 0.492080826953125 0.4204341145833333 0.005763757031250006 0.020493359722222236
5 0.48775800898437505 0.4191532798611111 0.007204697656249958 0.023055031944444457
5 0.48379542539062503 0.41915327916666667 0.007925166406249939 0.020493361111111122
5 0.544675117578125 0.43516371875000004 0.010086575781249963 0.01665085694444441
5 0.618523265234375 0.4928012972222222 0.010807046093750028 0.016650855555555528
0 0.513262632421875 0.5225807124999999 0.017291272656250013 0.028178372222222237
0 0.49128830625 0.5212998777777778 0.02377550156249999 0.038425052777777795
0 0.41311734023437496 0.5174573722222222 0.05331476015625003 0.04611006388888883
3 0.449861296484375 0.5148957020833334 0.014409394531250008 0.046110062499999944
3 0.621552990234375 0.5259962729166667 0.010526371093749987 0.03500949305555557
3 0.595468233984375 0.5203392513888889 0.005043288281250025 0.028178372222222237
3 0.5997910523437501 0.5216200861111111 0.006484228125000069 0.02305503055555549
3 0.57529508125 0.5203392506944444 0.009366106250000072 0.025616701388888826
3 0.5648482703125 0.5158563284722223 0.005763757812499914 0.01665085694444441
3 0.6084366890625 0.5267434270833333 0.009366106249999983 0.028178373611111043
3 0.697414701171875 0.537630525 0.007204697656250048 0.03458254722222228
0 0.810816654296875 0.5699716104166667 0.11383421796875011 0.11783682638888887
0 0.925659503515625 0.6077562451388889 0.14697582578125007 0.16010438472222227