0 0.266622789453125 0.4845916534722223 0.015776496093750002 0.013088648611111135
0 0.28292516953125 0.4855265569444444 0.014724729687499983 0.007479227777777769
0 0.38897829453125 0.48926616805555556 0.009465896875000013 0.007479224999999998
0 0.419479521484375 0.48833126874999994 0.011569430468749965 0.009349037499999942
0 0.5288632300781251 0.5051595298611111 0.00946589765625001 0.013088648611111135
0 0.5099314343750001 0.5107689506944444 0.013672962500000007 0.020567876388888903
0 0.491525521875 0.5079642388888889 0.008414131250000078 0.011218838888888883
0 0.47680079179687496 0.50515953125 0.012621197656249982 0.009349037500000022
0 0.4794302078125 0.5163783708333333 0.009465896875000013 0.016828261111111055
0 0.46260194375 0.5107689520833334 0.009465895312500017 0.013088651388888827
0 0.473119609765625 0.5229226965277778 0.013672964843750001 0.02243768472222219
0 0.44629956562499995 0.5126387576388889 0.010517664062499942 0.01682826249999994
0 0.45576546328125006 0.5257274069444444 0.018931795312499933 0.02804710555555556
0 0.44051485039062505 0.5322717319444444 0.01998356328125004 0.03365652777777773
0 0.424738353515625 0.5173132736111111 0.011569430468749965 0.018698066666666652
0 0.3905559453125 0.5219877930555555 0.014724731250000022 0.02056787777777771
0 0.39634066015624997 0.5257274090277778 0.013672964062500004 0.020567881944444446
0 0.40896185703125 0.5257274055555555 0.01998356250000004 0.016828263888888903
0 0.43315248515625004 0.5444254770833333 0.026294160937500078 0.03552633472222221
0 0.35532176953125 0.5154434680555556 0.0178800296875 0.007479227777777769
0 0.35952883515625 0.5229226944444444 0.022087095312499992 0.011218841666666653
0 0.30413579765625 0.5481650916666666 0.024190628124999992 0.04300556388888887
0 0.23051214765625003 0.5406858625 0.019983562499999996 0.05048478888888886
0 0.488896105078125 0.5191830819444445 0.013672961718749922 0.018698066666666652
0 0.405631257421875 0.5730958409722222 0.05679538671874997 0.0804017013888889
0 0.36408648515625003 0.5441138319444445 0.03681182656249997 0.044875366666666694
0 0.268901623046875 0.5684213229166667 0.08414131640624997 0.10844880416666661
0 0.6340398734375 0.5802634534722222 0.08729661406250004 0.08227150694444442
0 0.051010671875000003 0.5852496013888888 0.10202134375000001 0.17700840833333334