3 0.07778560664062499 0.5921194777777777 0.007720075781249991 0.037430675
5 0.103753136328125 0.5447072909722223 0.016141977343750002 0.01497227083333333
5 0.19007763046875 0.47733207638888886 0.0091237265625 0.022458405555555554
5 0.19920135781249998 0.47982745347222217 0.0077200765625 0.022458404166666668
5 0.35676110234375 0.5035335472222223 0.004210950000000002 0.017467644444444454
4 0.47677320234375 0.4729651631944444 0.015440151562499959 0.0436691180555556
4 0.44133103320312494 0.5066527722222222 0.011931025781249983 0.023706094444444402
4 0.12129876484375002 0.4274245097222222 0.0077200781249999965 0.03243991944444444
4 0.119193290234375 0.4698459402777778 0.007720075781250002 0.022458405555555554
0 0.555026707421875 0.6208163291666666 0.03719673203124998 0.05988908055555555
4 0.442032859765625 0.5609272493055555 0.014738327343749979 0.009981512500000001
4 0.179901164453125 0.5397165305555556 0.009825550781250003 0.02744915833333334
5 0.4802823296875 0.5627987840277778 0.007018251562499955 0.02121071527777774
4 0.474667728515625 0.5496980479166667 0.014036502343750002 0.01247689027777778
5 0.36518300625 0.554688804861111 0.007018251562499999 0.01746764861111111
5 0.389045061328125 0.5696610743055556 0.007018252343749998 0.01497227083333333
0 0.30587878046875 0.6014771486111111 0.03017848125000002 0.06612752222222226
0 0.29745687851562497 0.6064679020833333 0.04140768515625002 0.061136768055555596
0 0.241310866015625 0.6295501541666667 0.09193909296875 0.10979664166666668
0 0.1009458375 0.5877525638888889 0.07088434218749999 0.04865987500000005
7 0.36518300625 0.6083394368055556 0.007018251562499999 0.01497226805555556
0 0.34728646328124996 0.5958625458333333 0.016141976562499983 0.014972269444444445
0 0.324734494921875 0.5970192618055555 0.013334678906249975 0.023706090277777748
0 0.33420913359375 0.5889092819444445 0.014036501562500003 0.019963027777777774
0 0.37105495390625 0.5939000347222222 0.01894927812499998 0.02744915833333326
4 0.4478346316406251 0.5439924729166666 0.010527375781250025 0.009981512500000001
5 0.446922269140625 0.5733131659722223 0.007018252343750042 0.011229204166666623