3 0.53351252109375 0.4102912340277778 0.01973516562499995 0.09610167638888885
0 0.028978719531250002 0.48732512013888885 0.055773295312500006 0.14949149861111116
0 0.21646279374999997 0.4087658118055556 0.04118643281250001 0.05033897361111117
0 0.23834308593750003 0.39579971319444446 0.02831567187500004 0.04576270416666672
0 0.25464604882812497 0.3858844618055556 0.018019066406250017 0.03813558750000002
0 0.254217023046875 0.3713929368055556 0.01716101484374999 0.02745762083333337
0 0.26451363164062497 0.3759692090277778 0.013728811718750001 0.018305081944444464
0 0.26923291054687504 0.3698675145833333 0.016302963281250006 0.021355929166666718
0 0.278671468359375 0.36910480347222224 0.012870760156249971 0.016779659722222187
0 0.2889680765625 0.3637658208333333 0.014586862499999987 0.02135592499999998
0 0.28038757031249995 0.4118166583333333 0.0471927875 0.05949151388888888
0 0.38893098203125 0.39046073125 0.025741520312500033 0.03203389305555551
0 0.373057044140625 0.3851217493055556 0.01115465859375 0.024406776388888888
0 0.37280168476562503 0.37541608055555553 0.027804955468750014 0.03771641944444445
0 0.357612131640625 0.36910480277777774 0.012870760156250017 0.022881352777777805
0 0.42539813593750003 0.3713929375 0.02145126718750001 0.03355931666666664
0 0.40909517187500005 0.38130818888888884 0.023167368749999983 0.025932197222222206
0 0.728719051953125 0.41486750625 0.08923727109374999 0.050338973611111094
0 0.615885386328125 0.4774098680555555 0.16388768046874996 0.20288131666666664
0 0.8359753878906251 0.5079183354166668 0.32605926015625003 0.39203382361111105
4 0.6446156410156251 0.28963667013888894 0.037725341406250036 0.06588543472222222
4 0.64162690859375 0.3340200638888889 0.02145126718750001 0.01677965833333334
4 0.34988967460937503 0.3652912444444445 0.01115465859375 0.01830508055555558
4 0.768618408984375 0.2913082069444444 0.026599572656250015 0.05338982222222223