0 0.9854718968749999 0.6569812659722222 0.02650794062500008 0.2023613180555555
0 0.8311020914062499 0.6334186444444444 0.30250244843750007 0.2910676416666667
0 0.5656328027343751 0.5149125319444445 0.055354830468750026 0.0762320027777778
0 0.6513158375 0.5258622354166665 0.05457518281249998 0.06930182083333333
0 0.49273595 0.5162985722222222 0.054575184374999974 0.08732030277777775
0 0.31232598828125 0.4711137965277778 0.029626528125000016 0.015246409722222232
0 0.3536472 0.47873699375 0.014033620312499995 0.01386036250000002
0 0.40978167421875 0.4849741541666666 0.012474328124999979 0.009702249999999977
0 0.457729872265625 0.4925973631944444 0.021050427343749956 0.03326488194444445
0 0.521660801953125 0.5043786687499999 0.014813264843750052 0.03742298472222221
0 0.43231342421874996 0.49051830347222225 0.01886743124999999 0.023562620833333388
0 0.691857402734375 0.53279241875 0.02027078203124999 0.02494866249999998