0 0.5819602839843749 0.4075996506944444 0.06628693203124998 0.10051352083333333
2 0.70381126484375 0.4093326395833333 0.18716310625000004 0.3119385125
0 0.46157151445312505 0.39893468819444444 0.016571733593749992 0.031193851388888857
0 0.44841161015625 0.4041336673611111 0.021445773437499937 0.034659834722222234
0 0.428915451171875 0.40846614305555556 0.023395388281250006 0.03292684166666662
0 0.40795708398437497 0.4136651201388889 0.020470964843749995 0.02946085972222221
0 0.38797352265625 0.41713110486111116 0.023395389062500004 0.03292684583333336
0 0.36604034609375 0.4223300791666667 0.030219043749999973 0.046790777777777806
0 0.309988894921875 0.4309950381944445 0.11112809453124997 0.11611044305555561
0 0.5103119078124999 0.4405264923611111 0.10625405624999998 0.16636720416666664
0 0.851494653515625 0.48471777986111114 0.29536677734374994 0.5077665736111112