0 0.0155462640625 0.5713052715277779 0.031092528125 0.040500018055555545
0 0.078329253515625 0.5713584256944444 0.01076279765625 0.014881895833333342
0 0.12855564609374998 0.5745474027777777 0.06577265624999999 0.07653545277777778
0 0.15905024140625001 0.5657245763888888 0.011958665624999986 0.019133863888888828
0 0.16921510625 0.5710395423611112 0.015546264062500014 0.021259848611111052
0 0.1799779046875 0.5678505631944445 0.010762798437499988 0.019133862499999942
0 0.193132434765625 0.5689135562500001 0.015546263281250017 0.021259848611111052
0 0.21585389843750002 0.5678505618055556 0.044247059374999995 0.02338583472222216
4 0.23977122734375 0.5519056770833334 0.010762798437500009 0.0255118180555555
4 0.252925758203125 0.54765370625 0.0059793320312500065 0.017007876388888912
0 0.303152150390625 0.5242678743055555 0.010762797656249967 0.008503937500000013
5 0.292987286328125 0.5200159041666667 0.007175199218750006 0.025511819444444465
5 0.378491738671875 0.5136379506944444 0.0059793320312500065 0.021259848611111132
5 0.41257393281250004 0.5402127611111112 0.0047834656250000055 0.019133863888888904
0 0.403007000390625 0.5657245798611111 0.026309061718750026 0.010629923611111043
0 0.430511930859375 0.56359859375 0.019133864843749925 0.010629923611111043
0 0.45143959375 0.5614726090277778 0.017937996875000018 0.014881893055555493
0 0.48372798867187505 0.559346625 0.03468012890625003 0.023385833333333276
4 0.5160163828125001 0.3231496958333333 0.03946359218749995 0.08078742500000004
4 0.51362465078125 0.3869292409722222 0.05381399062499996 0.0340157569444444
0 0.949717286328125 0.6207875736111111 0.09686518359375 0.22535439722222225
0 0.711141926171875 0.5559450361111111 0.42094499921875006 0.5718899222222222
0 0.014350397265625 0.5557324569444444 0.02870079453125 0.042519697222222264
0 0.98918090859375 0.6090946569444444 0.017937996875000018 0.1084252277777778