2 0.641258414453125 0.3506672159722222 0.44673686484374997 0.6985623597222222
0 0.18750474101562503 0.46570823958333335 0.15047157890625001 0.21067753749999996
0 0.344993129296875 0.4566990013888889 0.07094773984374995 0.10672480555555555
0 0.421008564453125 0.43382940138888887 0.029626528906250015 0.04712523888888885
0 0.39956831328125003 0.4241271458333334 0.013253973437499988 0.024948655555555553
0 0.3898227453125 0.4227411111111111 0.004677871874999973 0.019404508333333344
2 0.376958593359375 0.40888074583333334 0.019491136718750024 0.044353166666666666
2 0.29977368984375 0.4095737638888889 0.03976192031250001 0.09286444166666673
3 0.07679508046875001 0.45461994861111116 0.014813264062499998 0.06375767777777779
3 0.109150369140625 0.4525408930555555 0.012474328906249998 0.06514371111111114
4 0.044439792578125 0.2779003034722222 0.021830074218749995 0.015246401388888881
4 0.05847341171875 0.2238448826388889 0.029626528125000003 0.02079054583333332
4 0.17113218515625 0.3250255416666667 0.021050428125 0.015246399999999995
5 0.0382026296875 0.3472021236111111 0.015592909374999997 0.029106763888888863
5 0.29782457695312503 0.2813653930555555 0.0077964554687500074 0.03603694722222224
5 0.40931388203125 0.37561587083333337 0.0062371640624999895 0.016632438888888858
0 0.275604680078125 0.4241271458333333 0.008576099218750022 0.03603694722222228