4 0.6721300097656251 0.30760603124999997 0.016571733593749992 0.039858812499999986
4 0.6721300097656251 0.3362003951388889 0.02047096484374995 0.027727868055555525
4 0.6070615859374999 0.3595957826388889 0.007798462500000003 0.034659834722222234
0 0.628166184765625 0.3994545923611111 0.02339538671875001 0.039858809722222256
0 0.610619643359375 0.40898604722222226 0.013647310156249936 0.017329916666666712
0 0.5652910792968749 0.42458297222222224 0.055564047656250004 0.07971761944444443
0 0.503878184375 0.4193839979166667 0.032168659375 0.05545573472222224
0 0.391775276171875 0.4211169902777778 0.032168658593749996 0.03812581944444441
0 0.579913188671875 0.44537887430555556 0.06921135703125003 0.09011557083333335
0 0.46244884375 0.4375804118055555 0.07018616406250003 0.1091784819444444
2 0.35361154609375 0.4211169895833333 0.05751366250000003 0.05718872638888889
0 0.31023259765625 0.42978194791666674 0.04874039218750004 0.06065470972222226
0 0.27952615000000003 0.4401798986111111 0.04191673749999998 0.06758667777777781
0 0.243945663671875 0.4523108409722222 0.07018616484375002 0.0779846263888889
0 0.214701427734375 0.4731067416666666 0.07213578046875002 0.09531454722222218
0 0.12063247109375 0.4895701625 0.14914560000000002 0.15596925555555557
0 0.923125619140625 0.44401723680555555 0.15109521484375002 0.1958280625