4 0.8457892242187499 0.4207703659722223 0.03594221718749999 0.019033231944444395
5 0.09050871953125 0.5116313819444445 0.026000754687500006 0.0407854944444444
5 0.848354218359375 0.51367065625 0.021412386718749944 0.036706945833333296
5 0.23908804335937503 0.17200539513888888 0.02141238515624999 0.09380664305555554
5 0.79599692734375 0.3637698013888889 0.01682401718750004 0.07069486111111113
5 0.22034682695312496 0.17673714930555554 0.015294561718749966 0.08700905694444444
5 0.262406869140625 0.18285497430555553 0.02141238515624999 0.09380664305555556
0 0.5304154039062501 0.6266011618055556 0.004588368749999993 0.012235651388888947
0 0.534239044921875 0.62592140625 0.007647280468749962 0.01359516805555556
0 0.538445048046875 0.6279606791666668 0.006882552343749992 0.017673713888888897
0 0.5437981453124999 0.6286404388888889 0.008412009374999928 0.0271903305555555
0 0.552210152734375 0.6333987465277778 0.01911820078125004 0.036706945833333296
0 0.55412197265625 0.6367975347222222 0.009176735937499991 0.02990936388888888
0 0.564063437109375 0.6388368131944445 0.016824016406249954 0.039425981944444445
0 0.57132835546875 0.6435951173611111 0.019118201562499947 0.04350452916666667
0 0.52162103125 0.6238821305555556 0.008412009375000019 0.017673713888888897
0 0.5967428203124999 0.6457703548611111 0.04741313906249998 0.07613292638888886
0 0.6353615875 0.6702416506944445 0.07723753593749993 0.10060422083333335
0 0.5129413406250001 0.6263972444444444 0.005353098437500048 0.012235652777777753
0 0.5072058796875 0.6257174833333333 0.007647281250000049 0.021752263888888894
0 0.5010880546875 0.6263972430555556 0.009176735937499991 0.02854984722222219
0 0.49305841210937496 0.6243579701388889 0.013000378906250009 0.046223562499999975
0 0.47776385 0.6297960333333333 0.026765482812499998 0.04622356388888894
0 0.468969478125 0.6386328930555556 0.030589125000000016 0.03670695000000003
0 0.4293948 0.6471298701388889 0.05964878749999998 0.08429002638888893
0 0.40568823046875 0.6607250347222222 0.06882552343749997 0.08700905833333326