5 0.19643541171874998 0.27873863472222227 0.010546867187499998 0.025781233333333337
5 0.2999265515625 0.2611605222222222 0.006591792187500012 0.028124980555555564
5 0.313110136328125 0.25998864791666665 0.00659179296875001 0.03046872916666668
5 0.47394986953125 0.28342613194444444 0.006591792187500012 0.03984372222222221
5 0.48647427499999996 0.28108238333333335 0.002636717187499915 0.03515622500000003
5 0.3058591640625 0.2608256930555556 0.007910150000000015 0.028124980555555526
5 0.4818600203125 0.28426317638888887 0.0039550750000000075 0.042187469444444445
5 0.548437123046875 0.34112699166666666 0.010546867968750017 0.02399553333333336
5 0.307177523046875 0.34374976458333334 0.007910150781250014 0.01874998750000003
0 0.12656241328125 0.3503903840277778 0.06591792343750001 0.09609368472222218
0 0.4038571578125 0.36406225555555555 0.013183584374999979 0.018749986111111106
0 0.559862903125 0.3617185069444444 0.015820301562500028 0.028124980555555564
0 0.21884750585937499 0.3734372486111111 0.02636716953125 0.028124980555555606
0 0.24565414140625 0.3773434902777778 0.036914037499999976 0.028124980555555526
0 0.507080088671875 0.37810619791666666 0.02539132578125001 0.03433789305555553
0 0.356615965625 0.4160153388888889 0.05668941406250001 0.07265619999999996
0 0.41264620078125 0.36679662291666665 0.01054686718750002 0.02109373472222226
2 0.463183288671875 0.3542966326388889 0.018457017968749944 0.02578123194444445
2 0.48427702421875 0.3601560034722222 0.018457018750000033 0.03749997361111114
2 0.402319066015625 0.3578122541666667 0.022412094531249992 0.028124980555555564
0 0.5745845792968749 0.37773411805555557 0.019775377343750032 0.0445312194444444