4 0.49501242851562494 0.4009600013888889 0.016007908593749943 0.028458505555555527
5 0.31790707148437497 0.4304348909722222 0.010004942968749963 0.012450595833333328
0 0.32956283203125 0.4562254118055556 0.010004943750000005 0.012450595833333328
0 0.35057321249999995 0.4455534722222222 0.02801384062500003 0.04446641388888884
0 0.366581121484375 0.4491107861111111 0.008003953906249972 0.03023716388888889
0 0.379087301171875 0.45088944305555556 0.02101038046874999 0.04446641666666661
0 0.39809669375 0.45266809791666673 0.035017303124999975 0.048023726388888834
0 0.40760138867187495 0.45800406875 0.03201581796875006 0.05513835416666666
0 0.41310410781249995 0.46867600763888884 0.019009392187499953 0.05158103750000002
0 0.45112289335937505 0.459782725 0.06903411015624998 0.10494073888888886
0 0.4786364867187499 0.4775692902777777 0.08404152343750004 0.10138342499999999
0 0.616704709765625 0.4962451861111111 0.19409589765624996 0.2596838638888889
0 0.826208216015625 0.58251003125 0.34617103671875 0.425098926388889
0 0.316656453515625 0.4544467555555555 0.009004449218749988 0.023122533333333372
0 0.308152251953125 0.45177876944444445 0.01400692109374999 0.02845850277777776
0 0.304650521875 0.4544467541666667 0.013006424999999978 0.026679847222222167
0 0.298647555859375 0.45266809791666673 0.009004449218749988 0.030237159722222153
0 0.28113890546875 0.45266809861111107 0.03601779687500004 0.058695666666666646
0 0.2586277828125 0.46334003819444447 0.03301631249999999 0.0658102930555556
0 0.2226099859375 0.4740119777777778 0.07103509687499998 0.10138342499999999
3 0.149198701171875 0.5360108715277778 0.05302619921875 0.15474312083333336
3 0.09717299609375 0.5155563208333334 0.0570281765625 0.21699610277777776
3 0.12518683749999998 0.46130729722222225 0.025012359374999994 0.07292492222222222