0 0.30446900390625 0.4844717284722222 0.19484539218750002 0.10103094305555554
0 0.462757808984375 0.5146392729166667 0.013917527343750003 0.012371137499999997
0 0.4533688007812501 0.513775117361111 0.011376631250000014 0.018890245833333333
3 0.4436212062499999 0.5136083472222222 0.005798970312500007 0.01855670555555559
0 0.438982032421875 0.5167011291666667 0.008118558593749992 0.016494850000000047
0 0.43144337148437495 0.5156702027777779 0.006958764843750043 0.01855670555555559
0 0.42502761328125 0.5177320562500001 0.0057251906250000316 0.01855670416666671
0 0.410567076953125 0.5197939145833333 0.020876292968750043 0.018556706944444397
0 0.47261605781250005 0.5053609201388889 0.010438146874999976 0.01855670416666671
0 0.50018958671875 0.5135069 0.08054883906250003 0.022477524999999964
0 0.6593428929687499 0.50845370625 0.061469084375000003 0.028865984722222276
0 0.7092140347656251 0.5094846333333334 0.045231966406250025 0.018556705555555515
4 0.504510391015625 0.46762894930555554 0.013917527343750003 0.024742270833333337
4 0.504510392578125 0.4511341013888889 0.006958764843749954 0.01649484722222228
0 0.58917535546875 0.5160825652777778 0.03943299531250002 0.014432991666666655