0 0.024537622265625 0.5840815090277778 0.04907524453125 0.11387752638888891
0 0.859756026171875 0.7111631694444444 0.27965844140625 0.37906125555555564
0 0.44994250625000004 0.5404590694444444 0.017563771875000002 0.03673468611111106
0 0.43909429453124993 0.5468876395833333 0.018596934375000006 0.03857142083333337
0 0.41843103359375 0.5468876402777778 0.03719387031250001 0.06061223333333332
0 0.40345016953124996 0.5615815131944444 0.02996172812500002 0.07163263749999997
0 0.37297185937500005 0.554234576388889 0.043392846875 0.11938773055555553
0 0.22367979960937498 0.5289794791666667 0.09608416328125 0.0734693722222222
0 0.320797125390625 0.5693876347222223 0.12294640234375001 0.1469387444444445
0 0.508394494140625 0.5647957986111111 0.11104938359374997 0.1818366972222223
0 0.63677281875 0.6042855854166667 0.10124997812499999 0.12857140138888892