4 0.389249762109375 0.3399061673611111 0.015440153906249999 0.019963026388888888
4 0.387846112890625 0.35737381597222223 0.01122920234375 0.007486134722222262
0 0.58033922265625 0.35247218750000003 0.013334678124999933 0.021210716666666702
0 0.5375278890625 0.3518483416666667 0.01193102656249998 0.017467647222222264
0 0.550862566015625 0.3512244972222222 0.018949280468750017 0.016219958333333336
0 0.674734715625 0.3593344763888889 0.03509125781249996 0.03243991666666671
0 0.707720497265625 0.3643252326388889 0.014036502343750002 0.03243991805555559
0 0.74281175546875 0.3449860520833333 0.03509125781249996 0.01621995972222222
0 0.771937499609375 0.3399952951388889 0.027371180468750023 0.026201473611111106
0 0.79720320390625 0.34560989375 0.04702228437500002 0.0474121875
0 0.502331350390625 0.3637013888888889 0.02245840390625 0.02744916111111107
3 0.6087236578125 0.35247218611111114 0.012632853124999954 0.05614601111111115