5 0.46094755507812496 0.3410153902777778 0.00659179296875001 0.035156224999999985
5 0.300767001171875 0.3808591131944444 0.007910150781250014 0.03515622638888887
5 0.46688016835937507 0.3421872645833333 0.007910150781250014 0.03281247638888887
5 0.45567412109375 0.3386716423611111 0.006591792187500012 0.03046872916666664
5 0.30604043515625 0.3785153645833333 0.005273434375000008 0.02109373472222218
5 0.5215920445312501 0.4371090743055556 0.006591792187500012 0.02109373472222218
5 0.541367421484375 0.4160153388888889 0.014501942968750025 0.021093736111111146
4 0.5433449593749999 0.3585935034722222 0.021093735937500035 0.009374993055555574
4 0.5420266011718751 0.3761716166666667 0.007910150781250014 0.021093736111111146
4 0.449741508203125 0.4382809486111111 0.007910150781250014 0.018749986111111068
4 0.43919464023437504 0.43242157777777773 0.007910150781250014 0.025781233333333296
5 0.38711948085937503 0.42656220625 0.003955075781249961 0.018749987499999954
1 0.054143332421875 0.48515591666666663 0.10828666484375 0.07968744444444442
0 0.34559118906249997 0.4593746847222222 0.013183584375000024 0.028124980555555606
0 0.340317755078125 0.47343717500000004 0.021093735156249994 0.028124980555555526
0 0.33504432109375 0.4851559159722222 0.031640603125000014 0.04218747083333333
0 0.24935102109375 0.4769527965277777 0.03427732031249997 0.03046872916666664
0 0.222324672265625 0.4781246708333334 0.02768552734374996 0.028124980555555526
0 0.19463914453125 0.4874996645833333 0.0514159796875 0.04218747083333333
0 0.13069875859375 0.4886715388888889 0.04482418749999999 0.04453121944444444
0 0.357456415234375 0.4570309354166667 0.010546867968749974 0.014062490277777803
0 0.46951688515625 0.4476559423611111 0.015820301562500028 0.02343748472222226
0 0.48665554531250005 0.46757780347222216 0.018457018749999943 0.0398437236111111
0 0.516977790234375 0.4769527972222223 0.05800777265625001 0.04921871666666667
0 0.530161374609375 0.5097652743055556 0.036914036718749973 0.08671869027777777
0 0.590805864453125 0.4769527965277777 0.12128897890625004 0.1148436708333333
0 0.6593605046875 0.5707027326388888 0.258398259375 0.2835935541666666
0 0.4049173203125 0.45468718680555553 0.09492180937499999 0.04218747083333341
0 0.43326202734374997 0.6389058069444444 0.23862288281250002 0.3403122583333333
0 0.97642571640625 0.6942182659722222 0.0461425468749999 0.05156246527777779