5 0.23420729882812502 0.31760534444444444 0.007993422656250004 0.03552632500000001
5 0.39407576093749996 0.35171061736111114 0.007993423437500003 0.029842112500000004
5 0.22341617695312496 0.3176053465277778 0.008792766406250018 0.03268422083333336
5 0.38648200859375 0.3538421993055556 0.007194079687499988 0.025578956944444422
5 0.23500664023437504 0.4284474805555556 0.006394738281250012 0.018473688888888912
5 0.22821223046875 0.4419474847222222 0.010391450000000014 0.01421053055555556
4 0.09991778906250001 0.3552632506944444 0.020782900000000003 0.014210529166666635
4 0.166113319140625 0.43068057083333333 0.010891027343750003 0.022533825000000007
4 0.20862834335937502 0.425605375 0.011190792968749984 0.04689474999999995
0 0.8896679953125 0.4533159076388889 0.043164484375 0.028421059722222235
0 0.8413077855468749 0.4597106458333334 0.034371719531250025 0.021315797222222224
0 0.8153291585937501 0.45544748611111113 0.015986845312500008 0.012789477777777829
0 0.6830380070312501 0.55278961875 0.20862834374999997 0.26715796527777774
0 0.44203629882812506 0.6458685895833334 0.35970403828125 0.5357369791666667
1 0.30854613359375 0.4447895895833333 0.049559223437499966 0.08242107361111116
0 0.173057611328125 0.5066053923611111 0.07913488984375001 0.10089475694444446
0 0.084170734765625 0.5307632965277778 0.13189147890625003 0.13215792916666666
0 0.256806892578125 0.5072715131944444 0.06554607109375002 0.0838421263888889