4 0.29604800976562495 0.20561232847222222 0.026690061718750036 0.06734697083333333
4 0.42734589921875 0.3135205409722222 0.018941334375000007 0.03826532361111114
4 0.42734589960937497 0.34183688055555556 0.012053575781250015 0.018367355555555537
4 0.429498324609375 0.3663266868055556 0.01635842578125004 0.024489806944444463
4 0.4536054769531249 0.35561239722222227 0.011192607031250024 0.02448980833333335
4 0.45489693281250004 0.3755103645833333 0.00860969843749997 0.012244904166666654
4 0.478143115625 0.3617348486111111 0.027551032812499977 0.02448980833333335
4 0.50483317890625 0.36096954166666667 0.018941334375000007 0.022959194444444483
4 0.537119545703125 0.3602042368055556 0.014636486718749975 0.024489806944444463
4 0.6098714921874999 0.3793368965277778 0.013775517187499985 0.026020420833333287
4 0.6115934308593751 0.34872464027777783 0.01205357734375001 0.03520409722222225
4 0.70931350078125 0.35790831666666667 0.02669006249999999 0.044387774999999983
0 0.539271970703125 0.41530630138888885 0.039604608593750076 0.04897961388888884
0 0.479004086328125 0.44362264027777787 0.08954085703125 0.1423470027777778
0 0.20478521289062498 0.40076547847222216 0.07146049140624999 0.07806125972222218
0 0.159153814453125 0.40306139722222223 0.035299760156250005 0.06734696944444446
0 0.102760294921875 0.4114797694444444 0.12742352734375 0.12397964999999998
0 0.0311473578125 0.4252552840277778 0.062294715625 0.11785719583333329
0 0.86385757578125 0.4987247055555556 0.26862257031250003 0.28928584444444444