4 0.533707295703125 0.36479475902777775 0.010722886718749968 0.019062909722222247
4 0.8948736019531249 0.02252889236111111 0.03899231328125001 0.04505778472222222
5 0.44451237734374993 0.3569962972222222 0.003899232812500042 0.02079590000000001
5 0.500563828125 0.3535303138888889 0.004874039062500035 0.013863933333333339
3 0.2251806125 0.4479783611111111 0.027294620312500007 0.10917847777777784
3 0.3153503375 0.3985880951388889 0.008773270312499993 0.03812581805555561
3 0.5741618207031249 0.41071903750000005 0.017546541406249984 0.0623877027777778
3 0.5210347933593751 0.4107190388888889 0.018521349218749972 0.07971761944444443
3 0.582447687890625 0.40292057499999995 0.012672502343750036 0.046790777777777806
0 0.11941396132812501 0.5389604270833332 0.23882792265625002 0.4644417819444444
0 0.9621669804687499 0.6163705826388889 0.07414866718750002 0.2830616986111111
0 0.6804158765625 0.4471118652777778 0.14817079218749996 0.15596925555555557
0 0.356779671484375 0.4427793868055556 0.07798462734375003 0.13344036527777778
0 0.398209005078125 0.4367139145833333 0.028269427343750042 0.05892171805555554
0 0.4016208328125 0.4263159659722222 0.042891545312500015 0.05545573472222224
0 0.428428047265625 0.42111698888888893 0.02047096484375004 0.05198974999999998
0 0.43963833867187496 0.4141850236111111 0.013647310156250026 0.03119384999999997
0 0.450361225 0.4133185263888889 0.007798462500000003 0.02599487500000003
0 0.55174124140625 0.41938399930555553 0.04094192968750008 0.05545573472222224
0 0.5083622921875 0.40985254513888886 0.010722885937499971 0.03639282638888888
0 0.50056382890625 0.40811955277777784 0.008773270312499993 0.0329268416666667
0 0.45474786015625 0.39945459375 0.016571732812499997 0.015596923611111101
0 0.492277962109375 0.3925226270833333 0.00974807890624998 0.012130943055555576
0 0.47765584531250005 0.4098525423611111 0.015596925000000006 0.02946085694444444
4 0.8988562281250001 0.08723669583333334 0.06419182343749999 0.07526984444444446