5 0.396457850390625 0.4220480895833333 0.008576099218749977 0.02356261805555554
5 0.53042693671875 0.41095980069444443 0.00935574531250003 0.026334693055555566
3 0.7023387660156251 0.4955080215277778 0.010135389843749999 0.02079054861111113
3 0.758473241015625 0.5218427125 0.01949113515624994 0.08732029444444443
6 0.564341515234375 0.5391681659722222 0.017931849218749997 0.05266938194444448
0 0.494996929296875 0.5010521659722221 0.010135389843749999 0.02356261805555554
0 0.50006462421875 0.4989731124999999 0.00779645468750001 0.016632436111111086
0 0.505522141015625 0.5010521701388889 0.0077964554687500074 0.0207905513888889
0 0.5086407234375 0.5003591500000001 0.00779645468750001 0.019404511111111116
0 0.44003192109375 0.5065963118055555 0.02027078124999999 0.03465090972222226
0 0.51877612734375 0.5024382034722222 0.020270784374999982 0.03187883750000001
0 0.54048923671875 0.5045172597222223 0.020270784374999982 0.03465090833333338
0 0.54945516015625 0.5093683861111111 0.016372556249999982 0.036036950000000054
0 0.566607358203125 0.5065963152777778 0.019491136718750024 0.03880901944444446
0 0.328815484375 0.5003591500000001 0.010135390624999996 0.019404511111111116
0 0.31751062578125 0.4975870743055556 0.012474329687500018 0.022176579166666637
0 0.30659558710937496 0.49689405763888883 0.009355746093749983 0.01801847083333333
0 0.29646019921875 0.4996661298611111 0.012474328125000022 0.020790545833333358
0 0.28320622265625 0.49689405763888883 0.014033618749999999 0.01801847083333333
0 0.7100621296874999 0.5433262770833333 0.031185818749999948 0.08039011249999999
0 0.46993131796875004 0.5218427145833333 0.05379553906250001 0.08870633194444437
0 0.6363856304687501 0.5246147854166666 0.12084505000000005 0.1746405875
2 0.3716959875 0.5045172604166667 0.08420171406249995 0.15939419305555558
0 0.051472425 0.498505948611111 0.0674431421875 0.07153556388888889
0 0.0801572953125 0.6410418708333333 0.160314590625 0.3728438