5 0.49807205000000004 0.3536212048611111 0.009360560937499951 0.0166409986111111
5 0.388085453515625 0.35466126666666664 0.009360561718749993 0.01872112222222218
4 0.5483850671875 0.36818207847222223 0.011700703125 0.020801245833333346
4 0.578806891015625 0.3577814555555555 0.009360561718749948 0.02080124722222219
4 0.590507593359375 0.3671420166666667 0.011700700781250007 0.027041622222222252
4 0.550725208203125 0.3869032027777778 0.011700703906249998 0.01248074999999997
5 0.345377893359375 0.37234232916666665 0.008190489843750015 0.02080124722222223
5 0.60864368046875 0.3785827034722222 0.00585034999999996 0.0166409986111111
4 0.57822185625 0.37338239097222226 0.010530631249999978 0.01456087361111113
0 0.51854827734375 0.41290476111111113 0.0269116140625 0.052003119444444385
0 0.6115688550781251 0.40562432430555556 0.016380982031250026 0.033281995833333314
0 0.55365038203125 0.42018519722222225 0.019891192187500017 0.04160249444444446
0 0.45419441953124995 0.4139448236111111 0.01755105312500005 0.02912174722222226
0 0.436058330078125 0.40978457291666665 0.025741544531249973 0.033281995833333314
0 0.661881873046875 0.4430665701388889 0.06084364921874998 0.10400623750000003
0 0.70809964375 0.45450725625 0.09243554375 0.13104785972222224
0 0.338357471484375 0.4274656340277778 0.019891191406249974 0.0395223708333333
0 0.324316629296875 0.43370600694444444 0.022231332031249985 0.04368261944444451
0 0.300915228125 0.44098644444444446 0.04095245468749997 0.04576274166666663
0 0.260547807421875 0.44306656805555555 0.035102103906250015 0.06240374166666669
0 0.224275631640625 0.4524271305555555 0.05616336796874999 0.07280436388888892
0 0.1739626140625 0.46074763055555557 0.06318378906250002 0.08528511388888889
0 0.09264273710937501 0.47322837777777776 0.13689821171875 0.1227273611111111
0 0.4079766484375 0.4243454479166667 0.028081684374999936 0.04160249583333334
0 0.36994936640625 0.4305858215277778 0.04563273593749999 0.06240374305555558
0 0.485201276953125 0.44202650763888884 0.05382322734375 0.09360561250000003
0 0.5793919265625 0.4295457597222222 0.04797287812499995 0.060323619444444414
0 0.6115688550781251 0.4378662590277778 0.016380982031250026 0.0270416236111111
3 0.7449568546875 0.3713022659722222 0.02106126406250004 0.07696461527777779
3 0.7268207671875 0.3723423284722222 0.012870771874999942 0.06240374305555558
0 0.8549434511718751 0.4191451361111111 0.2878372601562501 0.5553933083333333