4 0.6626564015625 0.23835920277777778 0.01450194531250002 0.05859371111111113
4 0.61124041953125 0.3227341458333333 0.009228509375000016 0.021093736111111108
4 0.53147973359375 0.33210914027777777 0.010546868749999928 0.021093733333333337
4 0.41019075351562506 0.3262497673611111 0.013183585156250021 0.02343748472222222
4 0.340317755078125 0.29343729097222226 0.010546867968749974 0.018749987499999992
4 0.31658730390625 0.32507789444444446 0.015820301562499983 0.016406238888888917
4 0.61058124140625 0.2887497944444445 0.021093735937500035 0.018749986111111106
4 0.7259376078124999 0.25007794583333337 0.022412095312499946 0.016406238888888876
4 0.7259376066406251 0.2852341715277778 0.011865225781250021 0.03515622638888887
3 0.783945379296875 0.36140599375 0.027685528906249958 0.13124990972222225
3 0.7206641734375 0.35554662291666667 0.02241209375000004 0.08671869027777773
3 0.650131994921875 0.37781223333333336 0.013183585156250021 0.07968744444444442
3 0.6039894484375 0.36140599444444443 0.013183584375000024 0.05624996111111113
3 0.5697121292968751 0.36726536666666665 0.013183585156250021 0.05390621388888894
3 0.55982443984375 0.3731247375 0.009228507812500019 0.04218746944444448
4 0.82151859609375 0.29929666041666664 0.013183584375000024 0.03046872638888887
0 0.31592812382812496 0.3754684847222222 0.017138660156249985 0.03749997500000006
0 0.271103935546875 0.4035934659722222 0.10415031953125001 0.13124990972222222
0 0.5084084597656251 0.3649216173611111 0.019775377343750032 0.03046872916666668
0 0.529502195703125 0.3672653659722222 0.03032224609374996 0.049218718055555596
0 0.47413113906250004 0.37078098958333333 0.022412093749999952 0.03749997361111114
0 0.35613805703125 0.38132785625000004 0.06328120625000003 0.08671869027777777
0 0.13069875859375 0.40593721388888887 0.24521467500000002 0.25312482499999994
0 0.38829718515625 0.3749997402777778 0.028791449999999986 0.06611370000000001