4 0.618518809375 0.43340389236111115 0.020201031250000057 0.03428053472222222
4 0.619437037109375 0.45870619097222226 0.018364572656250022 0.013059248611111072
4 0.6848148675781249 0.4611548 0.018364572656250022 0.05386940833333335
5 0.37078072031250003 0.4588694430555555 0.0055093718749999795 0.01795646944444442
5 0.43505672109375004 0.4760097076388889 0.0036729156249999837 0.019588876388888822
0 0.42008957773437494 0.5486517944444445 0.02295571484374994 0.04733978333333337
0 0.4412088359375 0.5462031805555556 0.008264057812499993 0.029383311111111175
0 0.39024715039062496 0.5413059625 0.009182288281250006 0.02285368888888889
0 0.38152397734375 0.5470193854166666 0.021119257812499993 0.0408101597222222
0 0.37234169140624995 0.5559976201388889 0.015609885937500012 0.04897219027777785
2 0.30852480351562506 0.4849879444444445 0.044074971093749984 0.021221283333333375
0 0.304851890625 0.5355925430555555 0.020201029687499972 0.08978235000000004
0 0.2660567328125 0.5301239701388889 0.07988588749999996 0.12406288472222227
0 0.33767856210937497 0.53665359375 0.05784839921875 0.12079807083333331
0 0.48436558046875 0.5546916909722223 0.008264057812499993 0.019588876388888822
0 0.490334063671875 0.5604051124999999 0.011018742968749962 0.03101571944444438
2 0.52917515 0.5357557902777778 0.06519422968750002 0.10447400555555551
0 0.557456581640625 0.5577932791666668 0.06519423203125001 0.08651753888888886
0 0.45847154921875005 0.5520798555555556 0.03764737343749998 0.052237002777777757
0 0.40980543437500005 0.5561608736111111 0.037647370312499984 0.05060459722222224
0 0.146916573046875 0.56195589375 0.09733222890625001 0.12896010416666664