5 0.19179279062500001 0.39709943541666665 0.015592909374999997 0.07068785972222223
5 0.6127335296875 0.06791578541666667 0.03260946093750006 0.12197120416666667
3 0.156318920703125 0.6091630069444444 0.021050428906249995 0.1178130944444445
3 0.1114893046875 0.5842143534722223 0.02338936562499999 0.11226895138888887
3 0.1438445921875 0.5883724611111111 0.022609718749999997 0.11781309444444443
3 0.34967100156250003 0.5668889 0.010135390624999996 0.0360369472222222
6 0.33680685117187503 0.5966886819444445 0.04833802109374998 0.04296712777777777
6 0.344213483984375 0.59045151875 0.021050428906249995 0.036036948611111085
6 0.37072143046875 0.5869864270833334 0.02572830156250001 0.03742298472222221
6 0.3789077078125 0.5807492618055556 0.028067237499999998 0.038809018055555575
0 0.5703106757812499 0.5592656972222222 0.019491137500000023 0.0346509083333333
0 0.57615801640625 0.5467913701388889 0.017152201562499948 0.03742298472222221
0 0.499752758203125 0.5502564611111112 0.01247432734374998 0.016632436111111086
0 0.49156648203125003 0.5350100604166667 0.007016809375000044 0.016632437500000048
0 0.49975275859375 0.5273868604166667 0.004677871874999973 0.02079054583333328
0 0.553548298046875 0.5294659152777778 0.01247432734374998 0.011088288888888877
0 0.5395146789062499 0.5280798763888889 0.014033618749999999 0.013860363888888906
0 0.50598992265625 0.5246147875 0.009355745312499941 0.023562619444444502
0 0.5239217691406249 0.5065963145833333 0.010915036718750049 0.015246398611111071
0 0.521193010546875 0.51768460625 0.007016810156249953 0.012474329166666662
0 0.53011141875 0.5993696958333334 0.09502172187500006 0.12594719722222222
0 0.779645490234375 0.5849073708333334 0.20114853828124996 0.28552350555555556
0 0.637750010546875 0.5758981333333334 0.07796454921875 0.10118065833333334
0 0.41204264101562504 0.5655028618055555 0.038202628906250036 0.052669384722222254
0 0.4377709429687499 0.5648098423611111 0.017931846875 0.029106765277777828
2 0.700511471484375 0.5211496972222223 0.11928576015625003 0.17464059166666665
0 0.48377002695312504 0.5474843881944444 0.013253972656249946 0.027720729166666697
4 0.8264242187499999 0.33264874305555553 0.02962652812499993 0.05544145833333335
4 0.826034396875 0.3686856875000001 0.019491137500000023 0.022176583333333375
4 0.8388985468750001 0.40125754652777773 0.02027078281249999 0.040195056944444474
3 0.94493033359375 0.5668888972222221 0.023389365625000026 0.13305949722222224
0 0.544582373828125 0.5135264951388889 0.013253972656250034 0.015246398611111071
0 0.5527686523437499 0.5135264951388889 0.00779645468750001 0.0180184736111111
0 0.5656328027343751 0.5232287506944444 0.016372555468749984 0.0180184736111111
0 0.5087186820312499 0.5079823486111111 0.008576099999999975 0.015246400000000035
4 0.6841389175781251 0.11573404027777777 0.06003270234375 0.04296712777777777