5 0.5018818832031251 0.2903689569444445 0.010970096093749947 0.03683785277777779
5 0.189843602734375 0.25894843333333334 0.010970096093749993 0.043338649999999986
5 0.136212023828125 0.40521637777777786 0.013407894531249997 0.019502391666666657
5 0.654244324609375 0.4106337104166667 0.02072129296874996 0.017335462500000016
5 0.202642047265625 0.2611153652777778 0.00975119765625001 0.03467091944444441
5 0.18131130507812498 0.26003190069444443 0.00853229765625001 0.036837851388888905
5 0.509804729296875 0.29036895625000003 0.007313396093750058 0.032503987500000005
5 0.492740136328125 0.29145242222222223 0.007313396093750058 0.03467091944444441
5 0.6298663343750001 0.40738331111111103 0.013407895312499996 0.019502391666666657
4 0.57257805703125 0.3943817159722222 0.01584569531250004 0.015168526388888874
4 0.5439339171875 0.3824635868055556 0.012188995312500062 0.026003190277777814
0 0.46104874921875005 0.4463880972222223 0.012188995312499973 0.019502391666666657
0 0.471409394921875 0.46480702291666665 0.015845694531249954 0.021669320833333373
0 0.4872550890625 0.46480702152777775 0.015845693750000046 0.03033705416666671
0 0.40376047109375 0.4312195701388889 0.012188995312500017 0.015168526388888874
0 0.393399823828125 0.43772036527777786 0.006094497656249987 0.019502391666666657
0 0.38425807812499996 0.43772036527777786 0.014626793749999978 0.019502391666666657
0 0.31295245625 0.46264009166666664 0.010970095312499994 0.017335458333333362
0 0.41473056601562497 0.43880383194444444 0.01218899609374997 0.02166932499999995
0 0.404369920703125 0.46372355625 0.020721292968750048 0.028170123611111108
0 0.433014059765625 0.43121956875 0.009751196093750015 0.019502395833333314
0 0.4384991078125 0.4658904888888889 0.037785885937499944 0.06284103888888887
0 0.504319682421875 0.4691408868055556 0.020721291406250054 0.03467091805555553
0 0.3793824796875 0.46697395555555554 0.026815790624999992 0.04333865000000006
0 0.3580517390625 0.46697395347222226 0.01828349375 0.030337051388888862
0 0.335502096875 0.46589049027777774 0.021940192187499985 0.03683785277777779
3 0.269376797265625 0.46552933958333337 0.004875597656250008 0.03683785416666668
0 0.6729848875 0.4527341020833333 0.049974882812499996 0.028170120833333336
0 0.633980102734375 0.5101578138888889 0.07922846953124996 0.10834662777777784
0 0.704676274609375 0.5242428736111111 0.11579545546875006 0.1365167472222222
0 0.815596133203125 0.5686649909722222 0.20599402109375003 0.19069006250000003
0 0.943580582421875 0.58816738125 0.11091985546875005 0.2947028208333334
0 0.75547608046875 0.45577682430555555 0.02924423593749994 0.031193851388888857