5 0.146795346484375 0.1862245736111111 0.018080363281249977 0.05510206388888891
5 0.296604088671875 0.1678572215277778 0.019802303906249995 0.06734697361111112
5 0.065433703125 0.31658178124999997 0.013775515625000002 0.026020415277777785
5 0.0779177671875 0.31913279791666666 0.007748728125000004 0.022959195833333328
5 0.274218873046875 0.33061239305555556 0.011192607031250024 0.018367358333333347
5 0.23590571875 0.32372463611111113 0.006887759374999991 0.010714286111111132
5 0.13431128359375 0.18545926666666668 0.010331631250000006 0.04744900277777777
5 0.28067614609375 0.16785722013888887 0.010331634375000042 0.06122452083333331
4 0.082222615625 0.25535726180555557 0.01635842500000001 0.032142873611111095
0 0.300047966015625 0.39642875000000005 0.03702170078125002 0.03979593611111112
0 0.266470145703125 0.4017858923611111 0.02841200546875 0.04438777361111113
0 0.20103644296874998 0.4102042666666667 0.0232461890625 0.048979613888888926
0 0.23375329335937503 0.41326549513888894 0.043909457031249974 0.06122451805555558
0 0.168176096875 0.4109695701388889 0.0619898203125 0.1147959680555556
0 0.344244417578125 0.45663287013888887 0.09556764609375001 0.09795922916666673
0 0.478412207421875 0.42500019513888887 0.06887758046875003 0.07959186527777781
0 0.0955676453125 0.4640308326388889 0.191135290625 0.22806133472222218
0 0.29359069296875 0.5563777993055555 0.21524244687499997 0.26173480972222224