0 0.523490146875 0.23665173611111112 0.06585107500000005 0.055102030555555556
0 0.306145004296875 0.24859050902777777 0.02169642265624998 0.023877545833333336
0 0.22400854335937498 0.24308030555555554 0.07852039140625003 0.06795916944444448
0 0.9670406109375002 0.24520402916666664 0.02169642343750002 0.03857141944444445
0 0.9520597472656249 0.2534693347222223 0.022729588281250025 0.058775500000000015
0 0.928296997265625 0.2617346375 0.03512754296875009 0.08632651111111111
0 0.9830546375000001 0.2589795368055555 0.03306121718749999 0.07346937361111112
0 0.38846930546875 0.2406121951388889 0.15187496718750002 0.14693874583333336
2 0.418947614453125 0.21397954791666665 0.12811221796875003 0.1010203875
0 0.665357001171875 0.26724484097222223 0.13327803203124997 0.12673466527777777
0 0.8549424210937501 0.24612239652777776 0.11984691406250007 0.18367343194444444
0 0.10492343281249998 0.23809624652777778 0.208698934375 0.47619249305555555