0 0.01386768671875 0.47444982916666667 0.0277353734375 0.05764998333333335
0 0.53138192421875 0.53755049375 0.13463917343750004 0.07348791249999999
0 0.39288836796875 0.5222177034722222 0.12969169375000003 0.07693574583333339
0 0.23859144531249998 0.49129360694444446 0.14812050624999998 0.09801044444444444
0 0.07179046210937501 0.48335096875 0.10532523671875 0.07045225416666673
4 0.634547823046875 0.2265624111111111 0.03871639765625003 0.013124994444444442
4 0.5821872976562499 0.31281237708333337 0.03374998749999998 0.020624987500000025
4 0.703476316796875 0.29093738055555557 0.04007811171875 0.024374991666666665
5 0.112333817578125 0.06268466111111111 0.022167707031249994 0.09786935
5 0.46986311601562497 0.07968747430555556 0.02003905234375001 0.09562496805555555
5 0.728261464453125 0.24562491597222222 0.01792968203125005 0.06374997916666669
5 0.5621482398437501 0.2503124118055556 0.014765617187500002 0.050624984722222204
5 0.8822457847656249 0.29937489027777775 0.045351547656249915 0.08624996666666666
4 0.9015174800781249 0.45535266944444447 0.02061371015624989 0.029294308333333338
4 0.5811039289062501 0.2768802083333333 0.021040628125000006 0.031126538888888867
3 0.746655394140625 0.5474813951388889 0.01625866640625002 0.06801011250000003
4 0.149197180859375 0.38709089166666666 0.011476705468750015 0.017002527777777724