4 0.37810021328125 0.4123219902777778 0.020393943749999987 0.02985779999999999
4 0.41109041640625 0.44431249027777775 0.011996437500000035 0.025592400000000026
4 0.48006993203125 0.4645731402777778 0.020393943749999987 0.031990499999999936
4 0.704403314453125 0.4464451902777778 0.02759180703124997 0.04691940000000001
0 0.4692731378906251 0.5498811402777778 0.015595367968750029 0.040521300000000024
0 0.48786761640625 0.5584119416666666 0.03359002499999999 0.06611370277777774
0 0.48966708203125 0.5733408416666667 0.017994656249999963 0.04478670277777784
0 0.5004638765625 0.5754735416666666 0.03239038281250002 0.07037910277777779
0 0.5184585332031251 0.5829379916666666 0.04918539453125002 0.08104260277777782
0 0.5880378710937499 0.5936014909722223 0.11156686875000003 0.15355439861111111
0 0.6534184546875 0.5626773416666666 0.035989312500000016 0.05331750277777777
0 0.7943765953125 0.6981037909722223 0.37068991875 0.39668220138888893
0 0.42908507265624996 0.5722744909722222 0.07677720000000003 0.11943120138888894
4 0.48306904140625007 0.49976269027777775 0.011996437499999946 0.02132700000000006
4 0.41708863515624994 0.4741702895833333 0.00959715000000001 0.01706159861111113
3 0.10398161562500001 0.4517769402777778 0.05518361406250001 0.2964453