4 0.162951058203125 0.48144337916666663 0.10322166796875001 0.09690723055555558
4 0.02899485 0.5288660666666667 0.0394329953125 0.059793825000000016
4 0.27939438671875 0.4412371868055555 0.022036085937499995 0.016494845833333313
4 0.254458815234375 0.4896908020833334 0.07886599296874999 0.08041238472222226
4 0.30085057578124996 0.5618557625 0.013917528125 0.030927838888888854
4 0.3020103703125 0.5381444180555556 0.013917528125 0.012371136111111111
5 0.29992273750000004 0.5216495708333333 0.0069587640625 0.024742274999999994
4 0.342487173828125 0.5752578284722222 0.005798971093750005 0.02061855972222225
4 0.569922768359375 0.4134021305555556 0.01855670390624997 0.043298975000000045
4 0.578041325390625 0.5298969930555556 0.011597939843749927 0.0164948472222222
4 0.23230674375 0.5855671076388889 0.012757734375000006 0.02061855972222225
4 0.23636602226562503 0.6072165944444444 0.034793821093749996 0.039175266666666646
0 0.057989700390624996 0.6096908152777778 0.016237116406250002 0.018556702777777823
0 0.088144344140625 0.6065980326388889 0.020876292968749998 0.03298970138888883
0 0.1038015640625 0.6375258722222222 0.022036085937500005 0.024742272222222222
0 0.078286095703125 0.6478351506944444 0.02435567421875 0.037113404166666676
0 0.05277062734375 0.6478351506944444 0.024355673437499996 0.037113404166666676
0 0.01623711640625 0.6612372166666667 0.018556704687499998 0.03505155277777779
0 0.0359536140625 0.6581444319444445 0.016237115625 0.037113408333333334
0 0.19681704882812498 0.6663918555555556 0.07538661015624999 0.0742268138888889
0 0.364059348828125 0.6076289597222222 0.01275773359375001 0.014432991666666735
0 0.314768103515625 0.6158763847222222 0.009278352343749985 0.018556702777777743
0 0.307229442578125 0.6158763840277778 0.0057989695312500086 0.022680415277777793
0 0.290992326171875 0.6220619513888889 0.01739691015624998 0.018556702777777823
0 0.26721654921875004 0.6292784486111112 0.01623711562500003 0.024742272222222222
0 0.32694594023437495 0.6292784493055555 0.02667526171875001 0.03711340972222222
0 0.49708771796875 0.6096908152777778 0.020876292187499958 0.043298975000000045
0 0.517964009375 0.6107217430555555 0.03247423124999997 0.045360830555555585
0 0.54405937421875 0.6127836000000001 0.03131443750000003 0.04536083611111105
0 0.5771135035156251 0.6138145263888889 0.03479381953125005 0.04742268888888882
0 0.61016763359375 0.6138145263888889 0.03595361406249999 0.04742268888888882
0 0.640902175390625 0.6138145284722222 0.03015464609375007 0.05567011250000004
0 0.66989702578125 0.6169073111111112 0.02783505625 0.0577319666666667
0 0.69715218359375 0.6138145270833333 0.028994851562500035 0.06804124861111108
0 0.7344975296875 0.6138145277777778 0.07074743437500004 0.0762886722222223
0 0.7611727921875 0.6179382395833333 0.08698454999999994 0.05979382361111113
0 0.809304243359375 0.6189691666666667 0.06262887578124995 0.07835052777777776
0 0.85546406484375 0.6311341215277778 0.09695882187500011 0.06639175694444448
0 0.9804898804687501 0.5787629756944445 0.037113406249999946 0.04329897638888885
0 0.9311986343750001 0.6220619520833334 0.1356958984375 0.12164950416666669
0 0.4124227550781249 0.6350516513888889 0.06030928828124997 0.0865979527777777