0 0.313403662890625 0.49924572986111115 0.14041286171874998 0.13245294583333336
0 0.42834197929687495 0.4980003652777778 0.09586787265624994 0.10988364444444443
0 0.49582791562499995 0.49800036597222225 0.0643323875 0.07400327083333333
0 0.53943698828125 0.4957578416666667 0.04919535625 0.07400326944444444
0 0.14893758750000002 0.5159405520833333 0.1980428421875 0.18164439027777773
0 0.7076562714843749 0.46756611666666664 0.07694658203125 0.01794018611111107
0 0.6679215613281251 0.5617520972222222 0.06811664609374998 0.17491681944444445
0 0.76442014296875 0.6301490569444445 0.24849961718750002 0.31619579166666667
0 0.87336735859375 0.7041523284722222 0.25069133750000006 0.49784018194444446
0 0.023966968359375 0.5172753847222222 0.04793393671875 0.2526576222222222
3 0.03531974296875 0.4335545194444445 0.027751225 0.06727570000000004