3 0.37337708203125 0.7750349958333332 0.012621196874999985 0.03926594444444444
3 0.360230003125 0.7834491270833334 0.009465898437500009 0.029916912500000118
0 0.3481346890625 0.7825142229166668 0.010517665624999983 0.03178671805555556
0 0.331306425 0.7815793194444445 0.018931796875000018 0.04861498333333335
0 0.316055811328125 0.7843840326388889 0.011569430468750008 0.046745179166666796
3 0.29659813046875005 0.7853189326388887 0.025242393750000015 0.04861497916666669
0 0.0820377828125 0.796537773611111 0.067313053125 0.11966764444444446
3 0.45348663007812495 0.7909283548611111 0.007362364843749969 0.02243768194444442
0 0.46663371054687497 0.7984075819444444 0.014724730468750025 0.029916913888889004
0 0.48346197226562493 0.8068217131944444 0.023138861718749924 0.04300556250000006
0 0.504497301953125 0.8161707493055556 0.03996712421875 0.0878809263888889
0 0.505549069140625 0.81523584375 0.03365652578124996 0.07853189305555569
0 0.0233642390625 0.7942673090277778 0.046728478125 0.1776316624999999
0 0.1814297109375 0.8068217097222221 0.196680325 0.21876741944444453
0 0.5768938871093751 0.8507621784722222 0.10622841015624998 0.15706378472222218
0 0.400021834765625 0.7871887430555555 0.016828263281250023 0.02617729722222211
0 0.4315748265625 0.7974726791666668 0.02944945781249997 0.043005563888888945
4 0.38897829609375 0.7354574326388889 0.009465898437500009 0.007479229166666654
3 0.9760392441406249 0.8909630284722223 0.043122421093750064 0.21315799861111123