0 0.062994868359375 0.647958854861111 0.12598973671875 0.3681820791666667
1 0.9005761871093749 0.5668339923611111 0.19657178828125002 0.4014640763888889
6 0.396860979296875 0.6198771729166667 0.026911613281249958 0.0956857375
0 0.173377578125 0.6105166118055556 0.21178269843750003 0.26001559305555566
0 0.3167111734375 0.5990759270833333 0.12870771875 0.14144848472222224
0 0.38808545351562496 0.5865951770833333 0.06786406953124997 0.10400623750000003
0 0.6022082953125001 0.6001159881944444 0.023401404687500005 0.05616336805555559
0 0.48286113867187497 0.6053162993055555 0.02106126328125004 0.03744224583333333
0 0.5478000324218749 0.599075925 0.07371442109375001 0.13312798333333334
0 0.6338001894531249 0.5959557388888889 0.05382322734375 0.1060863638888889
0 0.74261671484375 0.6136367979166667 0.06786407031249997 0.07072424305555552
0 0.49748701484374996 0.6021961138888889 0.01755105312500005 0.027041622222222214
0 0.7856606566406249 0.6136367972222222 0.027584377343749987 0.05408324166666666
4 0.689378522265625 0.5158709354166666 0.019891192968750016 0.0166409986111111
4 0.7496371355468749 0.4638678173611111 0.021061263281249954 0.012480748611111083
4 0.757242591796875 0.4753085027777778 0.010530632031249976 0.01872112222222218
4 0.75256231171875 0.39522369930555556 0.022231334375000068 0.033281995833333314
4 0.39744601562500004 0.4919494993055556 0.018721123437499942 0.010400620833333344
5 0.43605833124999993 0.5501929958333334 0.011700701562500004 0.022881375000000048
5 0.701079223046875 0.5668339909722222 0.00819049140625001 0.018721120833333296
5 0.5308340140625 0.4815488777777778 0.007020420312499986 0.031201872222222152
5 0.63614032890625 0.48674918888888896 0.007020421874999983 0.04160249444444438
5 0.62970494375 0.47946875138888884 0.008190490625000013 0.03952236944444449
4 0.7689432937499999 0.5075504368055556 0.02457147187500004 0.0166409986111111
4 0.6899635574218751 0.4909094368055556 0.016380980468750028 0.0166409986111111
5 0.7456638015625 0.4340623479166667 0.008437496874999973 0.0356249875