4 0.26363231132812504 0.4618023 0.011462272656250017 0.01783020277777783
0 0.05158023515625 0.5565571055555556 0.1031604703125 0.1655661861111111
0 0.381837016015625 0.5259910368055556 0.03295403828125001 0.038207579166666665
0 0.31091419453125 0.5349061375 0.10602603906250004 0.11207557222222223
0 0.42324449765624994 0.5234438652777779 0.014327842187500028 0.017830205555555523
0 0.44416313359375004 0.5138919715277778 0.011462273437500059 0.012735859722222248
0 0.46135654609375 0.5024296958333333 0.011462273437500059 0.015283030555555478
1 0.5501891734375001 0.5030664902777778 0.04871466562500002 0.06113213055555554
0 0.494310584765625 0.51070800625 0.011462272656249972 0.015283034722222213
3 0.8724945031250002 0.4929895631944444 0.023401403125000008 0.10400623749999996
0 0.49072743867187507 0.4862291583333334 0.009360561718750039 0.016640997222222214
0 0.504768280859375 0.5016740826388889 0.007020421093749984 0.014872895833333328
0 0.46744303164062495 0.4810288465277777 0.009360561718750039 0.010400623611111114
0 0.471538276953125 0.49662978194444446 0.00819049140625001 0.016640997222222294