0 0.13370920234375 0.6151473826388889 0.2674184046875 0.4762909513888889
5 0.15787821171875 0.38116001666666666 0.008576099999999998 0.03603694722222228
5 0.138776897265625 0.38185303680555555 0.007796455468749986 0.0346509069444445
5 0.14813264453125 0.38116001666666666 0.009355746875000005 0.03603694722222228
5 0.27521485781250005 0.3312627076388889 0.010915037500000002 0.04158109305555557
5 0.28379095898437495 0.3354208152777778 0.004677872656250015 0.03603694722222224
5 0.26235070703124996 0.3326487402777778 0.008576101562500016 0.03880901666666669
5 0.37422983476562505 0.46155012847222227 0.004677872656250015 0.024948654166666667
5 0.382416112890625 0.4878848229166667 0.010135391406249994 0.01663244027777774
5 0.477922683984375 0.43382940138888887 0.02338936328125003 0.0360369472222222
0 0.7714592113281251 0.661139375 0.45609261171875 0.487884825
0 0.51756767578125 0.5632546291666667 0.19982310468750003 0.23457850277777778
0 0.298994045703125 0.5613447520833332 0.01169468359375001 0.016632437499999972
0 0.27092680703125 0.5627307881944444 0.01481326249999997 0.01940450972222223
0 0.28223166679687506 0.5384751513888888 0.004677872656250015 0.012474327777777777
0 0.277943616796875 0.5405542069444444 0.0054575195312500215 0.011088291666666647
0 0.310688727734375 0.537782132638889 0.007016808593750002 0.008316218055555583
0 0.31263784140625 0.5440192958333333 0.00779645468750001 0.012474325000000007
0 0.320434297265625 0.5530285347222222 0.01715220234374999 0.013860363888888906
0 0.32862057343749995 0.5564936263888889 0.02884688281250001 0.018018472222222214
4 0.421866178125 0.4996661298611111 0.007016809375000044 0.020790545833333358