0 0.8417112175781248 0.32913018194444443 0.10713169296874998 0.06301864166666664
0 0.7341856578125 0.32422873124999996 0.0984666296875 0.08122402916666667
0 0.469113490625 0.32632935277777775 0.10870716093750002 0.09102692777777778
0 0.087850696875 0.2570088472222223 0.053565846875 0.06161823055555556
0 0.03782964765625 0.25280760208333336 0.0354479859375 0.047614087499999985
0 0.016560855078125 0.24720594652777778 0.02599519140625 0.04201242916666664
3 0.1886182875 0.30662264930555555 0.02205652656249999 0.11063272916666667
3 0.128356709375 0.2968197513888889 0.0307215875 0.12743770277777774
0 0.07006446328125 0.28491623055555554 0.0433253171875 0.07002071388888886
5 0.306778243359375 0.2148955145833333 0.02048105859375 0.028008287499999993
5 0.2902358515625 0.16308018680555555 0.014179196874999977 0.042012429166666684
4 0.28747878359375 0.19809054305555557 0.027570656249999992 0.016804969444444456