0 0.38659088671875 0.6089560618055556 0.007020415624999998 0.009360554166666665
0 0.37284257187500003 0.6073959694444445 0.00994558750000003 0.012480738888888886
0 0.35587656757812497 0.607916 0.008775519531249998 0.013520799999999946
0 0.363189501171875 0.60843603125 0.009360555468750009 0.01456086249999997
0 0.34797859960937505 0.6073959694444445 0.008190485156249983 0.012480738888888886
0 0.34008063203125005 0.6115562159722222 0.009945589062499982 0.012480740277777772
0 0.33335273359375 0.6146764006944444 0.007020415624999998 0.012480740277777772
2 0.28801254921875 0.6011556 0.026326559374999992 0.0416024638888889
0 0.286549962109375 0.6141563708333333 0.010530624218749996 0.021841294444444437
0 0.276604373046875 0.6151964319444444 0.012870761718750012 0.030161786111111075
0 0.26724381875000003 0.6162364930555556 0.014040831249999997 0.04888289444444441
0 0.24881522695312502 0.6105161548611111 0.03334697421874999 0.07072419027777772
0 0.25086284921875 0.6146764006944445 0.02457145624999999 0.06656394305555556
0 0.23740705156250003 0.6245569868055556 0.030421801562500007 0.08424499027777783
0 0.10401915273437501 0.6063559076388889 0.05616332578125001 0.033281970833333376
0 0.012461230859375 0.6105161548611111 0.02281635078125 0.01456086249999997
0 0.029719752734375 0.656278863888889 0.058503464843750005 0.07904468055555557
0 0.073304833984375 0.6599190798611111 0.08483002421875 0.08216486527777778
1 0.203767559765625 0.5751540604166667 0.06961912265625 0.027041601388888854
0 0.16632534257812498 0.6671995104166666 0.15854438828125 0.17577040694444443
0 0.41496507578125 0.6037557541666667 0.011115657812499968 0.013520800000000024
0 0.42666576875000006 0.5959552916666666 0.019306143749999994 0.031201847222222214
0 0.43456373632812506 0.6042757854166666 0.011700692968749937 0.027041601388888854
2 0.46118281328125 0.5907549840277778 0.042707529687500044 0.07072418750000004
0 0.46820322890625 0.6105161541666667 0.022816351562499993 0.03536209444444446
0 0.487509371875 0.6079160006944444 0.02983676718749999 0.044722648611111124
0 0.40838078515625 0.5465198638888888 0.01930614375000004 0.010400613888888839
0 0.352509976171875 0.5506801097222223 0.012870763281250008 0.008320491666666641
0 0.33320383320312497 0.5506801097222223 0.010530624218749996 0.008320491666666641
4 0.06582249453125 0.5527602340277777 0.007617607812500005 0.016640984722222165
0 0.31242067695312503 0.6197033597222222 0.04446263359375 0.06552388055555554