5 0.5316873859375 0.3641447409722222 0.006994243749999995 0.03907894861111111
5 0.41078689101562504 0.3597039513888889 0.004995888281249972 0.03730263333333335
5 0.40329305859375 0.35881579375 0.005995065624999985 0.03552631805555555
5 0.52319437578125 0.36097274375 0.005995065624999985 0.031212418055555545
5 0.2171293640625 0.4094738215277778 0.014621796875000027 0.0267107958333333
5 0.28801295390625 0.4449671069444444 0.009991776562499988 0.021315791666666684
5 0.2705273453125 0.46361842361111116 0.008992598437499976 0.012434211111111104
4 0.22706311835937498 0.35615131736111116 0.025978619531250004 0.0213157902777778
4 0.231059829296875 0.41210526666666664 0.007993421093750008 0.030197369444444414
4 0.29550678671875 0.4032236875 0.020982731249999987 0.012434211111111104
4 0.697675784765625 0.37125000347222226 0.02198190859375 0.01953947361111111
4 0.6901819527343751 0.39078947430555555 0.018984375781249962 0.012434209722222218
4 0.6232370515625 0.40055921388888893 0.030974506249999933 0.02842105277777773
5 0.7021834082031251 0.43342105416666665 0.017755185156249985 0.02664473888888889
3 0.32548211484375 0.5026973715277778 0.012989307812500028 0.06217105416666671
4 0.6859303160156249 0.3315381597222222 0.023490938281249995 0.04314210555555553
0 0.237981210546875 0.5160197381944444 0.09292352109374999 0.09414473749999996
0 0.340896507421875 0.48848684583333335 0.03497121796874998 0.08881578888888887
0 0.693305815625 0.47936830694444443 0.14750461562499995 0.13111521388888883
0 0.6256621332031249 0.5053618444444445 0.08892681015624992 0.12611842222222225
0 0.12007824882812501 0.5382236868055555 0.17085937578125002 0.15986842361111114
0 0.366375537109375 0.49736842361111117 0.05395559140624999 0.09236842222222216
0 0.48527767421874995 0.5542105291666666 0.17785361718749995 0.29486842222222226
0 0.68941439921875 0.5300798270833333 0.12250864375 0.15484034861111112
0 0.968502871484375 0.6483552673611112 0.06294819140625005 0.19539474027777787
3 0.8810748285156251 0.5133552666666666 0.029975330468750096 0.12434210833333326
3 0.8206245796875 0.5222368451388888 0.024979440625000036 0.08526315694444446
0 0.060749988671875 0.48937500208333334 0.02997533046875 0.051513159722222215
4 0.203672439453125 0.38710204583333335 0.017755185156249985 0.06312954722222221
5 0.6837453312499999 0.4332351770833333 0.01365783437500001 0.019424476388888934
5 0.40785706914062503 0.4696560694444445 0.0054631335937499696 0.033992833333333375