0 0.46877965742187494 0.3422835590277778 0.014350397656250014 0.01700787916666668
2 0.42273879843749995 0.34015757430555554 0.02511319687499993 0.034015756944444475
0 0.35158474296875 0.35185049097222226 0.031092528124999984 0.036141743055555585
0 0.33603847890625 0.3475985215277778 0.016742131250000014 0.02763780416666669
0 0.15964817421875 0.35929143819444437 0.05859745781250001 0.07228348472222221
0 0.09387551796875 0.4337009076388889 0.1877510359375 0.18283469583333334
0 0.5094391175781251 0.34653552847222224 0.021525596093750023 0.02551181805555558
0 0.5327585140625 0.35078749861111114 0.017937996875000018 0.03401575833333336
2 0.5596655097656249 0.3359056048611111 0.040659460156250035 0.09354333194444442
0 0.75475617265625 0.4511339770833333 0.2798327546874999 0.3231496958333333
4 0.59554150390625 0.31570875 0.03109252812500003 0.04464568333333333
4 0.65772656015625 0.2508662111111111 0.009566931250000011 0.012755908333333347
4 0.65653069375 0.27318905208333333 0.038267726562500035 0.0318897736111111
4 0.65593276015625 0.2965748847222222 0.04185532656250004 0.023385833333333356
4 0.655932760546875 0.32102371041666666 0.03946359296875004 0.02551181805555554