4 0.28532726054687496 0.23605027430555556 0.06440457890625 0.12381655416666668
4 0.287199485546875 0.31260351736111114 0.014228919531250028 0.03195265972222224
4 0.448585376171875 0.26933429375 0.016475589843749992 0.02263313472222224
4 0.5084966109375 0.33772186111111113 0.007488904687499964 0.031952658333333356
4 0.53920111953125 0.3290680159722222 0.0044933421875000155 0.014644968055555551
4 0.629442418359375 0.37100587847222216 0.009735575781250016 0.023964493055555557
0 0.63805465859375 0.39441563472222224 0.01647559062499999 0.017307691666666694
0 0.65003690625 0.3950813152777778 0.007488904687500053 0.015976330555555605
0 0.614464610546875 0.39241859305555554 0.012731138281250054 0.015976330555555526
0 0.624949075390625 0.39374995416666664 0.008237794531249953 0.013313608333333348
0 0.5964912378906251 0.3930842736111111 0.02022004140625002 0.017307691666666614
0 0.5627911691406251 0.3944156347222222 0.011233355468749994 0.014644969444444437
0 0.5792667589843751 0.3944156347222222 0.011233357031249992 0.014644969444444437