5 0.26385296406250003 0.01195311388888889 0.013183584374999979 0.02390622777777778
5 0.44710479140625 0.02367185625 0.013183584375000024 0.0473437125
5 0.43787628242187504 0.02390622777777778 0.010546867968750017 0.046874969444444456
5 0.246714304296875 0.013359359722222222 0.015820302343750026 0.02578123333333333
5 0.52356958203125 0.2594529395833333 0.015820301562499937 0.02578123194444441
5 0.103013230859375 0.10007804861111111 0.023730452343749996 0.03515622499999999
5 0.664633938671875 0.2946091652777778 0.021093735156250036 0.03515622500000003
5 0.680454240234375 0.30046853611111113 0.013183585156249933 0.042187469444444445
4 0.1227886078125 0.06374995 0.029003885937500008 0.032812474999999994
4 0.6488136375 0.19968735555555558 0.026367170312500042 0.04218747222222225
4 0.654087070703125 0.1645311298611111 0.02373045234375004 0.02343748472222222
4 0.6639747593750001 0.1410936472222222 0.048779264062499994 0.04218747222222223
4 0.5321389125 0.17859362013888888 0.022412093749999952 0.02812498194444445
3 0.45171904570312493 0.3086716548611111 0.01713866015625003 0.08203119583333335
3 0.42732941406249997 0.30046853472222224 0.018457018749999943 0.06562495555555559
3 0.44249053671875 0.3063279076388889 0.014501943750000024 0.06328120694444447
3 0.46424345234375003 0.31804665069444443 0.015820301562500028 0.07265620416666667
3 0.397007169140625 0.28054667361111113 0.013183583593750025 0.04453121944444444
4 0.35152380234375 0.22429671388888886 0.01186522656250002 0.016406238888888876
0 0.28560587890625 0.22898421041666667 0.022412093749999994 0.02578123194444445
0 0.23814497382812502 0.2266404611111111 0.027685527343750006 0.05859371111111109
0 0.23484907734375 0.23484358125 0.01845701718749999 0.05156246527777779
0 0.323179094921875 0.2547654430555556 0.007910150781250014 0.025781233333333337
0 0.328452529296875 0.26179668819444446 0.010546867968750017 0.03046872916666664
0 0.33702185859375 0.2711716819444444 0.019775376562499992 0.049218716666666634
2 0.255283634375 0.2125779701388889 0.040869112499999985 0.0914061875
0 0.21045944570312503 0.2336717076388889 0.04877926484375002 0.06796870416666666
0 0.35547887773437503 0.28171855 0.04614254609374999 0.0796874472222222