0 0.566902105078125 0.3552633277777778 0.008414130468749993 0.014958458333333348
0 0.548496192578125 0.35900294097222224 0.011569430468749965 0.014958456944444462
0 0.5321938128906251 0.3608727472222222 0.010517663281250034 0.014958452777777766
0 0.514839668359375 0.3636774590277778 0.00946589765625001 0.013088648611111135
0 0.5122102500000001 0.3730264944444444 0.012621196874999985 0.01308865000000002
0 0.49012315546874996 0.3580680375 0.008414129687499994 0.013088649999999981
0 0.531142046484375 0.42538108888888887 0.04838125546874998 0.06918285833333329
5 0.58583390078125 0.3683519756944444 0.00841413124999999 0.0224376819444445
4 0.6815446464843751 0.3758312041666667 0.04417419140624999 0.03365652499999996
4 0.666294033984375 0.40294340486111113 0.01577649609374996 0.01682826250000002
5 0.47266382695312503 0.35713313194444446 0.006310599218750035 0.022437683333333305
0 0.49317327226562496 0.4038783104166667 0.032604758593750026 0.06357343750000008
0 0.45951674609375 0.3702217826388889 0.009465898437500009 0.014958454166666652
0 0.44899908203124994 0.3879849493055556 0.022087095312499992 0.024307490277777708
4 0.44097279062499994 0.36648216944444445 0.012345112499999988 0.022437683333333347
0 0.42270492187500003 0.3599378451388888 0.013672964062500004 0.01682826527777775
0 0.40745430742187505 0.3720915895833334 0.016828263281249978 0.018698068055555538
0 0.402195476171875 0.3580680375 0.012621197656250027 0.013088649999999981
1 0.4116613734375 0.3515237131944445 0.025242395312499964 0.022437684722222233
0 0.3233130109375 0.35806803680555555 0.014724729687499983 0.01682826527777779
0 0.2922859 0.36274255555555557 0.015776496875 0.014958455555555576
0 0.27650940312500005 0.3636774590277778 0.015776496875 0.013088648611111135
0 0.263362323046875 0.36554726666666665 0.010517663281249989 0.013088649999999941
0 0.250741126171875 0.36461236041666667 0.016828263281249978 0.01495845138888888
0 0.22812814765625 0.3674170743055555 0.017880028125000003 0.013088651388888905
0 0.21761048359375001 0.35900294097222224 0.015776496875 0.014958456944444462
0 0.20537711796874997 0.39826888680555556 0.0354839578125 0.02243768194444442
0 0.130839746484375 0.3711566854166667 0.029449461718750004 0.013088651388888905
0 0.085193081640625 0.3842453347222223 0.02524239453125 0.020567875000000017
0 0.067838934765625 0.37396139652777777 0.017880027343750004 0.014958454166666652
0 0.070468350390625 0.3720915895833334 0.02944945859375 0.018698068055555538
4 0.116220190625 0.3963990819444444 0.041018890625000005 0.0411357555555555
0 0.027345926953125 0.3730264930555555 0.02734592734375 0.020567875000000017
0 0.006310598046875 0.37770101180555554 0.01262119609375 0.018698068055555614
4 0.58583390078125 0.3318907395833333 0.025242395312499964 0.01682826250000002
0 0.445948966015625 0.35058880833333333 0.012621197656249982 0.009349036111111096
1 0.525567696484375 0.3453533590277778 0.009465899218749917 0.013088648611111095