5 0.639943940625 0.12291861875 0.011697693750000049 0.04332479861111111
5 0.971378608203125 0.11598664930555556 0.009748078906250157 0.04332479305555557
5 0.9569363890625 0.12275357777777778 0.015596926562500002 0.05372274166666667
5 0.45279824453125006 0.10802314375 0.01657173437499999 0.058921718055555565
5 0.533544837890625 0.16174588472222223 0.011697694531249959 0.04505778333333335
5 0.58959628828125 0.16521186805555554 0.008773270312499993 0.0346598361111111
5 0.58472224921875 0.22846606597222222 0.004874039062499946 0.015596923611111101
5 0.568637919921875 0.226733075 0.007798463281250001 0.015596924999999985
5 0.530133010546875 0.20333768680555558 0.010722886718749968 0.01732991805555556
5 0.9179440750000001 0.23337621944444445 0.00779846406249991 0.024261883333333303
5 0.913070036328125 0.2013158736111111 0.005848849218750019 0.022528894444444426
5 0.9247677296875001 0.26399240555555553 0.00974807812500007 0.017329916666666674
5 0.9057589769531251 0.2622594125 0.0068236554687500115 0.017329916666666674
5 0.470344785546875 0.16232355972222223 0.00877327109374999 0.01386393611111111
5 0.43476429882812495 0.1571245847222222 0.017546539843749986 0.010397952777777775
5 0.236390903515625 0.029749687500000004 0.06726174140625 0.05949937500000001
4 0.21250811015624999 0.1730103388888889 0.007798462500000003 0.012130944444444442
4 0.104304438671875 0.07682929791666666 0.013647310156249991 0.024261884722222217
4 0.896010898046875 0.21633513333333335 0.010722886718749968 0.012130941666666652
4 0.90624638046875 0.23453154375 0.01364730937499985 0.010397951388888889
4 0.8984479167968751 0.2509949659722222 0.013647310156249936 0.019062909722222247
4 0.5752991171874999 0.24146351249999998 0.006823656250000009 0.01386393611111111
4 0.8404468507812499 0.2561939409722222 0.006823654687500102 0.019062909722222205
4 0.990079855078125 0.13632868333333334 0.01754654140625007 0.027727869444444428
0 0.763030841015625 0.26168175208333333 0.029244236718750028 0.019062909722222205
0 0.793737288671875 0.26688072569444443 0.03216865859374991 0.015596926388888871
0 0.82151931171875 0.26861371805555556 0.02144577187500012 0.015596927777777797
0 0.878545571875 0.2911426090277778 0.030219045312500015 0.025994873611111104
0 0.8166452722656249 0.3032735513888889 0.02534500546874998 0.03292684166666666
0 0.9692027015625 0.32320295694444445 0.05361443124999994 0.034659830555555576
0 0.977488568359375 0.32840193194444445 0.04484116328125012 0.03465983888888889
0 0.745484300390625 0.29287560277777774 0.040941930468749985 0.03292684166666666
0 0.66847448046875 0.29200910555555554 0.05361443124999994 0.05198974999999998
3 0.59975052734375 0.2798781618055555 0.01169769374999996 0.04505778472222224
3 0.5807417734375 0.28421064166666665 0.008773270312500081 0.03985880555555556
3 0.629555273828125 0.35760284652777774 0.07325680390624996 0.23516698472222225
3 0.698352364453125 0.37779219583333334 0.07993424296875 0.2582157666666666
5 0.99600991796875 0.21402447777777778 0.007798464062500088 0.04505778333333331
0 0.32387990742187495 0.42631596527777776 0.47180699609375 0.584018213888889
7 0.780577382421875 0.3011073125 0.014622117968750015 0.029460858333333326
1 0.8445735414062501 0.29374209791666667 0.033143467187499984 0.05372274305555555