0 0.09355745898437501 0.3804669986111111 0.12942115234375 0.16771040555555553
0 0.38553469453125 0.3569043805555555 0.03820262812499999 0.062371638888888886
0 0.48026162109375 0.35205325277777777 0.028067237499999998 0.05821353055555553
0 0.45336385156250003 0.32156045208333334 0.013253973437500033 0.022176581944444447
0 0.187504741015625 0.4303643104166667 0.20504676328125 0.21206357361111114
0 0.429194841796875 0.43590845624999996 0.13955654296874997 0.20374735416666662
5 0.23428346953124998 0.2744352118055556 0.00857610000000002 0.01940450972222223
5 0.257672834375 0.26057484861111113 0.011694682812500013 0.027720727777777773
5 0.27560468046875003 0.25849579375 0.00857610000000002 0.0180184736111111
5 0.28612989453125 0.2744352111111111 0.0062371640624999895 0.016632436111111124
5 0.53912485546875 0.28275143194444446 0.005457518750000024 0.016632438888888896
5 0.5484806015625001 0.2938397208333333 0.005457517187500027 0.013860363888888866
5 0.568361561328125 0.2772072847222222 0.006237164843749987 0.022176583333333333
5 0.531718223828125 0.2813653944444444 0.006237163281249991 0.02494865555555559
5 0.388263453125 0.2896816138888889 0.004677871875000017 0.019404508333333344
5 0.33017986484375 0.29037463263888885 0.005457518750000024 0.02079054583333332
5 0.416720513671875 0.28344444930555557 0.0054575195312500215 0.0180184736111111
5 0.48260055820312503 0.2640399388888889 0.006237164843749987 0.020790547222222244
5 0.47831250742187503 0.26473295694444443 0.007016810156250042 0.016632438888888896
5 0.360586038671875 0.27512822986111113 0.007016810156249997 0.031878837499999965
4 0.6420380605468751 0.2772072861111111 0.03976191953125001 0.044353163888888894
0 0.27326574453125 0.3520532520833333 0.02884688281250001 0.044353165277777745
0 0.30289227265625 0.34650910763888887 0.022609718749999973 0.036036948611111085
0 0.31965465039062496 0.34165797986111107 0.017152200781249995 0.02910676527777775
0 0.33446791601562503 0.33957892430555553 0.017152200781249995 0.030492801388888876
0 0.34421348359375 0.33957892430555553 0.022609718749999973 0.030492801388888876
0 0.36565373437500004 0.32918365069444444 0.010915035937500006 0.02356261805555554
4 0.5644386953125 0.1807030034722222 0.08173822656249996 0.053906212499999974
4 0.059507401562500006 0.1971092423611111 0.068554640625 0.05859370972222225
4 0.509726818359375 0.26273419722222224 0.01713866015625003 0.016406238888888917
4 0.5090676390625 0.23460921319444444 0.015820301562500028 0.03046872916666664
3 0.5552101855468751 0.34148413333333333 0.007910150781250014 0.035156224999999985
3 0.7799903046875001 0.3907028493055556 0.022412093749999952 0.08671869027777782