4 0.563192613671875 0.24183684305555556 0.03443878984374997 0.13775516388888887
4 0.303610226953125 0.42244916874999994 0.011192607031249979 0.01836735416666665
0 0.27993355859375 0.4729593965277778 0.013775517187499985 0.0397959375
0 0.285960344921875 0.4767859291666667 0.01549745546875001 0.04744900277777775
0 0.302749255859375 0.47908184722222225 0.03013394296875003 0.058163291666666735
0 0.33934047226562497 0.4783165402777778 0.06371176484375 0.0964286138888889
0 0.36861344414062497 0.4951532840277778 0.06715564296874996 0.12091842083333333
0 0.4409349046875001 0.5150512513888889 0.13431128593750002 0.16989803611111115
0 0.19311551914062502 0.4660716375000001 0.021524244531250014 0.029081644444444443
0 0.13500006015625 0.46607163749999997 0.013775517187500008 0.03214287222222225
0 0.12682084765625 0.47219408958333337 0.014636485937499999 0.03826532361111114
0 0.116489209765625 0.47219408749999997 0.019802305468749993 0.044387772222222246
0 0.10338682031249999 0.47018733194444445 0.0167341109375 0.03921761111111108
0 0.153510909765625 0.47219408888888886 0.04046557890625 0.04744900277777775
0 0.019684908984375003 0.4804254777777778 0.03185588203125 0.07806126111111114
0 0.06371176210937499 0.4903744638888889 0.10331637265625 0.11632658333333332