0 0.493155289453125 0.5146985423611111 0.00877327109374999 0.017329918055555598
0 0.48243240312499996 0.5146985430555555 0.014622117187500016 0.024261886111111075
0 0.427355759765625 0.5190310222222222 0.013647310156249936 0.015596924999999985
0 0.419557296875 0.5207640138888889 0.017546540625000072 0.01906290833333336
0 0.403960371484375 0.5207640138888889 0.011697694531250002 0.01906290833333336
0 0.386413830078125 0.5233635013888889 0.015596925781250003 0.024261883333333303
0 0.363993249609375 0.5233635006944444 0.017546541406249984 0.034659834722222234
0 0.4556251874999999 0.5372274347222222 0.05653885624999999 0.08664958611111118
0 0.05644137421875001 0.5935496659722221 0.09845559218750001 0.10224651250000005
0 0.010138001953125 0.600481632638889 0.01949615703125 0.11957642916666668
3 0.161720621484375 0.54589239375 0.014622117968749992 0.06585368472222221
3 0.14417408046875 0.54849188125 0.016571732812499997 0.07105265972222223
3 0.11834167265625002 0.5580233354166667 0.013647309375000005 0.055455734722222164
3 0.0998203234375 0.5528243604166667 0.013647309374999994 0.045057784722222195
0 0.16491514296875 0.5216305090277777 0.047765584375 0.045057784722222195
4 0.9215101695312502 0.1747123541666667 0.07175685937500002 0.12091204166666668