0 0.29267557929687504 0.6665620645833333 0.11074211171874997 0.06562495416666662
0 0.5701900375 0.6501558243055555 0.01186522656250002 0.0374999736111111
0 0.549097721484375 0.6508594729166666 0.03295612265625003 0.04828226527777772
0 0.637426319140625 0.6536714493055555 0.04086911171874998 0.049218718055555555
0 0.508095345703125 0.6630464395833333 0.06064448984375002 0.09609368194444445
0 0.8399826855468749 0.7230463597222223 0.3164060335937501 0.33515601944444445
5 0.7734055828125 0.5003902638888889 0.014501942187500028 0.03984372499999998
5 0.796476855859375 0.5414058604166666 0.034277319531249975 0.02812497916666664
5 0.71916454453125 0.5824214541666666 0.01713865937500003 0.025781230555555527
5 0.397485078125 0.5238277472222223 0.0065917937499999635 0.03515622500000006
5 0.6189693011718751 0.47343715555555554 0.009228510156250013 0.03749997500000006
5 0.5451412273437499 0.5941402138888889 0.003955076562500004 0.021093736111111146
5 0.47065397421875 0.6105464555555555 0.005273434375000008 0.021093736111111067
4 0.3961667203125 0.5519527458333333 0.019775378124999986 0.016406238888888917
4 0.7046626011718751 0.4851559180555556 0.02241209296875004 0.02343748611111107
4 0.70927685625 0.5390621305555555 0.021093735937500035 0.014062491666666687
4 0.6268794527343751 0.6011714611111111 0.011865225781250021 0.025781230555555527
0 0.962401683203125 0.6382807986111112 0.06855464140625003 0.12187491388888887
0 0.5985277378906251 0.6482552993055555 0.05158023515624999 0.08405667916666665