4 0.6862647234375 0.05978821458333333 0.03509308281249997 0.05718872638888889
4 0.71355934296875 0.16896669305555556 0.10917847968750002 0.16116823055555554
7 0.09211934140625 0.5060335833333334 0.1627929109375 0.31193850833333336
4 0.08773270585937501 0.2547497819444445 0.03899231328125001 0.09358155277777781
0 0.8539316734375 0.4939026416666667 0.2904927374999999 0.5164315333333334
2 0.3060896640625 0.42198348402777774 0.11307770937500003 0.13690634583333336
0 0.389435734765625 0.43151494097222226 0.055564047656250004 0.07625163750000002
0 0.43622651093750003 0.4297819472222222 0.04191673749999998 0.062387700000000025
0 0.4786306523437499 0.40638655902777776 0.056538854687499994 0.07105265972222223
0 0.51177411875 0.44884485694444454 0.08383347499999996 0.1074454861111111
0 0.5132363308593749 0.38732365138888886 0.05361443203124994 0.015596925000000065
0 0.594145382421875 0.42198348541666664 0.05361443046875003 0.06065470972222226