4 0.6954059859375 0.31777230069444445 0.02399287499999998 0.03838860138888889
4 0.24262794921875003 0.1812795 0.043187175 0.06611369999999998
4 0.26062260468750004 0.24632685277777777 0.026392160937499964 0.02985779999999999
4 0.278617261328125 0.26232210208333334 0.016795011718749996 0.01492890138888888
0 0.245627059375 0.2857818013888889 0.010796793750000023 0.014928899999999995
0 0.267820468359375 0.29751165069444446 0.007197863281249983 0.017061601388888865
0 0.258223316796875 0.29644530277777775 0.014395724218749972 0.0191943
0 0.285665150390625 0.2973593048611111 0.015595367968749985 0.012796201388888899
0 0.30006087578125 0.29842565416666667 0.010796793749999978 0.010663502777777762
0 0.33425072265625 0.3133545534722222 0.01199643749999999 0.01492890138888892
0 0.326453037890625 0.31761995347222227 0.020393944531249986 0.027725098611111124
0 0.34564733828125 0.3122882041666667 0.010796793750000023 0.02132699999999998
0 0.20768830624999998 0.29735930416666667 0.03718895624999998 0.042654000000000004
0 0.3000608765625 0.3293498041666667 0.05398396874999998 0.05545019999999998
0 0.08195065390625 0.3592076041666667 0.1639013078125 0.2004738
4 0.12317591640625 0.14822265 0.016795012499999994 0.014928899999999995
4 0.14536932460937502 0.18661125069444445 0.058782542968750004 0.053317501388888904