0 0.09979701132812499 0.3130286826388889 0.04129531640624999 0.06321752083333333
0 0.056781058203125 0.3102556951388889 0.07226680078125 0.07692059305555554
0 0.13363622656250002 0.3069108576388889 0.049324957812499994 0.06729606805555556
0 0.1697696265625 0.3130286798611111 0.039001129687500004 0.046903318055555546
0 0.195005653515625 0.3099697701388889 0.043589499218750015 0.05302114583333335
0 0.283331743359375 0.31608759444444445 0.013765105468749983 0.02854984722222223
0 0.268419545703125 0.31098940833333333 0.02523602578124997 0.03466767500000003
0 0.260963448046875 0.3140483180555555 0.014912197656249982 0.03262839722222222
0 0.2494925265625 0.30996977152777777 0.02179475000000002 0.036706948611111144
0 0.23171259921875 0.3140483201388889 0.036706946875 0.04078549861111114
0 0.34470116835937503 0.3191465083333333 0.012618011718749989 0.018353477777777787
0 0.29422911796875 0.3181268701388889 0.01032382968750003 0.012235648611111098
0 0.4350920441406251 0.32934288055555555 0.012618011718749943 0.026510572222222233
0 0.44541587421875006 0.3293428798611111 0.01950056562499993 0.046903318055555546
0 0.45000424140625006 0.33240179305555556 0.017206381250000024 0.04486404722222221
0 0.460328069921875 0.33444106805555557 0.030971485156250013 0.053021144444444425
0 0.48212282109375 0.3456570791666667 0.04703077499999999 0.07137461944444448
0 0.4838434582031249 0.3548338152777778 0.036706946093749956 0.06525679444444449
0 0.499902746875 0.35891236388888886 0.048177867187499945 0.0774924416666667
0 0.516306150390625 0.3691087381944444 0.024547797656249946 0.0897280902777778
2 0.5730872078125 0.3742069263888889 0.12847431249999994 0.17741690833333337
4 0.6646251414062501 0.20698639166666666 0.022941840624999977 0.06729606666666667
0 0.39540263515624996 0.3283232409722222 0.01032382812499999 0.016314195833333323