5 0.13347105625000003 0.26076703333333334 0.011931026562500002 0.037430675
5 0.353381893359375 0.25218745694444444 0.006795557031249988 0.030253033333333335
5 0.49034914296875004 0.2470424548611111 0.00982554999999996 0.03992605416666666
5 0.69212387578125 0.32190380277777775 0.020352929687499976 0.03243991944444444
5 0.42367575507812505 0.3612060111111111 0.005614600781250001 0.018715336111111154
5 0.132769230859375 0.29695001805555554 0.010527375781250004 0.019963025000000002
4 0.22626996171874997 0.3206561090277778 0.015826007812499966 0.01247688472222224
4 0.532107741796875 0.27324392291666666 0.038600385156250014 0.01746764583333334
4 0.672121859765625 0.30817922152777777 0.02526570859374999 0.019963026388888888
4 0.688965661328125 0.2900877333333333 0.019651103906250002 0.016219963888888914
4 0.48648910664062495 0.3743067451388889 0.010527377343750022 0.019963026388888888
4 0.48789275585937497 0.3618298527777778 0.010527377343749932 0.014972269444444445
4 0.48403271953125004 0.3418668270833333 0.0070182515625000445 0.01497226805555556
0 0.552109758203125 0.41859971180555555 0.11790662578125008 0.18840106250000005
0 0.490349144921875 0.41048972986111115 0.032283957031249956 0.0673752125
0 0.45420514921875005 0.41672817777777776 0.023160229687500068 0.02994453888888889
0 0.40758495703125003 0.41080165486111103 0.01193102656249998 0.01746764861111111
0 0.39460118984375 0.4120493444444444 0.009825551562500002 0.014972269444444445
0 0.38617928632812504 0.4157924090277777 0.007018247656250009 0.0074861319444444515
4 0.335121508984375 0.3596463986111111 0.006316425781249979 0.017467647222222264
4 0.37161641562500003 0.39021478402777776 0.0077200765625000225 0.008733826388888843
0 0.276519109765625 0.4026916743055556 0.09965917109375 0.15596114583333337
7 0.868859536328125 0.6274919506944444 0.25967530546875006 0.4466727180555555
4 0.21725521015625002 0.29329758819444446 0.014040842187500013 0.012480748611111123
4 0.1325738671875 0.2993743208333333 0.04484116093749999 0.01906290833333332
5 0.48155507578125006 0.23958610624999999 0.007798462500000003 0.034659834722222234