0 0.027052580859374998 0.30695779652777777 0.05273433984375 0.1664061347222222
0 0.271608076953125 0.31867654097222226 0.19907212890625 0.1804686263888889
0 0.38366854570312503 0.31398904236111114 0.05932613046875006 0.11484367083333337
0 0.45683744179687497 0.3233640368055556 0.09228509296874998 0.10078118194444446
0 0.5273696187500001 0.3198484125 0.05932613125000001 0.08906243888888893
0 0.5596694027343749 0.32102028611111116 0.021093735156250036 0.0679687
0 0.57153462734375 0.3268796583333333 0.018457018749999943 0.05624996111111113
0 0.5814223164062501 0.33391090347222224 0.025048810937499954 0.0374999736111111
0 0.68127485546875 0.38170139722222224 0.09165214531249992 0.1341063527777778
4 0.8918957355468751 0.05562740347222222 0.08964837578125007 0.11125480694444444
4 0.86618774609375 0.40656710347222225 0.06987300000000012 0.1359374069444444
4 0.8853039437500001 0.14406728333333332 0.06591792187499994 0.05624996111111111
0 0.6466548285156251 0.3311521097222222 0.01713866015624994 0.037695275000000014
0 0.623583555078125 0.3287107111111111 0.01582030078125003 0.028124980555555564
4 0.724437978515625 0.2701170013888889 0.01713866015625003 0.05624996111111113