7 0.272562926171875 0.5055135611111111 0.009602217968750004 0.01564805833333338
0 0.399292201171875 0.5338121534722222 0.01280295546875001 0.028451015277777714
0 0.417296358984375 0.5352347027777777 0.02000461953125008 0.03983141944444447
0 0.43730097812499996 0.5380798048611111 0.03760868437499996 0.048366723611111065
0 0.54652619921875 0.5309670513888889 0.03520812968749994 0.03983141944444439
0 0.28406559453125 0.5302557756944444 0.035208131249999976 0.038408868055555545
0 0.27686393125 0.5487489347222223 0.028806651562500018 0.049789274999999994
0 0.24645690937499998 0.5480376597222223 0.049611454687500035 0.0682824333333333
0 0.14843427539062498 0.5288332250000001 0.03280757578125 0.012802955555555526
0 0.11842734648437499 0.5295445006944445 0.03360776015625 0.019915709722222157
0 0.078018015234375 0.56724209375 0.058413488281249995 0.10384620138888892
0 0.115226607421875 0.5786225 0.07041626015625 0.09815600000000002
0 0.188043421484375 0.5850239770833333 0.14083251953125 0.12518445972222214
0 0.02680618984375 0.6038727743055555 0.0536123796875 0.1123815041666667
0 0.041609608203125 0.5675977319444444 0.024005542968749998 0.05405692777777773
0 0.9858276394531249 0.5590624277777778 0.027206282031250063 0.07112753611111107
0 0.349280653515625 0.5818232381944445 0.12722937890624997 0.17070608472222218