0 0.360159319921875 0.5658093256944444 0.02324618359374999 0.027551034722222232
0 0.3351911953125 0.5688705493055556 0.033577820312499986 0.0397959375
0 0.306348707421875 0.5734623909722222 0.034438791406250016 0.055102065277777806
0 0.16299724101562502 0.5451460506944444 0.028412003906250004 0.02602042361111106
0 0.496623027734375 0.5872379048611112 0.01549745703125005 0.024489809722222273
0 0.59606503671875 0.5910644368055555 0.03529976093750005 0.026020420833333287
0 0.616297826171875 0.6079011805555555 0.03443878984375006 0.022959194444444442
0 0.52804842421875 0.5941256625 0.05251915624999999 0.038265325000000024
0 0.245650338671875 0.5604521805555556 0.08351406640625 0.09030616111111113
0 0.124684086328125 0.5428501305555555 0.017219394531249987 0.027551030555555578
0 0.016201894140625 0.5482072722222223 0.03099491328125 0.09030616111111106
5 0.7798820828124999 0.4954011305555555 0.015497454687499967 0.06428574166666666
5 0.433772235546875 0.30177859375 0.018941335156250006 0.08112248472222221
4 0.48672187656249993 0.3017785951388889 0.03357782187499998 0.035204095833333324
4 0.30118288984374997 0.5091766458333333 0.013775517187499985 0.03061225833333331
5 0.439368537890625 0.5022888854166666 0.007748727343749984 0.019897968055555517
5 0.5086766050781251 0.5267786965277778 0.00860969765624997 0.016836743055555558
5 0.557751881640625 0.5558603409722223 0.005165817968750019 0.016836743055555558
5 0.9839628593749999 0.49821450972222225 0.01808036406249993 0.06887758333333333
5 0.955981340234375 0.49974512499999996 0.022385213281249962 0.07806125833333337