0 0.423253008203125 0.6154606895833333 0.04118643359374996 0.06101694027777782
0 0.488016326953125 0.6109320861111112 0.026599571093750017 0.042711855555555504
0 0.4489750210937499 0.6132202243055556 0.013728810937500047 0.019830504166666665
4 0.365744103515625 0.5567795534722222 0.024025419531250015 0.02288135138888884
4 0.366173130078125 0.5758473479166667 0.023167369531250027 0.00915254027777779
4 0.14093482578125 0.5689829409722222 0.06006355000000001 0.047288126388888845
4 0.528344708984375 0.6010168340277778 0.01115465859375 0.01067796249999999
4 0.46441993437499995 0.578898195138889 0.022309320312500082 0.00915253749999994
4 0.5300608105468749 0.5674575194444444 0.009438558593750025 0.01983050555555555
4 0.667777945703125 0.5453388784722223 0.03775423046875002 0.04881355138888889
4 0.40821761367187503 0.5659320951388889 0.01287076015625006 0.010677965277777762