0 0.6252670835937499 0.6818779840277778 0.06304250937500004 0.08405667916666656
0 0.5852923890625 0.6704157076388889 0.055878589062499984 0.07132081805555551
3 0.558785878515625 0.6678685375000001 0.014327842968750027 0.05603778611111107
0 0.54675049375 0.6678685388888889 0.040117962500000014 0.04584909999999998
0 0.46336244609375 0.6576798486111112 0.025790117187499996 0.035660408333333275
0 0.96841892578125 0.73918935625 0.06160972499999993 0.1884907347222222
0 0.43843199804687494 0.6520760569444444 0.032954039843750046 0.05349061388888888
0 0.36134820234375004 0.6525855048611111 0.020058979687500013 0.0254717208333333
0 0.40361533828125007 0.65131191875 0.01576062656249997 0.017830204166666638
0 0.33770726015625 0.6500383326388889 0.01862619687499998 0.020377376388888833
0 0.493164365234375 0.6533863979166666 0.04011796015625002 0.06782826249999997
0 0.1432784296875 0.6602270180555556 0.13754729374999997 0.12226426111111116
0 0.793205883203125 0.7160699694444445 0.31295305078125 0.3409314222222223
4 0.11687426132812502 0.5382296090277778 0.031521255468749995 0.05031274861111107
4 0.11795727617187501 0.5772048861111111 0.020329730468749994 0.014881894444444457
4 0.307850196484375 0.5916312125 0.007175199218750006 0.021259850000000018
0 0.39130459531249995 0.6522217777777778 0.013154529687499972 0.019133861111111056
0 0.9437030746093751 0.5772048833333333 0.06457678828124998 0.023385830555555584