3 0.9751073578125 0.6942182659722222 0.03823239531249989 0.1781248763888888
3 0.9487401890625 0.6895307680555556 0.035595678125000065 0.13593740555555564
3 0.1274028625 0.6332808083333333 0.022412093749999994 0.0749999472222222
0 0.387119480078125 0.6121870729166667 0.011865225781249978 0.028124981944444412
0 0.267808039453125 0.6414839270833333 0.03164060390625001 0.058593709722222165
0 0.46688016796875004 0.6250776895833334 0.018457018750000033 0.0398437236111111
0 0.479404573828125 0.6110151986111111 0.01713866015624994 0.025781233333333296
0 0.482700469921875 0.6250776881944445 0.010546867968749929 0.03515622638888887
0 0.4939065167968749 0.6274214368055556 0.022412094531250037 0.04921871527777778
0 0.5090676390625 0.6321089333333333 0.031640603125000055 0.04453121944444444
0 0.5314797328124999 0.6344526819444444 0.026367170312499955 0.07265619999999996
0 0.5538918273437501 0.6438276763888889 0.050097621875 0.09609368333333335
0 0.6072853453125 0.6614057881944444 0.09096673437499998 0.12187491527777776
0 0.36470738671875 0.6262495625 0.03823239531250002 0.0515624638888889
0 0.19200242734375 0.6907026430555556 0.1568846578125 0.17578112777777785
2 0.363389027734375 0.5922652111111111 0.02504881015625 0.025781233333333375
2 0.427329414453125 0.6239058138888889 0.07910150859375001 0.14999989722222223
2 0.7839453796875 0.6860151458333335 0.28344707031250005 0.3304685222222222