0 0.907030626171875 0.5378902541666667 0.015820300781249942 0.025781233333333375
0 0.918895852734375 0.5109371486111112 0.010546867968749929 0.018749986111111148
0 0.89450622109375 0.5074215277777778 0.014501943750000024 0.016406238888888917
0 0.8865960707031248 0.5238277652777777 0.014501942968749936 0.01640624166666661
0 0.8826409937499999 0.5285152611111111 0.01186522656250002 0.021093733333333295
0 0.8806634566406248 0.543749625 0.01845701953125012 0.023437480555555605
0 0.872753306640625 0.5472652479166666 0.02373045390624995 0.02578123194444449
0 0.8516595714843749 0.5367183805555555 0.013183585156250111 0.018749986111111148
0 0.8444085996093751 0.5507808701388889 0.019775377343749945 0.02812497916666672
0 0.93471615390625 0.5402340020833333 0.02109373437500004 0.03046872916666672
0 0.936034512890625 0.5460933743055556 0.02109373515624995 0.02812497916666672
0 0.8312250144531251 0.5929683409722222 0.038232396093749975 0.05624996249999994
0 0.8009027687500001 0.5988277138888889 0.025048810937500044 0.05859370833333328
0 0.75476022265625 0.5906245944444445 0.08041986718749997 0.1171874194444445
0 0.65126908359375 0.6261714472222222 0.12128897968750003 0.1367186611111111
0 0.434662789453125 0.6379683229166667 0.32247047890624997 0.2859373041666667
0 0.14066885 0.6726557875000001 0.2813377 0.33515601944444445
0 0.9413079464843751 0.58945271875 0.014501942968749936 0.051562465277777705
0 0.96701593671875 0.59179646875 0.0474609046874999 0.0937499375
0 0.97624444609375 0.5976558375000001 0.044824189062499895 0.08203119444444443
4 0.9933831062499999 0.5050777777777777 0.013183584375000024 0.0515624638888889
0 0.4965432328125 0.9009368805555554 0.01186522656250002 0.0