3 0.39646340742187497 0.5651631451388889 0.01653060859374995 0.0642857013888889
2 0.5176884828125001 0.5725363236111112 0.0712882515625 0.05510202777777774
0 0.5166553207031249 0.5768657687500001 0.05269131640625 0.053265295833333365
0 0.471712728125 0.5741106694444444 0.10951528281250003 0.06244896666666667
3 0.602850652734375 0.5722739354166667 0.01136479296875006 0.03673468472222226
0 0.5759884136718749 0.5566616923611111 0.015497446093749988 0.016530609722222225
0 0.58993611484375 0.557580061111111 0.014464282812499984 0.022040811111111145
0 0.605950141796875 0.5584984277777778 0.015497446093749988 0.02755101388888887
0 0.63694503359375 0.5842127069444445 0.01963009843750001 0.038571419444444484
0 0.8298021253906249 0.6563263958333334 0.23246168671874995 0.24979586388888897
0 0.61765930234375 0.5727549861111112 0.021696423437499935 0.03489795277777771
0 0.670350618359375 0.5929590604166667 0.06508927265624997 0.08999997916666666
0 0.94637735 0.7677549395833334 0.10641579374999992 0.3159183013888888
6 0.8523595128906252 0.7402039236111111 0.11468109765625005 0.3453060500000001