4 0.53156297734375 0.23306624583333332 0.025790117187499996 0.020377380555555567
4 0.43198446835937504 0.33240595902777775 0.015760627343750055 0.015283031944444442
5 0.518667918359375 0.1668397722222222 0.014327842968750027 0.050943441666666645
5 0.5086384277343751 0.16811335694444446 0.01146227265625006 0.06367929999999998
5 0.43270085937499997 0.3553305076388889 0.008596704687500002 0.02547172083333334
5 0.5337121539062499 0.3324059597222222 0.024357332812499966 0.04584909999999998
3 0.43198446796875 0.4177362229166667 0.007163921875000057 0.020377373611111062
3 0.441297566796875 0.42028339513888885 0.011462272656249972 0.02037737361111114
3 0.4506106640625 0.4177362229166667 0.004298353124999999 0.020377373611111062
3 0.4577745851562501 0.41773622430555557 0.01002948906250003 0.02547172083333338
3 0.4699532515625 0.4215569840277778 0.008596704687500002 0.03311324027777782
3 0.478549958984375 0.4241041548611111 0.01146227265625006 0.028018893055555574
3 0.491445017578125 0.4279249152777778 0.01146227265625006 0.05094344166666668
3 0.502907291015625 0.4393871895833333 0.014327842968750027 0.07386799027777778
3 0.5179515265625 0.4393871895833333 0.021491764062499995 0.07386799027777778
3 0.545890819140625 0.43047208472222215 0.008596705468749999 0.0713208194444444
3 0.535144938671875 0.4495758763888889 0.01862619765625002 0.09933971388888886
3 0.5544875250000001 0.4572173930555555 0.022924548437500025 0.11971709166666665
3 0.649767682421875 0.4775947680555556 0.021491764843749993 0.1655661861111111
3 0.5671438023437501 0.4584909777777778 0.02435733125000006 0.12735860555555556
3 0.602963408984375 0.4584909777777778 0.024357333593749964 0.13245294999999993
3 0.6330518796875 0.4686796645833334 0.024357332812499966 0.19867942083333337
3 0.7089894492187501 0.4975476222222222 0.07880313750000001 0.41773622222222223
3 0.89954976171875 0.5170759458333334 0.1045932546875001 0.5332080333333334
3 0.9862332109375 0.4924532763888889 0.025790117187499996 0.4126418805555555
3 0.739555505859375 0.47080231527777777 0.047281880468749996 0.36424560833333336
3 0.783255428125 0.4911796930555556 0.06304250937500004 0.36424561111111114
3 0.810478330078125 0.4618872145833333 0.045849097656250046 0.3718871263888889
3 0.857043819921875 0.47844383333333335 0.0558785882812499 0.40500036388888894
3 0.947548036328125 0.48099100624999996 0.05444580390624996 0.3489625791666666
1 0.11175717578125 0.3986324319444445 0.2235143515625 0.2954719611111111
1 0.29085521484375 0.40754753611111116 0.10602604062499998 0.175754875
1 0.35962886054687504 0.40627395208333333 0.04011796015624998 0.10188688472222225
1 0.381120625390625 0.4113682965277778 0.014327842968749982 0.06622647361111113
1 0.40834352851562505 0.4190098097222222 0.028655686718750007 0.05603778611111107
0 0.3918665078125 0.41773622430555557 0.007163921875000012 0.04330192638888882
0 0.18124721445312503 0.5068872479166667 0.18196360703125 0.1910379069444444