4 0.7604795609374999 0.06088792916666667 0.06423715625000001 0.12177585833333333
4 0.760479560546875 0.16596014375 0.03517749140624993 0.08564954027777778
4 0.604092673828125 0.2801595347222222 0.00841200859375002 0.025830813888888887
4 0.5547677156249999 0.3053105902777778 0.012235651562500038 0.01903323055555555
4 0.5398980039062501 0.3015860847222222 0.007647279687499964 0.009516613888888869
4 0.5387509109374999 0.30906342708333334 0.011470920312499988 0.010876134722222217
4 0.518867982421875 0.2907099527777778 0.003823639843750026 0.012235650000000023
5 0.47642557460937496 0.26555889791666665 0.007647280468749962 0.016314195833333323
5 0.510838337890625 0.2920694701388889 0.006117824218750023 0.017673715277777783
5 0.529191811328125 0.2975075361111111 0.006117825781250019 0.023111780555555544
4 0.609488255078125 0.31042294305555557 0.013765103906249987 0.040785494444444445
5 0.34476490351562494 0.2689576888888889 0.005353096093750009 0.012235650000000023
0 0.288939744140625 0.3314954493055556 0.029824392968749967 0.03126888194444446
0 0.332529243359375 0.3600452979166667 0.06959025234374998 0.07205437916666667
0 0.41014913984375 0.32741689999999996 0.022941840624999977 0.03126888055555553
0 0.44800317929687505 0.32809665833333335 0.03135384921874999 0.03806646388888891
0 0.48203357851562495 0.31722052638888887 0.013765105468749983 0.01631420000000002
0 0.746756940625 0.3437310986111112 0.12312121406250007 0.04758308055555559
0 0.82373958046875 0.3480362347222222 0.03288330624999993 0.02990936388888888
0 0.892182741796875 0.33965254791666666 0.04741313984374997 0.03398791249999999
0 0.9388311527343749 0.3328549652777778 0.026000753906250118 0.025830813888888887
0 0.9808911957031249 0.33149544861111113 0.03670694609374987 0.03942597777777779
0 0.04180513125 0.3271903104166667 0.0836102625 0.08429002638888884