4 0.357358831640625 0.6294039513888888 0.02916804609375001 0.021456952777777774
4 0.30757199609375 0.5605628930555555 0.02212748124999999 0.030397350000000028
4 0.453412222265625 0.6079469979166666 0.014081124218749963 0.02145695416666666
4 0.44385717421875004 0.6195695152777778 0.01709850937500006 0.030397350000000028
0 0.3970877203125 0.6723178541666667 0.022127482812499943 0.06437085833333332
0 0.41519202539062494 0.6651655381944445 0.016092714843750057 0.035761587500000046
0 0.44536586523437494 0.6937748090277778 0.07644039453125 0.09298012916666676
0 0.31310386679687496 0.6758940145833334 0.013075330468750002 0.028609270833333353
0 0.297514048828125 0.6714238166666667 0.014081124218750008 0.019668874999999985
0 0.278906847265625 0.6741059354166667 0.009052152343750031 0.025033112500000006
0 0.266837312109375 0.6848344104166667 0.019110099218749975 0.03933774583333331
0 0.24219534375000001 0.6875165319444444 0.04425496406249998 0.059006619444444415
0 0.132060828125 0.6982450076388889 0.023133276562499992 0.04470198472222222
0 0.089817451953125 0.7214900388888889 0.08750413515625 0.09476820833333335
0 0.026552973046875 0.6893046097222222 0.05310594609375 0.04827814444444437
0 0.040634098046875 0.7402648722222223 0.08126819609375 0.1394701916666667
0 0.182350560546875 0.7027152055555554 0.10359685078125003 0.10013244722222217
0 0.35383855078125004 0.7071854041666666 0.09454469843750002 0.1376821138888889
0 0.871791935546875 0.6910926909722221 0.25541010859375 0.40231786527777774
4 0.77928969453125 0.4917218375 0.036208609374999944 0.08225165277777782
4 0.9925181621093749 0.3303304631944444 0.01206953671874995 0.16715100972222222
4 0.989972807421875 0.4255628979166666 0.019048364843749964 0.042913906944444434