5 0.42552769921875006 0.03154855486111111 0.01872112187499999 0.06309710972222222
5 0.00975667578125 0.27214964375 0.0195133515625 0.0395223708333333
4 0.006246465234375 0.17438377986111112 0.01249293046875 0.02704162083333333
4 0.012096816015625001 0.10261947638888888 0.024193632031250002 0.03328199444444445
4 0.12481966523437502 0.2763098930555556 0.025741541406250002 0.06864411666666663
3 0.014833071484374998 0.3907167513888889 0.02106126328125 0.05200311666666669
3 0.41382699765625 0.3896766923611111 0.009360560937499951 0.029121748611111067
0 0.46940533085937497 0.3834363180555556 0.015210911718749998 0.016640999999999986
0 0.457704628515625 0.38447637916666666 0.01287077265624994 0.014560872222222245
0 0.442493717578125 0.3855164416666667 0.01755105234375005 0.012480747222222198
0 0.43079301484374993 0.3969571256944445 0.029251753124999967 0.022881370833333314
0 0.34186768203125 0.4104779381944444 0.06903414062499999 0.09568573472222215
0 0.284534244140625 0.4271189347222222 0.10647638515625002 0.1123267361111111
0 0.18273813945312498 0.46144099583333337 0.15093905078125 0.12272735833333333
0 0.49690198046875 0.40423756180555553 0.030421824999999993 0.04160249305555557
0 0.464725048828125 0.42919906041666667 0.04563273828124999 0.07072424027777784
0 0.545459891796875 0.3865565041666667 0.017551053906249958 0.0228813722222222
0 0.5793919261718751 0.39175681388888883 0.012870772656250029 0.016640997222222214
0 0.5635959796875 0.39903725347222224 0.037442245312500066 0.04784287083333333
0 0.816331134765625 0.45624068472222223 0.05616336796875006 0.18721122777777777
2 0.761337838671875 0.3189524479166667 0.06786407109374996 0.07904473750000002
2 0.6232695582031249 0.3543145715277778 0.07956477109375007 0.09568573472222223
0 0.40271133164062506 0.4905627402777778 0.12753764765625003 0.17681060277777777
0 0.6841132058593751 0.46560124375000006 0.24103445390624997 0.37234232916666665
0 0.08698130703125 0.5633671062500001 0.1739626140625 0.3224193347222223
2 0.8947258351562499 0.3979971895833333 0.20827249062500003 0.3078584625
0 0.5232285593749999 0.42919906041666667 0.06903414062499999 0.1164869875