4 0.073394778125 0.11306780833333334 0.0324465796875 0.05213638611111111
4 0.146711569921875 0.029633747222222222 0.03681438984375 0.059267494444444443
4 0.31491678984375 0.2892063909722223 0.02433493593749998 0.037715684722222226
4 0.31023699374999997 0.2270864423611111 0.028702743750000037 0.08652421250000002
4 0.290893840625 0.24871749583333333 0.012479453125000007 0.03216925833333334
5 0.17954814218749998 0.031059974305555554 0.018095207812500003 0.02995069027777777
5 0.044146068359375 0.10870991041666667 0.013103427343750007 0.018857843055555573
0 0.19212119140625 0.3843671777777778 0.015599317187499984 0.03216925833333338
0 0.0467355546875 0.3888043159722222 0.0293267171875 0.03882496805555557
0 0.01584890625 0.3915775284722222 0.031198634375 0.03771568194444441
0 0.14781913085937498 0.38603110555555553 0.014351372656249995 0.022185697222222227
0 0.169658174609375 0.38492182013888887 0.03182260703124999 0.04215282083333333
0 0.23049551210937497 0.37937539583333335 0.06114932421875001 0.10205419999999997
1 0.10226912421875001 0.36051755416666664 0.0804924765625 0.10649133888888886
3 0.5821041203125 0.42041893333333336 0.04305411718750003 0.18635984444444445
3 0.45882792539062506 0.39693908333333333 0.01123150859375004 0.056573524999999986
3 0.465691625390625 0.3930565861111111 0.008735617968749932 0.057682808333333294
3 0.4522762125 0.3780812416666666 0.004367807812499969 0.02107641111111107
7 0.8681020078125 0.5113802854166667 0.19405550937499996 0.2562447847222223
4 0.9600599828124998 0.20513844444444446 0.013727399999999968 0.12313061111111112