4 0.029445146093750003 0.4499999041666667 0.013431120312500003 0.018367344444444378
4 0.021179843359375 0.46561214652777777 0.01963009765625 0.016530609722222225
4 0.25632775859375 0.46285704513888887 0.017563771875000002 0.02204081249999995
4 0.32813258984375004 0.4683672465277777 0.03306121718750003 0.01469387361111111
4 0.59375881484375 0.46010194374999996 0.017563771875000002 0.020204079166666687
4 0.253124946484375 0.5133672368055555 0.016530608593749996 0.012857140277777764
4 0.25260836484375 0.5363264166666667 0.015497445312499991 0.025714280555555608
0 0.082136462109375 0.631836601388889 0.16323976171875 0.22775505555555553
4 0.48455346835937496 0.4518366381944445 0.006198977343750034 0.02204081249999995
2 0.139255619140625 0.56518938125 0.05269131640625 0.0440816236111111
0 0.23073974101562503 0.5917345680555556 0.03926019609374998 0.08999998055555562
0 0.181147916015625 0.5797957951388889 0.04132652109375001 0.02204081250000003
0 0.385197616796875 0.5935713041666667 0.009298467968750002 0.02387754722222226
0 0.400178481640625 0.5926529368055556 0.02479591328124999 0.029387751388888952
0 0.424457812890625 0.5880611 0.042359685156250035 0.04959182500000002
0 0.6021618562500001 0.6140815069444444 0.04855866406250007 0.07714284166666666
1 0.5930825519531251 0.5581428486111111 0.07335457578124993 0.1230612
1 0.501647622265625 0.5608979513888889 0.11571426171874996 0.21306118055555553
1 0.8079804648437501 0.45436736180555565 0.383303490625 0.5179590736111112
0 0.305863225 0.6281057340277778 0.16014027187500002 0.2259183180555556