0 0.5293630765625 0.47437052361111115 0.023909804687500015 0.047607077777777736
0 0.49110738906249995 0.47522064999999997 0.020084235937499972 0.05270783611111109
0 0.44759154453125005 0.45481761805555565 0.01912784375000003 0.025503791666666664
0 0.474370525390625 0.43186420625 0.01338949140625001 0.017002526388888838
0 0.48249985859375 0.44121559652777775 0.023909804687500015 0.022103287499999957
0 0.381600483984375 0.4539674916666666 0.015302275781249985 0.027204044444444502
0 0.241967223046875 0.4718201444444445 0.028691764843750002 0.035705308333333366
0 0.14345882890625 0.49477355833333336 0.09755200312500001 0.10201516666666666
0 0.364863620703125 0.4718201444444445 0.025822588281249993 0.035705308333333366
0 0.40598848476562505 0.45991837569444444 0.016258667968750064 0.022103287499999957
0 0.47150134999999993 0.47947128263888883 0.03825568749999997 0.05780859583333332
0 0.55422927421875 0.4811715354166667 0.041124864062499975 0.05780859583333332
0 0.3973809554687501 0.4446161006944444 0.012433098437500022 0.015302273611111082
0 0.025822589453125 0.5148365479166667 0.05164517890625 0.1224181986111111
5 0.352908718359375 0.3770310548611111 0.005738352343750019 0.022103287499999957
5 0.35864707109375005 0.3770310548611111 0.005738353124999973 0.018702781944444444
5 0.291221420703125 0.4348396465277778 0.008607528906250028 0.015302273611111162
5 0.5518382933593751 0.4322892680555555 0.011476707031250033 0.013602022222222211
5 0.498280330859375 0.38893282430555554 0.005738352343750019 0.018702781944444444
3 0.27735373359375004 0.4704599388888889 0.009563921875000015 0.03570530833333328
3 0.788133709375 0.4886931625 0.03295403906249996 0.11716991666666669
3 0.603866021484375 0.46790956041666665 0.0076511367187499955 0.04420657083333334
3 0.6119953546875 0.47471057083333335 0.006694745312499961 0.03740556111111112
4 0.6333930042968751 0.3485986972222222 0.021491764843749993 0.030566063888888884
3 0.80747629765625 0.5001554374999999 0.03438682343750008 0.10443405555555556