0 0.050905689453125 0.3851310986111111 0.055881433593749995 0.03266129444444448
0 0.115590362890625 0.4279990472222222 0.12247985546875 0.12111896666666663
0 0.6439665437500001 0.43262606736111103 0.16305130624999994 0.09662299583333334
0 0.4864746730468751 0.4249370520833333 0.15998931015624995 0.11159275694444439
2 0.46689976640625 0.41837563194444444 0.23194622656249994 0.15786292222222223
0 0.045875265234375 0.4457877888888889 0.08956339296875 0.12247985555555556
5 0.14276558125 0.2712702 0.0176064796875 0.06260081388888888
5 0.140469083203125 0.3406754513888889 0.01913747734375002 0.02993952222222222
4 0.12089417656250001 0.22717096666666667 0.02985446406250001 0.04763105277777776
4 0.8996528066406249 0.2007308736111111 0.0704259164062501 0.029939522222222258
4 0.894294313671875 0.14561493819444443 0.03215096171875 0.06668347638888888
4 0.8958253109375001 0.30483874791666665 0.021433974999999883 0.047631054166666686
4 0.9027148035156249 0.25992946805555556 0.007654992968749852 0.04218750555555554
5 0.8809619019531251 0.2538054770833333 0.016075482031249956 0.06396170416666666
5 0.8557004312500001 0.25380547569444445 0.019137478125000128 0.06940524861111111