0 0.031725937890625 0.509070538888889 0.06345187578125 0.06113213055555562
0 0.11124546718749999 0.5749331243055555 0.22249093437499998 0.23943417916666665
0 0.25043022773437495 0.5485517076388888 0.08453427265624999 0.12481143194444447
0 0.37651524687500004 0.5141648826388889 0.018626195312499982 0.0458490986111111
0 0.357172658203125 0.5192592291666666 0.034386822656249996 0.066226475
0 0.33711367890625 0.5383630180555555 0.02292454843749998 0.043301924999999936
0 0.312039953125 0.5345422618055555 0.053013018750000016 0.09679254027777778
0 0.5212264624999999 0.4908764451388889 0.015760628124999964 0.03056606527777777
0 0.69745893125 0.5048858909722223 0.027222901562499936 0.028018893055555574
0 0.7268310097656251 0.5014290222222223 0.02579011796874999 0.025471722222222187
0 0.533405128125 0.5223522159722223 0.03152125468750002 0.07386799027777778
0 0.500451090234375 0.5134371138888889 0.045849097656250046 0.05603778611111107
0 0.429528265234375 0.5572848638888889 0.11032439140624999 0.1582885583333334
0 0.577105050390625 0.5498252944444444 0.10172768515624994 0.12735860555555562
2 0.6530426171875 0.4976082645833333 0.06734086250000004 0.043301926388888905
2 0.8844372832031251 0.44411765000000003 0.10602603828124994 0.06367930277777774
0 0.905929048046875 0.6708159673611112 0.18626196015625 0.5527363458333333