0 0.12589696796875 0.5933408861111111 0.2517939359375 0.4343385361111111
0 0.612377509375 0.5941402173611111 0.14633779062500007 0.12656241527777784
0 0.696752451171875 0.5484371229166667 0.059326130468750016 0.05390621249999994
0 0.805517024609375 0.5531246215277777 0.06987299921874994 0.08203119305555553
0 0.781786572265625 0.5437496270833333 0.054052696093750005 0.07265619861111108
0 0.295312297265625 0.5343746340277779 0.05273433828124996 0.06562495138888894
0 0.40935030507812503 0.5378902548611112 0.04086911328125002 0.04921871527777778
0 0.38957492734375 0.5320308854166668 0.0250488109375 0.03515622638888887
0 0.3869382109375 0.5191402687500001 0.01977537812500003 0.02343748194444441
0 0.3697995515625 0.5214840173611112 0.019775378124999986 0.02812497916666664
0 0.361889400390625 0.5167965194444444 0.014501942968750025 0.03281247777777775
0 0.35068335234375 0.5132808972222221 0.010546868750000016 0.025781233333333296
0 0.34409156015625 0.5097652756944444 0.013183584374999979 0.02812497916666664
0 0.33222633359375 0.507265275 0.010546868750000016 0.022343725000000033
0 0.24125960039062502 0.505546529861111 0.029003886718750004 0.04921869861111116
0 0.2669675890625 0.5078121541666667 0.014501943749999979 0.023437483333333377
3 0.8239740433593749 0.5679683659722222 0.036914036718749973 0.16874988194444443
4 0.721989602734375 0.32628324375 0.02768552734374996 0.03046872916666664