5 0.70429247890625 0.16146168055555554 0.012614193749999992 0.049335513888888884
5 0.538031189453125 0.21303971736111113 0.008060652343749997 0.04036542083333335
5 0.7884944421875 0.22957260486111114 0.010520307812500018 0.045025923611111116
5 0.69420112421875 0.1644517 0.012614193749999992 0.049335513888888884
5 0.957207064453125 0.15099655972222223 0.01639845234374988 0.049335513888888884
5 0.47723699140625 0.30909445486111115 0.015137032812500006 0.024667756944444442
4 0.20161685742187502 0.10352980486111112 0.04414967890625001 0.04260794305555556
4 0.48606692695312503 0.29862933472222225 0.02018271015624995 0.0112126166666667
4 0.52769376640625 0.3206808375 0.012614193749999992 0.017940186111111107
0 0.606532477734375 0.3864615104166667 0.011352774218750028 0.026910279166666683
0 0.62482305859375 0.3909465569444444 0.030274065625000013 0.049335513888888884
3 0.8241273203125001 0.3842189875 0.015137032812499918 0.09418598055555556
3 0.8089902875 0.41897809861111107 0.030274065624999923 0.11885373611111108
3 0.543461508203125 0.38085520208333334 0.011352774218750028 0.04709299027777776
3 0.530216605078125 0.38982529583333336 0.015137032031250008 0.05606308333333329
3 0.3271280859375 0.35618744513888884 0.015137032812500006 0.06503317638888886
3 0.34037298867187504 0.3640362770833333 0.023966967968749975 0.08970093472222224
3 0.48985118515625 0.39132032222222224 0.012614193749999992 0.0650331777777778
3 0.4166888609375 0.4115030326388889 0.03784258125000002 0.22649485694444446
3 0.368124215234375 0.36926882013888884 0.011352774218749983 0.05830560694444442
0 0.6443750589843751 0.3976741270833334 0.02396696796874993 0.07176074583333332
0 0.6923089953125 0.4115030326388889 0.10974348593750002 0.16370420416666664
0 0.583196219140625 0.39692663055555555 0.042888258593750006 0.0717607472222222
0 0.88909041796875 0.5303567694444444 0.220748390625 0.6301490583333335
0 0.180172727734375 0.3969266305555556 0.35950452265625 0.6996672805555556