0 0.556354103515625 0.5127567659722222 0.02928179453124997 0.04685087083333331
4 0.80817753671875 0.5196976333333333 0.05075510937500001 0.04685087222222219
4 0.947271926171875 0.31928001319444443 0.10445012734375006 0.22904870138888886
0 0.80036906015625 0.5760922006944446 0.017569078125000016 0.020822606944444447
0 0.8228184351562501 0.5786950291666667 0.02928179531250006 0.026028263888888858
0 0.8516122015625001 0.5795626368055555 0.038066334374999934 0.027763479166666608
0 0.876501727734375 0.5882387236111111 0.03904239453124987 0.031233916666666695
0 0.91212791015625 0.5986500263888889 0.04197057187499986 0.031233916666666615
0 0.96825135078125 0.5995176361111111 0.062467829687500045 0.05379174166666666
0 0.12542368828125 0.6055908979166668 0.1376244359375 0.07982000138888887
0 0.06686009804687501 0.6133993770833333 0.13372019609375002 0.14749348472222223
0 0.024480266796875 0.6245589638888889 0.04896053359375 0.11775613333333329