5 0.535853369140625 0.37962060208333337 0.0047985742187499625 0.02559240138888891
5 0.4542775921875 0.3753552027777778 0.007197862499999985 0.034123200000000034
5 0.6348239765624999 0.3774879034722222 0.005998218750000017 0.029857798611111104
5 0.6822099046875 0.4009476006944444 0.007197862500000074 0.02559240138888891
5 0.35770626914062503 0.3753552027777778 0.008397508593749992 0.034123200000000034
5 0.352307872265625 0.4180092006944444 0.009597150781250008 0.02559240138888891
5 0.34451018789062504 0.41694285138888887 0.005998219531249971 0.01919430000000004
5 0.54245140625 0.3774879006944444 0.008397506250000042 0.021326998611111096
5 0.745791023046875 0.44573430138888886 0.0047985742187499625 0.017061600000000017
5 0.68700848046875 0.447867 0.007197862499999985 0.017061600000000017
5 0.738593161328125 0.4436016020833334 0.004798575781249958 0.02559240138888891
0 0.315718737890625 0.46599495069444447 0.04198753203124998 0.04052130138888891
0 0.28272853554687505 0.47132670138888894 0.023992875781250023 0.04691940000000001
3 0.301522990234375 0.4670613006944444 0.006398172656250001 0.04691939861111112
0 0.5502490921875001 0.47772480208333334 0.007197862499999985 0.02559240138888883
0 0.540651943359375 0.4809238513888889 0.011996436718750036 0.023459700000000003
0 0.5652446375 0.47772480069444445 0.02279323125000001 0.04265400138888885
0 0.605432705078125 0.48199020138888893 0.011996439843749939 0.025592400000000026
0 0.616829321875 0.48199020138888893 0.010796793749999978 0.025592400000000026
0 0.6288257570312499 0.48199020138888893 0.013196081250000002 0.025592400000000026
0 0.64682041484375 0.48625560208333335 0.02279323125000001 0.03412320138888892
0 0.3936955828125 0.5075826 0.07797684374999996 0.13649279999999997
0 0.4770708214843751 0.5086489506944444 0.15355439921874997 0.2708528986111111
0 0.7223979703125 0.50438355 0.046786106249999994 0.04905209999999995
0 0.83456466171875 0.5150470500000001 0.09117292499999996 0.08317530000000006
0 0.9143409703125001 0.5363740513888889 0.12356330624999998 0.08744070000000002
0 0.9856620242187499 0.5619664506944444 0.028675951562500045 0.0831752986111111
3 0.21554848359375 0.5203788034722222 0.07677720000000002 0.3924168013888888
2 0.12336961054687501 0.3742888513888889 0.24673922109375002 0.7485777027777778
3 0.285605878515625 0.4724996763888889 0.014501942968749982 0.0656249555555555