5 0.4500714960937501 0.35741155555555554 0.011855482812500017 0.01552998611111115
5 0.54647527578125 0.3269062208333333 0.003743835937499984 0.014420699999999995
5 0.5417954800781251 0.3252422951388889 0.004367810156250052 0.015529987500000036
0 0.6026016265624999 0.39490538333333336 0.008111645312499948 0.027732119444444456
0 0.612897175 0.40211573541666673 0.01871917968750001 0.042152823611111105
0 0.6200728621093751 0.40988072847222223 0.021839044531250008 0.053245670833333335
0 0.7467393187500001 0.4536974756944444 0.1859438625 0.21852910138888887
0 0.639104028515625 0.41265393958333335 0.04305411484375003 0.05435495416666672
0 0.5704670347656251 0.4437139145833333 0.08049247734374995 0.12091204305555563
0 0.4809269515625 0.41875500416666667 0.01684726249999997 0.04880852500000006
0 0.47593517031250004 0.42208285972222226 0.01934315312499999 0.048808527777777756
0 0.46251975820312496 0.42152821875 0.02246301796874999 0.07654065138888895
0 0.45222420664062496 0.4231921444444445 0.033070550781250055 0.09096135000000005
0 0.411042009765625 0.4320664215277778 0.07674864296874997 0.1153656125
0 0.342093026953125 0.4603531861111111 0.12479453671874996 0.14087916944444442
0 0.21636253164062497 0.5330113381944445 0.23024592265625002 0.21963838749999998
0 0.057171498046875005 0.6627976583333333 0.11434299609375001 0.2684469194444444
2 0.48623071953124997 0.38769503194444443 0.05553356874999995 0.09539849166666667
0 0.8866651937499999 0.541330975 0.22650208437499994 0.3860311083333334