4 0.362347541015625 0.5421261354166667 0.009566930468750012 0.021259848611111052
4 0.45861479179687503 0.47090564166666665 0.010762797656250012 0.019133863888888904
0 0.31212115078125 0.5516930666666667 0.01674213124999997 0.019133863888888828
0 0.339028145703125 0.5516930666666667 0.01315453203125001 0.019133863888888828
0 0.352780611328125 0.5495670833333334 0.011958664843750012 0.023385833333333276
0 0.373708272265625 0.5431891263888889 0.01315453203125001 0.019133861111111056
0 0.34321367734375 0.56870094375 0.009566931250000011 0.0148818902777778
0 0.35098681015625 0.5697639361111111 0.010762798437499966 0.025511816666666694
0 0.358162009375 0.5729529125 0.013154532812499963 0.03188976944444448
0 0.3713165390625 0.5750789006944445 0.013154529687500017 0.048897651388888935
0 0.380285540625 0.5772048840277778 0.016742131250000014 0.048897651388888935
0 0.39104833671875 0.5793308701388888 0.021525596875000018 0.05740159027777783
0 0.26069889101562504 0.5803938618055555 0.019133863281249976 0.034015756944444475
0 0.257709225 0.5867718166666667 0.013154531249999967 0.021259850000000018
0 0.239173294140625 0.5835828409722222 0.02870079453125003 0.048897651388888935
0 0.22422496328125 0.57401590625 0.010762798437500009 0.012755906944444461
0 0.2026993671875 0.5878348104166666 0.044247059374999995 0.05740159027777783
0 0.15426677500000002 0.5711931541666666 0.0717519890625 0.14170853333333333
0 0.23917329453125 0.5825198486111111 0.03109252812500003 0.04677166666666671
0 0.2840182875 0.5729529138888889 0.008371067187500003 0.019133861111111136
0 0.295379018359375 0.5718899222222222 0.019133864843750015 0.03826772777777781
0 0.336038479296875 0.5729529145833333 0.014350397656250014 0.036141743055555585
0 0.111813515234375 0.6112206409722223 0.08729825234375 0.1084252263888889
0 0.5548820429687501 0.5715356131944445 0.07175198749999998 0.06590552916666666
0 0.31570874921875003 0.5772048840277778 0.035875995312499985 0.048897651388888935
0 0.41317186562499997 0.5857088243055556 0.04663879218749996 0.07015749861111117
0 0.0352780609375 0.6399214354166667 0.070556121875 0.11905515138888892
2 0.276843087890625 0.559134013888889 0.010762797656250012 0.05527560555555553
2 0.25651335820312504 0.5623229902777779 0.029896660156249987 0.06590553055555554
0 0.28760588671875 0.5474410965277777 0.01554626562500001 0.014881890277777723
0 0.6876232214843749 0.5714647319444445 0.12197837890625003 0.11905514999999996
0 0.030246286718749998 0.5628812493055556 0.0600635484375 0.053389820833333344