4 0.18079638046875 0.023906225694444446 0.06328120624999997 0.032812476388888887
4 0.13992726796875 0.09421867777777777 0.1476561484375 0.11249992222222222
2 0.39041537656249997 0.4328903201388889 0.03691403593750002 0.03046872916666664
2 0.33240760468749997 0.4258590756944445 0.03691403593750002 0.02578123194444449
0 0.529502195703125 0.45398405555555554 0.01713866015624994 0.021093736111111146
0 0.499839130078125 0.45281218125 0.015820302343750026 0.02343748472222226
0 0.552573469140625 0.4563278055555555 0.021093735156250036 0.021093736111111146
2 0.7206641738281251 0.39890596736111106 0.23598616640625006 0.29531229583333335
4 0.5723488453125001 0.4071090881944444 0.010546868750000016 0.011718740277777803
4 0.9876317640625001 0.0625780736111111 0.02373045312500004 0.05859371111111112
4 0.9803807914062499 0.13171865138888889 0.03823239531250007 0.06562495277777777
2 0.0502788921875 0.3801559826388889 0.0843749421875 0.05624995972222221