0 0.06281450546875 0.4644628041666667 0.12402863906250002 0.41396225555555555
0 0.745372115234375 0.44739219722222223 0.23765487734374996 0.22334046111111108
0 0.18324231328125 0.46446280625 0.15843658593749999 0.24610127361111112
0 0.2800646703125 0.43245541458333336 0.08641995468749997 0.14225507083333333
0 0.31767335429687504 0.4082720520833334 0.07361699921875 0.13087466250000002
0 0.366484626171875 0.40329312638888887 0.03680849921874998 0.07255008611111112
0 0.381688136328125 0.4004480243055555 0.02400554296874997 0.061169681944444436
0 0.393290815625 0.3983141986111111 0.032807575 0.05690203055555559
0 0.41289534335937506 0.39120144444444443 0.014403325781249966 0.045521622222222176
0 0.42049709765625 0.38337741597222225 0.018404249999999945 0.04125397083333332
0 0.430099314453125 0.37839848819444444 0.015203510156250034 0.02560591249999994
0 0.629745415625 0.4210750090277778 0.09762254218750002 0.1564805763888889
0 0.5665308191406251 0.3954690965277778 0.07841810859375001 0.11095895416666667
0 0.52412102578125 0.39262399444444446 0.038408868750000026 0.06543733333333329
0 0.514918901171875 0.3869337916666667 0.03920905390625 0.05974712777777774
0 0.49531437421874996 0.39262399444444446 0.01600369531250001 0.04836672222222218
0 0.494914281640625 0.3869337916666667 0.023205358593749992 0.05121182500000003
0 0.4809110484375 0.38266614027777784 0.012802956250000008 0.031296113888888914
0 0.4749096625 0.3833774152777778 0.01040240312500007 0.027028463888888864
0 0.466107630078125 0.3847999645833334 0.008802033593750026 0.021338259722222197
4 0.5065169609375 0.3307430388888889 0.019204434375000013 0.027028463888888906