0 0.39313915546875 0.4309321222222222 0.021451267187499966 0.03508474166666665
0 0.45534782968750004 0.4263558506944444 0.02402541874999997 0.047288126388888845
0 0.47679909726562497 0.43398296805555553 0.024025419531250057 0.032033891666666627
0 0.5261370113281251 0.4652541506944445 0.06092159765625001 0.0823728652777778
0 0.7518209457031251 0.4491282375 0.1269915007812501 0.14338980277777777
0 0.8626320632812501 0.49031466805555557 0.2059321640624999 0.17084742500000002
0 0.9644949265625 0.5330292465277777 0.06986982187499997 0.18192704861111106
0 0.264537015234375 0.4545761840277778 0.05405719453124998 0.09152540416666663
4 0.4979268015624999 0.3805931479166667 0.02145126718750001 0.04423727916666667
3 0.634356860546875 0.4431355111111111 0.01973516484375004 0.06254236111111106
7 0.43786325390625 0.5003388875 0.03689617968750003 0.09152540555555559
0 0.418128088671875 0.45686432222222223 0.02316736953124998 0.056440669444444404
4 0.357206489453125 0.39661009375000006 0.009438557031249984 0.030508468055555623