0 0.050124096484375005 0.7010020381944445 0.10024819296875001 0.3453007069444445
0 0.39686098046875007 0.5657939284722222 0.04095245625000001 0.06240374305555558
0 0.295649910546875 0.5657939298611112 0.030421824218749994 0.049922993055555524
0 0.6384804703125 0.6042762368055555 0.12870771874999995 0.1476888569444444
2 0.4424937171875 0.5377122451388888 0.019891193750000015 0.04784287083333341
0 0.56769122421875 0.5897153638888889 0.07371442031250001 0.09776586111111109
0 0.5238135933593749 0.5709942409722222 0.04680280703125002 0.07280436805555558
0 0.500412190625 0.5564333680555555 0.03978238593750003 0.06448386666666674
0 0.4787658914062501 0.5616336805555556 0.008190490625000013 0.06656399166666671
0 0.315541105078125 0.5585134937499999 0.018721122656249988 0.039522368055555604
0 0.32782684140625 0.55747343125 0.01287077187500003 0.033281995833333314
0 0.33133705078125 0.5501929923611111 0.017551051562499965 0.031201870833333346
0 0.33543229765625 0.5553933062499999 0.0210612625 0.0291217458333333
0 0.350058173828125 0.5574734305555555 0.00819049140625001 0.016640997222222214
0 0.361758875390625 0.55227311875 0.012870772656249984 0.018721123611111147
4 0.10024819296874998 0.44410663055555555 0.01404084218749999 0.01872112222222218
4 0.11019378984374999 0.46698800416666664 0.01989119374999999 0.01872112222222218
4 0.89648094140625 0.10608636180555556 0.05265315625000007 0.07904474027777778
4 0.9321240144531251 0.1973892131944444 0.044550800781249934 0.10772121527777775
4 0.58114703203125 0.4888293138888889 0.011700703125 0.02080124722222223
4 0.493976803515625 0.49506968819444447 0.015210911718749998 0.008320498611111147
5 0.35883370000000003 0.5033901875 0.002340140625000009 0.016640997222222214
4 0.46472505039062495 0.5065103743055556 0.010530630468749979 0.018721123611111147
0 0.42786783984375 0.5470728069444445 0.00936056093750004 0.02080124722222223
0 0.419092314453125 0.5491529319444445 0.00819049140625001 0.016640997222222214
4 0.8116508542968749 0.36090164375 0.032761964843749956 0.039522370833333376
4 0.8874365195312499 0.1973436076388889 0.031640603125000055 0.0749999486111111