0 0.5374126367187501 0.28651810694444446 0.010323828124999945 0.016314199999999977
0 0.548310012890625 0.2875377458333333 0.011470921093750076 0.018353477777777787
0 0.564369301171875 0.28957702152777776 0.016059288281249983 0.026510570833333347
0 0.52192689453125 0.2854984715277778 0.013765106249999982 0.01835347083333332
0 0.58329632109375 0.29059665972222226 0.017206381250000024 0.03262839722222222
0 0.59763497109375 0.28957702430555554 0.018353471874999982 0.03466767361111111
0 0.6119736230468751 0.29569484583333333 0.030971488281250004 0.038746219444444445
0 0.66416631171875 0.2916162958333333 0.05964878749999993 0.06729606944444444
0 0.40787316718750005 0.2945295416666666 0.0367069453125 0.024471297222222237
0 0.44993253007812495 0.28203170347222223 0.01720638046874994 0.03874622083333337
0 0.5072871347656249 0.28101206666666667 0.02179474921875002 0.04078549444444448
0 0.48262465585937503 0.29834590347222223 0.05506041953125003 0.0836102652777778
4 0.43387324335937494 0.1260271826388889 0.03785403828125 0.07341389583333334
4 0.43616742617187504 0.17884440138888888 0.012618011718749943 0.030589122222222227
4 0.24747078085937496 0.18496222708333332 0.025236025781250015 0.03466767083333334
5 0.13046738867187502 0.12276433749999999 0.02064765703125 0.09380664166666668
5 0.160865328125 0.12480361041666667 0.017206379687500006 0.08564954027777778
4 0.15398277578125003 0.14825527222222223 0.024088934374999992 0.026510572222222233
5 0.12587901953124997 0.20127641805555554 0.022941840624999998 0.03874622222222222
0 0.74473519375 0.2920241423611111 0.028677303125000008 0.06117824305555557
1 0.875407383984375 0.21228850416666667 0.24918523203124998 0.42457700833333334