5 0.674521626953125 0.042421843055555554 0.01713866015624994 0.08484368611111111
5 0.350864623046875 0.1692186263888889 0.010546867968750017 0.0515624638888889
5 0.33306678359374997 0.1668748784722222 0.017138657812499992 0.056249962500000014
5 0.6494728160156249 0.04851558472222222 0.019775377343750032 0.08203119444444444
5 0.688364391015625 0.30749978125 0.013183585156249933 0.07031245138888889
5 0.24341840742187498 0.3496872527777778 0.014501942968750025 0.028124980555555526
5 0.7074805890625 0.3660934909722222 0.006591792187500012 0.01874998750000003
5 0.688364391015625 0.36843723958333335 0.00527343359375001 0.02343748472222226
5 0.35877477421875004 0.17507799722222223 0.010546868749999971 0.04921871666666669
5 0.689682748828125 0.04617183680555556 0.013183583593750025 0.07734369861111111
4 0.697592899609375 0.36726536527777776 0.015820302343750026 0.044531219444444485
4 0.298789464453125 0.20789047430555554 0.01713866015625003 0.03046872638888887
4 0.247373483203125 0.27468730416666665 0.022412094531250037 0.023437483333333335
4 0.266489681640625 0.3379685111111111 0.010546867968750017 0.04687496944444444
4 0.377231792578125 0.3543747493055555 0.010546867968750017 0.018749987499999992
0 0.45435576328125 0.39890596874999995 0.009228509375000016 0.018749987499999954
0 0.44710479140625 0.4000778423611111 0.013183584375000024 0.03046872916666664
0 0.439853819921875 0.40828096250000007 0.019775377343750032 0.037499974999999984
0 0.430625311328125 0.4106247097222223 0.01713866015624994 0.042187469444444445
0 0.41876008359375005 0.41531220694444443 0.019775376562499947 0.06093745833333328
0 0.491269800390625 0.3942184722222223 0.014501942968750025 0.028124980555555526
0 0.4978615921875 0.4000778444444445 0.01186522656250002 0.035156224999999985
0 0.506430921875 0.4071090881944444 0.021093735937500035 0.0398437236111111
0 0.519614507421875 0.4129684590277778 0.021093736718750034 0.05624996249999994
0 0.1300395796875 0.42820282430555556 0.14106435625000002 0.09140618472222223
0 0.39502963125 0.4270309493055556 0.05405269687500005 0.07968744583333331
0 0.5440041390625 0.43523406875000004 0.048779264062499994 0.08203119305555553
0 0.04095974765625 0.4211715798611111 0.0819194953125 0.11953116805555561
0 0.9718114621093751 0.680155775 0.055371057031250004 0.33281227222222226