5 0.163381826953125 0.22997650833333336 0.008194700781249998 0.059670091666666675
5 0.38054139960937505 0.3191163798611111 0.008194700781249998 0.0388489513888889
5 0.140846398828125 0.43202114444444445 0.017755185156249985 0.026708652777777786
5 0.4536108171875 0.439305325 0.012292051562499929 0.016996416666666646
5 0.150406884375 0.43323517638888887 0.01502361875 0.024280594444444463
5 0.44883057421874994 0.4356632361111111 0.013657835937500007 0.024280594444444463
5 0.558776144140625 0.4028844340277778 0.02321831953125004 0.03642089583333335
5 0.39146766796875 0.31911637916666663 0.013657835937500007 0.043705072222222204
5 0.179771228515625 0.23049220902777776 0.021852535156249984 0.05584537083333336
5 0.30678909218749995 0.4283790569444444 0.010926267187499982 0.01942447777777774
5 0.34571392109375 0.4356632340277778 0.009560484374999989 0.019424473611111163
4 0.155187126171875 0.3968142854166667 0.02731566953125002 0.01456835694444444
4 0.442684547265625 0.39924234375000006 0.023218317968750048 0.01456835694444444
4 0.5403380664062499 0.33611279583333337 0.03824193906250004 0.024280594444444463
4 0.5478498761718751 0.3688915986111111 0.02048675234375006 0.026708652777777748
4 0.564239276171875 0.28633757638888885 0.03687615234374997 0.026708655555555516
4 0.547849875 0.25841489305555554 0.012292051562499929 0.024280594444444425
4 0.389418991796875 0.4332351756944445 0.009560483593749992 0.0437050708333334
0 0.342299462109375 0.4745121888888889 0.008194700781249998 0.024280597222222235
0 0.32386138515625 0.47208412847222225 0.009560482812500038 0.019424476388888934
0 0.31293511796875 0.4684420395833333 0.012292051562499972 0.012140298611111117
0 0.310886443359375 0.4769402472222222 0.010926267968749981 0.014568358333333324
0 0.308154876171875 0.48422442569444446 0.016389400781249997 0.019424473611111083
0 0.35117705546875 0.4878665152777778 0.01502361718749996 0.02185253611111114
0 0.248060403515625 0.5012208416666667 0.02185253515625001 0.048561188888888926
0 0.612724590234375 0.5922730756944444 0.24857259140625 0.3035074375
0 0.33137319375 0.4878665152777778 0.016389401562499996 0.026708652777777786
0 0.36620067421874997 0.5012208430555556 0.02321831875 0.03399283333333329
0 0.295179933984375 0.4927226347222223 0.02048675390625001 0.021852536111111064
0 0.22211051679687502 0.5085050215277778 0.049168205468750004 0.053417309722222146
0 0.83739597265625 0.6808972472222222 0.320959115625 0.6312954749999999
3 0.5335091484375 0.48058233819444446 0.008194701562499952 0.03642089583333335
5 0.2637669125 0.4647999500000001 0.012292051562500017 0.01942447777777774
5 0.277424748828125 0.4696560701388888 0.009560483593750035 0.019424476388888855