1 0.478265085546875 0.5700304833333334 0.10527924921874998 0.20622601666666668
1 0.34636140546875 0.5454867805555556 0.05787923125000001 0.06999387222222227
0 0.42940285546875 0.5734469777777778 0.006823654687500014 0.01906290833333328
0 0.422091799609375 0.571713986111111 0.011697697656250039 0.022528891666666655
0 0.40795708359375 0.57517996875 0.034118274999999976 0.025994879166666686
0 0.39430977265625 0.5734469777777778 0.022420579687500018 0.029460861111111094
0 0.38309948203125 0.56998099375 0.023395385937499968 0.032926840277777814
0 0.32899764882812504 0.571713982638889 0.05361443203124998 0.0675866708333333
0 0.302190432421875 0.5743134729166667 0.029244235156249986 0.06238770416666668
0 0.23980272929687502 0.5474521006944444 0.04679077734375001 0.050256754166666674
0 0.26124850234375 0.5829784319444444 0.08968232343750002 0.09011556944444447
2 0.16361032578125 0.5471054930555556 0.1049644609375 0.10987168611111113
2 0.12136357617187499 0.5084597854166667 0.008773271093750012 0.024261879166666726
1 0.10820367109375 0.5075932902777778 0.015596926562500002 0.022528888888888883
0 0.09845559335937501 0.5067267965277777 0.013647310156250004 0.020795901388888892
0 0.0799342453125 0.5041273090277778 0.027294621875 0.025994876388888834
0 0.0511774109375 0.5015278229166666 0.0302190390625 0.027727868055555563
0 0.0297316390625 0.49979482847222223 0.0341182734375 0.027727868055555563
0 0.011697694140625001 0.5526510777777778 0.023395388281250002 0.20622601666666668
0 0.52899574453125 0.60452529375 0.017546540624999985 0.05372273749999997
0 0.5548281519531251 0.6209887194444446 0.055564047656250004 0.07971761944444443
0 0.580173155859375 0.6062582909722222 0.022420580468750017 0.025994879166666686
0 0.6060055640625001 0.6218552180555557 0.048740392187499995 0.07798463333333332
0 0.718595872265625 0.715147925 0.21933176796875004 0.28074465277777766
0 0.928179556640625 0.7734919777777778 0.14134713828124995 0.2691913722222222
0 0.86969108828125 0.6654688236111111 0.026319814062500058 0.017329922222222256
0 0.83370441171875 0.6585368541666666 0.02534500468750007 0.01732991388888894
0 0.8137208496093751 0.6507383916666667 0.01852134921875006 0.025994874999999952
3 0.8103090218750001 0.6533378784722221 0.008773270312500081 0.03639282083333334
1 0.55922491875 0.5770862430555556 0.03509308437499996 0.017329916666666632