3 0.063663611328125 0.30895013194444443 0.010323830468749995 0.038746219444444445
3 0.083164174609375 0.31506795416666666 0.019500566406249996 0.05506042222222223
3 0.09750282773437499 0.32118578263888886 0.013765103906249987 0.05506041805555554
3 0.11012083828125001 0.3201661416666667 0.018353471875000006 0.05709969444444446
3 0.121591760546875 0.3099697701388889 0.01147091953124999 0.036706951388888916
3 0.14109232578125003 0.3089501326388889 0.013765106250000003 0.034667676388888916
6 0.1682401734375 0.3497356333333333 0.013765104687500007 0.038746222222222175
3 0.17837281875 0.3330815604166667 0.012618012500000008 0.061178240277777796
3 0.1846818234375 0.32798336875 0.011470920312500011 0.06321752083333337
3 0.192711471484375 0.32900300555555556 0.013765105468750006 0.06525679444444449
3 0.205329482421875 0.3381797416666667 0.016059288281249983 0.0836102666666667
3 0.212785580859375 0.3351208305555555 0.014912197656250025 0.08972808888888892
3 0.22253586093750002 0.3391993784722222 0.020647654687500027 0.08972809305555557
3 0.259051626171875 0.33002264583333335 0.017206378906249986 0.08768881944444445
3 0.972542909375 0.3748866916666666 0.010323829687499852 0.03874622222222222
3 0.97770482578125 0.3810045152777778 0.011470920312500077 0.04690332222222216
3 0.9857344675781249 0.38304378888888885 0.011470919531250168 0.04282477499999994
0 0.33839216250000004 0.3351208319444444 0.016059289062500027 0.036706947222222217
0 0.332083155078125 0.33716010625000004 0.012618011718750034 0.040785495833333366
0 0.311435498828125 0.3310422805555555 0.03785403828125 0.06933534444444447
0 0.289067202734375 0.33410119583333336 0.057354602343749984 0.07137461944444444
2 0.3703195609375 0.3045317076388889 0.05620751250000002 0.11419938750000003
0 0.44698355 0.33172203819444446 0.009176734374999995 0.028549845833333306
0 0.45635147656249997 0.3412386451388889 0.01720637968750003 0.04894259583333332
0 0.554427847265625 0.3429380597222222 0.016059286718750076 0.0672960611111111
0 0.573737240234375 0.34191841805555556 0.03326566953124992 0.06117824166666664
0 0.5995468140625 0.34803625 0.048177867187499945 0.0774924416666667
0 0.6452392933593749 0.3643504493055555 0.09520864296875002 0.11012084027777777
0 0.9255121363281251 0.41329303680555557 0.14797487578124996 0.13051358472222224
0 0.3995704203125 0.4112537625 0.1399452328125 0.19984893055555553
0 0.756316054296875 0.3932401618055555 0.20877075546874996 0.2589879013888889
2 0.506441153515625 0.30181267222222224 0.10897374765625001 0.19169183055555558
0 0.089473181640625 0.4924848715277778 0.17894636328125 0.4207703736111111
4 0.09291445937500001 0.1488670638888889 0.02982439375000001 0.02039275000000001
4 0.097885191796875 0.16790029027777778 0.009176735156250004 0.02039275555555555
4 0.21087376132812502 0.11963745069444444 0.05850169765625002 0.03262839583333334
4 0.26574299999999995 0.2664652416666667 0.013765106250000025 0.024471297222222195
4 0.327112425 0.2654456041666667 0.01032382812499999 0.018353474999999973
4 0.314494412109375 0.26136705625 0.010323828906249988 0.014274926388888866
4 0.6771666996093749 0.1325528625 0.020647657031250065 0.036706947222222217
4 0.6915053527343751 0.14784742291666667 0.030971486718750007 0.03874621805555554
4 0.74599222421875 0.20324772152777776 0.013765106249999982 0.016314195833333323
4 0.750007046484375 0.22058155555555553 0.028677300781250015 0.02243201944444447
5 0.073987439453125 0.24233382013888888 0.024088933593750007 0.03058912083333334
5 0.6326212804687501 0.11895769375000001 0.010323826562499949 0.04894259583333334
5 0.6439010316406251 0.11861781875 0.011470924218749979 0.055060420833333325
5 0.32462705703125 0.12235648819444445 0.011470921874999984 0.04894259583333332
5 0.08316417421875 0.197469775 0.012618012499999998 0.046903322222222224