4 0.09691938359374999 0.19057614930555558 0.02285155781249999 0.020312498611111115
4 0.11098188281249999 0.21948239305555556 0.031640621875 0.018749997222222228
4 0.62162635 0.20698239652777775 0.024609371875000008 0.015624998611111114
4 0.55395057734375 0.13745115347222223 0.017578123437500003 0.035937495833333326
5 0.6361283015625 0.2749511388888889 0.014941403125000008 0.02968749722222223
5 0.46078652578124996 0.10151365902777777 0.015820310937500005 0.05781249305555555
5 0.11977094375 0.1538574027777778 0.015820309374999987 0.04999999722222223
5 0.445845121875 0.10073240902777778 0.010546873437500003 0.059374993055555554
0 0.343892010546875 0.32260738055555555 0.022851561718750003 0.02499999722222223
0 0.36498575703124997 0.33510737916666666 0.015820310937500005 0.02187499444444446
0 0.38388223906249996 0.3397948791666667 0.02373046562500001 0.037499994444444455
2 0.932319671484375 0.35541987708333334 0.13271482734375012 0.11562498472222223
0 0.014182352734375 0.3851073729166667 0.02836470546875 0.0749999902777778
0 0.20238812109374998 0.3577636284722222 0.35156245468749997 0.22343747083333337
0 0.8721146000000001 0.3624511263888889 0.14238279531250003 0.11093748611111111
0 0.7288529 0.3640136263888889 0.07734374062499993 0.09843748611111111
2 0.500337302734375 0.3671386277777778 0.22499997265625002 0.15156248055555557
3 0.09252485351562499 0.3491698784722222 0.04570311953124999 0.12499998472222222
3 0.957807948828125 0.4452636166666667 0.07998045859374994 0.3078124583333333
3 0.126362740234375 0.49760735972222225 0.14150388828125 0.3874999527777777
3 0.6594193140625 0.35463862777777777 0.01933593437500001 0.08593748888888887
3 0.7899368757812499 0.42338861944444445 0.07470702187500003 0.28593746388888885
4 0.34031525625 0.27720728541666667 0.0070168093749999995 0.01663243750000001
4 0.70557916796875 0.2654259756944444 0.01559290937500002 0.04573920138888887
4 0.70869775 0.22453790138888888 0.01559290937500002 0.047125238888888886