4 0.7873810117187501 0.24159614236111113 0.0257104 0.07835550694444444
4 0.770393783203125 0.23914753402777775 0.010100513281249945 0.06366384861111113
4 0.789676584765625 0.32648127430555557 0.017446342968750007 0.03917775138888891
4 0.6173417820312499 0.4039695652777778 0.015609885937500057 0.03264812777777782
4 0.592090495703125 0.4170288145833333 0.011018742968749962 0.0195888763888889
0 0.41418668046875 0.46150460624999995 0.013773428124999931 0.026118506944444418
0 0.37240727890624997 0.4664018243055556 0.0257104 0.03264812916666663
0 0.351747135546875 0.4729314472222222 0.02479217265624998 0.035912938888888926
0 0.323741163671875 0.4729314506944445 0.03856560078125 0.04897219583333331
0 0.277483912109375 0.4761962625 0.06496764453124997 0.07509069444444441
0 0.541754866015625 0.44401453263888885 0.010100513281250034 0.016324062499999945
0 0.567924380859375 0.4448307381944444 0.018364572656250022 0.031015720833333264
0 0.54955980859375 0.44809554861111106 0.016528114062499988 0.027750905555555583
0 0.578024894921875 0.45380897291666666 0.020201028906249974 0.02938331249999998
0 0.5904209796875 0.45707378541666666 0.021119257812499993 0.03917775138888891
0 0.03076065625 0.5305320722222222 0.060603084375000005 0.12406288611111115
0 0.183478775390625 0.49204530625000004 0.12120617265625 0.12064967083333336
0 0.39696692070312495 0.46177159097222215 0.022955714843749985 0.03428053472222222
1 0.5246006949218749 0.43402068125 0.02479217265624998 0.057134223611111104
1 0.468129637890625 0.4372854979166667 0.029383314843749987 0.04407497361111115
0 0.5015077863281251 0.45770344791666673 0.04343112734375003 0.07036762083333335
0 0.60770038203125 0.46088118750000007 0.0385656 0.05060460000000001
0 0.9230672203125 0.6089194618055555 0.15058948906250008 0.3754534680555555