4 0.818881879296875 0.02742185 0.04746090546875008 0.02109373333333333
4 0.782627021484375 0.014531233333333334 0.01713866015624994 0.028124980555555554
5 0.43853546093749995 0.3215622722222222 0.006591792187500012 0.018749988888888878
5 0.48995144140624997 0.30398415902777776 0.006591792187500012 0.021093734722222222
5 0.5492775722656249 0.30984353124999997 0.006591791406250014 0.018749987499999992
5 0.304062897265625 0.2969529138888889 0.006591791406250014 0.021093736111111108
5 0.596079298828125 0.2981247881944445 0.00527343359375001 0.02343748472222222
0 0.42535187656249995 0.37781223333333336 0.009228509374999926 0.023437483333333377
0 0.43721710273437503 0.37429661180555557 0.01713866015625003 0.02578123194444449
0 0.47544949765624994 0.3707809875 0.019775376562499947 0.028124980555555606
0 0.5070901011718749 0.3719528638888889 0.01713866015625003 0.021093736111111146
0 0.527524658203125 0.37312473611111113 0.02373045390624995 0.028124980555555606
0 0.651450353125 0.38484347847222217 0.04218747031249999 0.05156246527777779
0 0.33306678359374997 0.3907028493055555 0.014501943749999979 0.03515622638888887
0 0.321860737109375 0.39773409444444446 0.023730453906249994 0.035156224999999985
0 0.30933633125000004 0.37781223333333336 0.019775376562499992 0.023437483333333377
0 0.28824259609374997 0.37898410694444445 0.019775376562499992 0.011718741666666688
0 0.30076700117187494 0.4071090881944444 0.02636716953125 0.0398437236111111
0 0.275059011328125 0.4059372131944444 0.03295896171874997 0.05156246250000002
0 0.170249512890625 0.43523407013888893 0.07119135703125001 0.10546867638888884
0 0.076646062109375 0.4457809381944445 0.13447256328124998 0.12656241249999997
2 0.41150911210937496 0.3707809875 0.026367169531250047 0.023437483333333377
2 0.36272984921875 0.3578903722222222 0.029003885937500008 0.021093736111111108
0 0.23221236054687502 0.4153122076388889 0.06855464140624998 0.07968744583333331
0 0.4583108382812499 0.39773409444444446 0.04350582968749998 0.0632812055555556
0 0.369980819921875 0.41296845972222224 0.06987299921874998 0.09843743333333334
0 0.79712896484375 0.4563278048611111 0.32036110781250005 0.34921851249999997
0 0.01129668203125 0.4867965333333334 0.0225933640625 0.10078118055555549
0 0.599375194140625 0.36843723958333335 0.019775377343750032 0.01874998750000003
0 0.5723488457031249 0.36609349166666666 0.013183585156250021 0.023437483333333335
0 0.61717303359375 0.3625778694444444 0.015820301562500028 0.021093733333333337
2 0.0924663625 0.3707809875 0.06328120625000001 0.023437483333333377
1 0.030503515234374994 0.3824997305555556 0.05800777265625 0.09843743333333334
0 0.19529832421874999 0.38953097500000006 0.02636717031250002 0.03281247777777775