4 0.6707427234375001 0.4675080361111111 0.030421824999999993 0.024961497222222247
4 0.843328071484375 0.4477468506944444 0.1275376492187501 0.07280436250000004
4 0.60843648671875 0.48414903333333337 0.01755105312500005 0.012480747222222198
0 0.9217227738281248 0.5678740555555556 0.05733343671875009 0.037442244444444446
0 0.828117158984375 0.55331318125 0.052653157031249974 0.04160249583333334
0 0.8585389847656251 0.5626737444444444 0.06669400078124994 0.03120187222222223
0 0.7772191078125 0.5470728083333334 0.014040839062499977 0.029121750000000033
0 0.734511547265625 0.5397923680555555 0.026911611718749916 0.027041619444444442
0 0.75206259921875 0.5470728083333334 0.047972876562499954 0.029121750000000033
0 0.609899074609375 0.5158709368055555 0.009360561718749948 0.012480748611111083
0 0.6210147402343751 0.5179510618055556 0.008190491406249922 0.0166409986111111
0 0.630960337109375 0.5221113104166667 0.009360560156250041 0.016640995833333328
0 0.641490969140625 0.5241914368055556 0.011700700781250007 0.020801248611111114
0 0.64441614453125 0.5293917465277778 0.017551051562499965 0.014560876388888902
0 0.652021601171875 0.5221113083333333 0.007020422656250069 0.02080124722222223
0 0.657286917578125 0.5252314958333333 0.012870772656250029 0.01872112222222218
0 0.6660624425781251 0.5283516875000001 0.016380982031250026 0.029121749999999953
0 0.674252933984375 0.5366721819444444 0.02106126328125004 0.02080124722222223
0 0.6894638453125 0.5397923708333333 0.016380981250000027 0.03120186944444438
0 0.704674757421875 0.5397923708333333 0.018721122656249988 0.03120186944444438
0 0.45866750546875 0.5429125590277778 0.012870773437499938 0.01664099861111118
0 0.43234092695312504 0.5356321194444444 0.021061263281249954 0.01872112222222218
0 0.408939523046875 0.5366721833333333 0.021061263281249954 0.024961494444444395
0 0.38846329375 0.5356321194444444 0.029251753124999967 0.01872112222222218
0 0.366816996875 0.49402962430555564 0.016380981250000027 0.010400623611111114
0 0.36564692734375004 0.5075504340277778 0.023401403125000008 0.012480745833333313
0 0.3416604890625 0.48882931458333334 0.01755105156250001 0.012480748611111083
0 0.34107545390625005 0.5044302506944445 0.028081682812499988 0.010400623611111114
0 0.3176740515625 0.5044302493055556 0.016380984374999973 0.01456087083333336
0 0.28988488359375 0.5044302493055556 0.01170070156249996 0.01456087083333336
0 0.277050375390625 0.5032455354166667 0.013727399218749969 0.013311415277777804
0 0.308560996484375 0.5021362506944445 0.010607535156249969 0.008874279166666652
0 0.26956270234375 0.5126744569444445 0.016223290624999987 0.016639272222222227
0 0.2168370125 0.5038001798611111 0.09921165937499998 0.05213638472222218
0 0.1600554890625 0.507312920138889 0.024334934374999985 0.02218569305555557
0 0.084554794140625 0.49178293194444445 0.16909659921875003 0.07099422500000006
0 0.44822688320312504 0.5448437152777778 0.012479453906250004 0.014420699999999995
0 0.48129743671875 0.5459530006944444 0.007487673437500053 0.01663927083333334
0 0.470377912890625 0.5465076423611112 0.011855480468750023 0.013311418055555496
0 0.385829613671875 0.5015816097222223 0.011231508593749995 0.014420699999999995
0 0.3533830328125 0.533196226388889 0.032446581250000016 0.01331141944444446
0 0.9804755894531251 0.5814501152777778 0.03619041640624996 0.0432621083333333
0 0.59480196875 0.5701723791666666 0.058029460937499965 0.08319635833333336