0 0.2677283328125 0.3681212583333333 0.021717823437499995 0.033284016666666714
0 0.29618616953125 0.37810646527777775 0.03370006875000002 0.053254430555555586
0 0.363211864453125 0.39474847361111115 0.06889792109375001 0.08920117499999998
0 0.5171088515625 0.4193786486111111 0.08762018124999997 0.1224851916666667
0 0.1729936921875 0.49859461527777776 0.342991821875 0.4433431444444444
4 0.598363464453125 0.3701182972222223 0.02246671328125007 0.042603544444444454
4 0.5260955371093751 0.2696005590277778 0.01722448046875007 0.02795857916666667
4 0.5268444269531251 0.29689345624999997 0.017224478906249986 0.02130177083333334
4 0.8001894390625 0.10318046180555554 0.09211352343749998 0.15310649305555554
4 0.7193092714843751 0.27825440763888887 0.018722261718750043 0.02130177638888888
4 0.6414246648437499 0.2522928701388889 0.06066012656249997 0.13180471805555555
4 0.37332188671875 0.33350587708333335 0.021717821874999998 0.017307690277777767
4 0.08574795625000001 0.2895709722222222 0.027708946875000008 0.049260350000000015
0 0.45989362734375006 0.3840975854166667 0.027708946874999984 0.03328401805555556
0 0.9724844421875002 0.3298587868055556 0.03438682343749999 0.04330192638888886