4 0.249976257421875 0.03917775416666666 0.037647372656249976 0.06529625555555556
4 0.2550265140625 0.11834946180555556 0.056930171875000025 0.0865175375
4 0.256403857421875 0.20894801666666668 0.035810914843749986 0.07182588055555555
4 0.2658596953125 0.2712515270833334 0.015062782812499976 0.029927448611111115
4 0.48115177890625 0.29301694375 0.04040205781249995 0.014691656944444473
4 0.44396352148437507 0.2962817569444444 0.008264057031249994 0.021221283333333337
4 0.43661769296874997 0.3313784951388889 0.010100515625000028 0.009794437500000006
4 0.8539525843749999 0.1689540611111111 0.029383315625000073 0.0473397861111111
4 0.9411843003906248 0.416263625 0.027546857031249948 0.048972191666666734
4 0.942102529296875 0.3656590270833333 0.031219771093750025 0.05223700416666664
4 0.87231715703125 0.34443774375 0.014691656249999952 0.009794437500000006
4 0.629139637890625 0.36593110208333335 0.011936971093749981 0.008162031944444455
4 0.6291396386718751 0.38470377638888886 0.010100514843749941 0.019588877777777784
4 0.6654096671875 0.3961306222222223 0.01101874375000005 0.019588877777777784
5 0.266592361328125 0.3109734138888889 0.016528114843749987 0.04081015833333331
5 0.25190070429687494 0.3382907138888889 0.01469165859374999 0.06453106388888889
5 0.544116024609375 0.16429004236111108 0.009182285156250015 0.0734582875
5 0.553757423828125 0.15915961458333333 0.013773428906250018 0.07345828472222223
5 0.514732710546875 0.27506046666666667 0.005509371093750026 0.03754534722222225
5 0.5046321953125 0.28263950416666667 0.009182285937500012 0.03917775277777776
5 0.7576697828125 0.2867205208333334 0.005509371874999935 0.044074972222222224
5 0.78992701796875 0.28888491666666666 0.034892685937499925 0.04081015833333331
4 0.7573299015625 0.2244048638888889 0.01193697187499998 0.026118502777777802
5 0.75369872734375 0.25460438194444446 0.009182285937500012 0.01795646944444442
0 0.718972982421875 0.43068321736111115 0.029383314843749987 0.0375453458333334
0 0.5985180964843749 0.4660010055555555 0.06060308671875001 0.15018138611111115
0 0.34325054921875 0.4896708993055555 0.15609885937499998 0.16813785694444444
0 0.025626929296875 0.6510565305555556 0.05125385859375 0.44401453333333335
0 0.488873250390625 0.5355645597222223 0.22696940234375002 0.31097497777777783
0 0.925574415234375 0.43177148541666666 0.022037486718749832 0.044074973611111075