0 0.392321303125 0.5754501041666666 0.013657835937500007 0.01942447777777782
0 0.38207792500000004 0.5803062222222222 0.01775518437500003 0.024280594444444383
0 0.36978587578125 0.5912324895833333 0.025949887500000025 0.03156477361111109
3 0.3547622578125 0.58880443125 0.012292050000000021 0.041277012499999995
3 0.298765135546875 0.5912324875 0.009560483593749992 0.02185252777777783
3 0.27964416601562503 0.58880443125 0.009560483593749992 0.03156477361111109
3 0.26871789765625 0.5851623402777778 0.009560484375000034 0.02913671388888888
3 0.033120249218749995 0.6167271145833333 0.02731566875 0.1602519263888889
3 0.065899053515625 0.6142990576388889 0.03004723671874999 0.1602519291666667
3 0.0139992796875 0.62643935625 0.02731566875 0.1602519291666667
3 0.22023258359374998 0.6070148777777777 0.02185253437500001 0.09712238055555554
6 0.29466778359375 0.6191551750000001 0.03687615312500001 0.04856118888888885
6 0.2557429546875 0.6264393520833332 0.04097350468749998 0.07284178472222219
0 0.317886105078125 0.5936605500000001 0.02048675390625001 0.021852536111111064
3 0.63065051796875 0.5790921909722222 0.01502361875 0.05341730972222223
3 0.682550292578125 0.5705939868055556 0.015023619531249999 0.07769790694444446
3 0.801373453515625 0.5754501048611111 0.012292052343749926 0.06312954861111106
3 0.8116168296874999 0.579092195138889 0.019120968750000068 0.09955044027777775
3 0.8382496070312498 0.5730220458333334 0.015023617187499916 0.08741014166666664
3 0.694842342578125 0.5790921944444444 0.017755185156249985 0.09469432222222222
3 0.7651801921875 0.5705939861111111 0.016389401562499996 0.07284178611111108
3 0.8710284109374999 0.5815202548611111 0.028681453125000013 0.10440655972222217
0 0.560312669921875 0.5900184590277777 0.01638940234374999 0.0388489513888889
0 0.45924469335937507 0.5888044319444444 0.030047236718750002 0.046133133333333375
5 0.40871070390625003 0.5256748833333333 0.005463134375000056 0.021852536111111064
2 0.4264658902343751 0.5645238381944444 0.035510369531249975 0.08012596527777778
2 0.52411940859375 0.5548115965277778 0.05053398906250006 0.12383103472222222
2 0.588994123828125 0.5669518965277778 0.04643663828125 0.09955044027777775
0 0.41827118906250005 0.5875904034722222 0.04097350468750003 0.06312954861111106
4 0.672306914453125 0.3721001208333333 0.021852533593749966 0.03277880277777775
4 0.651820162109375 0.37149310625 0.021852533593749966 0.03642089583333335
4 0.6313334109375 0.37513519375 0.021852534375000055 0.03399283194444449
4 0.60948087421875 0.37513519375 0.021852534374999965 0.03399283194444449
4 0.64294256953125 0.47832772083333336 0.015023615625000009 0.0655576055555555
4 0.621772927734375 0.5038223479166667 0.010926267968750025 0.033992831944444406
4 0.641576787890625 0.5620957777777777 0.009560483593750035 0.02913671111111111
4 0.308325621875 0.4419068319444444 0.02594988749999998 0.01942447499999997
4 0.065216160546875 0.37392116388888885 0.03141301953125 0.024280594444444463
4 0.096629179296875 0.36056683749999996 0.02048675390625001 0.026708655555555516
4 0.08228845273437499 0.4164122076388889 0.04643663828125 0.031564773611111166
4 0.078873996484375 0.45647518402777776 0.025949886718750002 0.029136715277777763
0 0.48806549921875 0.5812462770833333 0.0269116140625 0.04992299305555561
5 0.05689464609375 0.4886807236111111 0.018721121874999996 0.03536211944444448
5 0.14523494179687502 0.4876406611111111 0.010530632031249997 0.029121744444444413
5 0.242350765234375 0.5136422194444444 0.008190489843750015 0.0228813722222222
5 0.36462309765625 0.5583649027777778 0.0070204203125000305 0.02080124722222223
4 0.3698884140625 0.5479642756944445 0.017551053125000004 0.012480748611111163
4 0.35526253671874997 0.5386037166666666 0.011700701562500004 0.010400625
4 0.56529013203125 0.4990813486111111 0.01287077187500003 0.010400625
4 0.56119488515625 0.511562092361111 0.014040842187500058 0.01456087361111113
5 0.83323619921875 0.45227854236111115 0.01287077187500003 0.049922993055555524
5 0.8630729875 0.4470782305555555 0.02574154375000006 0.03952236944444441
5 0.8437668316406249 0.38571454791666665 0.015210911718749998 0.0665639930555555
5 0.23942558984374998 0.2234648180555556 0.0210612625 0.08320498888888889
5 0.21426908164062503 0.22034463055555556 0.02457147109375 0.08528511388888889