3 0.1450806296875 0.27781586319444446 0.02318092812499999 0.05257895972222223
3 0.97919433515625 0.34744745833333335 0.039967115625000105 0.16910530555555556
0 0.45572502539062504 0.27274066597222224 0.008792764843750068 0.01847368749999999
0 0.44853094374999997 0.27842487708333336 0.008792765624999976 0.015631581944444445
0 0.44093719140625004 0.2961880395833333 0.01918421562499999 0.03978948472222221
0 0.43334344062499996 0.3004511986111111 0.019983557812499962 0.034105272222222205
0 0.370994739453125 0.32176699444444445 0.024779611718749983 0.05684212222222224
0 0.3450161140625 0.3231880472222222 0.05275659218749999 0.06252633333333332
0 0.54405235 0.3125301486111111 0.01918421562499999 0.038368430555555555
0 0.555243142578125 0.3196354138888889 0.023980269531250008 0.024157899999999996
0 0.587216835546875 0.3111090965277778 0.046361853906249986 0.06394738472222225
0 0.600006312109375 0.32389857361111113 0.04156580078124996 0.052578961111111114
0 0.62998164921875 0.32887225833333333 0.03916777343750004 0.08526318055555558
0 0.4249503453125 0.3047143576388889 0.012789476562500023 0.02273684861111111
0 0.276672345703125 0.32674067916666666 0.08712831328124997 0.11794740000000002
0 0.14957691875 0.3643985840277777 0.16706254375000001 0.14210530138888885
0 0.670248530078125 0.3218685041666666 0.08233225859375004 0.11794739722222225
4 0.090325681640625 0.1250526638888889 0.02557895390625 0.04547369722222222
4 0.091924366015625 0.17123688680555557 0.02557895390624999 0.04973685416666669
4 0.9224410300781252 0.08526317847222221 0.027177638281249906 0.06536843750000002
0 0.5139771078125 0.2707105965277778 0.014388162499999968 0.03268421805555555
0 0.535169507421875 0.29807457708333335 0.013647310156250026 0.01732991805555556
0 0.5278584484375 0.2911426097222222 0.014622117187500016 0.02426188333333334
0 0.521522197265625 0.27814517222222224 0.017546541406249984 0.01906290833333332