5 0.8552225359375001 0.3507510701388889 0.03401680781250001 0.060474323611111123
4 0.01990983046875 0.3327855659722222 0.0398196609375 0.025259070833333338
4 0.022311010156249998 0.2965020465277778 0.019009392187499998 0.030237162500000005
4 0.895458646875 0.2422530208333333 0.05559500781250008 0.03201581944444444
4 0.90974947734375 0.3383004743055556 0.01900939218750004 0.03557313194444447
4 0.9052472527343749 0.09640318125 0.028013841406250073 0.11739133749999998
2 0.318957577734375 0.4832609868055556 0.02801383984374999 0.04446641527777781
4 0.067833503515625 0.11418974930555556 0.052025705468749996 0.10671939583333333
4 0.097348084765625 0.37387360763888894 0.01500741484375 0.021343876388888895
4 0.24692198789062497 0.4459091986111111 0.01200593203125 0.01956522222222219
4 0.39249391132812506 0.4521344958333333 0.009004449218749988 0.024901191666666656
0 0.362583626171875 0.48237165833333334 0.020801289843750004 0.0320158194444444
0 0.37648600234374996 0.49215427013888885 0.019009392187499995 0.04090910416666663
0 0.394995147265625 0.49660091111111104 0.020009886718750015 0.03913044444444446
0 0.40800157343749993 0.5072728493055555 0.03801878437499999 0.049802381944444425
0 0.46152801992187503 0.5170554604166666 0.07103509609375003 0.10494073750000005
0 0.49704556796875005 0.5455139673611111 0.11205536562500003 0.11561267916666666