5 0.494652142578125 0.2549828402777778 0.010438146093749979 0.02886598333333335
5 0.380992330859375 0.2807560381944444 0.015077324218750032 0.030927840277777778
5 0.567719166015625 0.2761414020833333 0.010438146093749979 0.026804129166666652
5 0.3050258234375 0.3706922534722223 0.013917528125 0.022680418055555564
4 0.409987181640625 0.3469809111111111 0.010438146093750067 0.028865986111111082
4 0.5213274058593751 0.32945513263888887 0.010438146093750067 0.022680415277777793
4 0.52480678828125 0.34285719722222224 0.008118557812499993 0.01649485000000001
4 0.420425327734375 0.3449190527777778 0.010438146093749979 0.020618561111111097
5 0.347358305078125 0.3673049125 0.012757735156250005 0.020618561111111135
0 0.46159801484375 0.34742273958333336 0.009278353124999939 0.03298969583333336
0 0.45579904375 0.34948459375 0.016237117187499983 0.024742270833333378
0 0.47628874453125 0.33505160069444445 0.009278351562499943 0.014432993055555541
0 0.489626375390625 0.34536088125 0.010438146093749979 0.030927840277777778
0 0.5549614316406251 0.3544330486111111 0.012757733593749964 0.026804127777777766
0 0.545103182421875 0.3575258319444444 0.018556703906250062 0.024742272222222184
0 0.5364047281250001 0.369072225 0.02203608749999999 0.03505154999999998
0 0.6738403164062501 0.40206192222222226 0.08466496250000004 0.12164950277777781
0 0.744587751953125 0.4164949145833333 0.13801548671874997 0.1587629125
0 0.8774670238281249 0.4634757743055556 0.24355673984375006 0.23711344027777778
4 0.8611701261718749 0.13704899166666668 0.03015464296874999 0.04123711944444444