4 0.19939850585937502 0.23033602708333334 0.03101532421875002 0.02667984861111113
4 0.610101426953125 0.3815218368055555 0.020009886718750015 0.04090910138888893
4 0.43351417851562496 0.3913044472222222 0.015007414843749966 0.021343880555555552
4 0.23041383046875002 0.30681825833333337 0.013006426562499973 0.026679847222222206
4 0.23041383085937497 0.25345856180555554 0.009004449218749988 0.019565220833333345
4 0.981434798828125 0.20786697569444443 0.034316764843750035 0.02893019027777777
5 0.99329075234375 0.2895745590277778 0.012005932812500042 0.054052626388888886
5 0.41650577382812504 0.15118580833333334 0.015007414843749966 0.06047432222222222
5 0.40349934843749996 0.15385379375 0.015007414062499969 0.06581029305555557
5 0.39049292265625 0.15296446458333332 0.017008403125000005 0.0640316347222222
5 0.6646283671875001 0.09693678263888889 0.013006426562499928 0.05869566805555556
5 0.65312268203125 0.09337947013888888 0.01600790937499994 0.06936760694444444
5 0.633613042578125 0.09693678333333333 0.023011369531250027 0.06936760555555557
5 0.7181548140625 0.3717392236111111 0.022010874999999964 0.028458502777777835
5 0.205401472265625 0.3477273618055555 0.031015324218749994 0.03379447638888892
0 0.5010475453125001 0.4455534722222222 0.01600790937500003 0.023122536111111144
0 0.4836389656250001 0.4411068291666666 0.010004943750000005 0.028458505555555527
0 0.478636494140625 0.4437748145833333 0.012005932031250045 0.033794476388888876
0 0.47213328007812494 0.43932817569444443 0.015007414843749966 0.04268775694444445
0 0.449622158203125 0.4357708604166667 0.04202076171875006 0.07114626250000006
0 0.439617215234375 0.4544467548611111 0.03001483046875002 0.0658102930555556
0 0.412103621484375 0.45889339652777783 0.061030153906249975 0.07114626249999997
0 0.5319295027343751 0.44762858055555554 0.01400692109374999 0.028458505555555607
0 0.547437164453125 0.44140328333333334 0.02901433515624996 0.048023727777777796
0 0.563445074609375 0.4485179090277777 0.04902422265624997 0.05158104027777778
0 0.56944803984375 0.45385387777777775 0.04302125625000004 0.055138352777777774
0 0.580953724609375 0.46007917569444445 0.05202570546875007 0.0640316375
0 0.90011141484375 0.45474320833333337 0.15207513749999996 0.11027670833333339
3 0.11773524843750001 0.4654151333333333 0.05202570468749999 0.20276685000000003
3 0.06971152148437501 0.4680831180555556 0.05002471640625 0.18675893888888886
3 0.024189029687500002 0.4689724479166667 0.039019278125 0.18142297083333336
0 0.056051451171875 0.46270879097222223 0.11210290234375 0.11784343749999995