5 0.041050382812499994 0.15632801041666666 0.013183584374999996 0.058593709722222206
5 0.46819852695312497 0.1528123875 0.007910150781250014 0.03281247777777777
5 0.530161374609375 0.1305467784722222 0.010546867968749929 0.04453122083333333
5 0.7094581265625 0.06609369722222222 0.015820301562500028 0.06562495555555554
5 0.253965275390625 0.22664046180555555 0.009228508593750018 0.035156226388888906
5 0.7087989464843749 0.16335925555555555 0.009228508593750018 0.021093736111111108
5 0.8426123320312499 0.17859361944444443 0.015820301562500028 0.028124980555555564
4 0.052256429296875 0.2207810909722222 0.019775375781250003 0.02343748472222222
4 0.10828666484375 0.11765616180555555 0.021093735937500004 0.018749987500000013
4 0.12015189062500001 0.17039050069444445 0.018457018749999988 0.02578123194444443
4 0.24671430390625 0.2102342236111111 0.013183584375000024 0.016406238888888917
4 0.9401708582031251 0.15515613611111112 0.021093735156250126 0.018749986111111106
4 0.9599462355468751 0.17039050069444442 0.026367169531249957 0.016406237499999993
4 0.917099585546875 0.1821092423611111 0.014501944531249932 0.021093734722222222
4 0.716709098046875 0.1375780236111111 0.02768552734375005 0.016406238888888897
4 0.736484474609375 0.0813280625 0.03295896171874997 0.025781233333333344
3 0.4227151593749999 0.29578103958333335 0.011865226562499932 0.06093745694444443
3 0.748349701171875 0.2664841854166667 0.030322244531249966 0.1335936597222222
3 0.71934581484375 0.27234355555555556 0.02241209375000004 0.11249992222222222
3 0.694956183203125 0.26765605833333334 0.018457017968750034 0.11718741944444445
3 0.021934184375 0.3367966361111111 0.017138659374999997 0.10078118055555557
3 0.137949730078125 0.31687477430555555 0.017138660156250006 0.06562495416666667
3 0.19002488984375 0.3285935166666667 0.015820301562500007 0.06562495555555554
3 0.20914108750000002 0.30632790694444445 0.011865226562499975 0.04453121944444444
3 0.6059669871093749 0.2828904236111111 0.011865227343750017 0.04921871666666667
3 0.5519142894531249 0.2899216680555556 0.011865225781250021 0.04453121944444444
3 0.495224875 0.28992166875000003 0.006591792187500012 0.03046872916666668
3 0.48863308281249995 0.2875779201388889 0.009228509375000016 0.035156226388888906
3 0.047642174999999995 0.3028122847222222 0.0158203015625 0.03281247777777775
3 0.008659965234375 0.30984352986111113 0.01731993046875 0.046874968055555556
0 0.31329140625 0.2922654173611111 0.0250488109375 0.03046872916666668
3 0.4345803859375 0.2875779201388889 0.009228509375000016 0.035156226388888906
5 0.441831357421875 0.23015608541666666 0.007910150781250014 0.02343748472222222
5 0.40425814140625 0.23601545555555556 0.003955076562500004 0.021093736111111146
5 0.3587747734375 0.2465623229166667 0.005273432812499967 0.018749987499999992