4 0.014995546484375 0.5417058013888889 0.010796794531249999 0.012796202777777823
4 0.01379590234375 0.5609001013888889 0.008397506250000002 0.02132700000000006
0 0.121164019921875 0.6035540993055555 0.043187175781249997 0.029857798611111104
0 0.012596259374999998 0.6259474534722222 0.025192518749999997 0.07037910138888889
4 0.5692309609375 0.5843598034722223 0.013196081250000002 0.01279620416666663
4 0.592024190234375 0.5864925013888889 0.015595367968750029 0.017061600000000017
0 0.562632919921875 0.5982223520833334 0.009597149218750012 0.010663501388888916
0 0.5386400464843749 0.5971560034722223 0.01199643984375003 0.012796201388888939
0 0.55003666171875 0.5982223520833333 0.010796793749999978 0.01492889861111111
0 0.5146471699218751 0.5939569493055555 0.009597149218749924 0.010663498611111145
0 0.5278432515625 0.597156 0.00959714999999992 0.017061600000000017
0 0.47925768046875 0.5864925013888889 0.008397506250000042 0.017061600000000017
0 0.46966053046875 0.5896915493055556 0.013196081250000002 0.01492889861111111
0 0.46486195546875 0.6035541006944445 0.008397506249999954 0.017061598611111055
0 0.52544396328125 0.619549348611111 0.021593587499999956 0.03199049722222224
2 0.41087798593749997 0.5907579013888888 0.02279323124999997 0.02132699999999998
0 0.364091877734375 0.6020098395833333 0.025192517968749994 0.028680918055555556
2 0.33110167539062496 0.58329345 0.05038503671875003 0.07464449999999997
0 0.32510345625000003 0.6067531506944445 0.028791449999999986 0.02345969861111104
2 0.222533916015625 0.5662318520833334 0.18834406953125 0.15995250138888886
0 0.47685839375 0.6184830020833333 0.027591807812500056 0.04265400138888893
0 0.451665873046875 0.5907579027777777 0.010796794531250065 0.012796202777777745
0 0.44026925703124997 0.5896915493055556 0.011996437499999946 0.01492889861111111
0 0.4414689015625 0.6120849034722222 0.02399287500000007 0.034123204166666615
0 0.395882439453125 0.6270138013888888 0.05518361328125003 0.06398099999999994
0 0.49545287109374997 0.6451417493055556 0.06478076250000005 0.08317529861111118
0 0.8024416999999999 0.6984592513888889 0.27711770625000004 0.2879145027777778
0 0.9886586707031249 0.6942256402777778 0.022248855468749974 0.057519330555555664
0 0.5985022609374999 0.6131512499999999 0.020393943749999987 0.01919430000000004
2 0.501101598828125 0.5861439569444444 0.01716101328124999 0.027457622222222176