0 0.45105986640625 0.4579684354166667 0.036914037500000066 0.046874968055555556
0 0.4642434515625 0.4781246715277777 0.04746090468749999 0.06562495416666671
0 0.421396801171875 0.4593746840277777 0.030322244531249966 0.046874968055555556
2 0.3976663484375 0.41953096180555555 0.022412093749999994 0.05156246527777779
0 0.355478877734375 0.4394528229166667 0.022412094531249992 0.02109373472222218
2 0.313950585546875 0.43593719999999997 0.05800777265624997 0.09374993611111111
2 0.13069875859375 0.42070283611111114 0.25839825937499994 0.5929683416666667
0 0.38118686757812503 0.5205465131944444 0.09228509296874994 0.16921862638888893
0 0.524887941015625 0.5097652743055556 0.055371055468750006 0.09609368472222223
0 0.59146504375 0.5320308840277779 0.12260733750000004 0.15937489027777782
0 0.746372163671875 0.60374958125 0.29267558046875 0.2840622986111111
2 0.36602574531250004 0.42351532708333334 0.011865226562499975 0.03046872916666672