4 0.679865 0.3406135722222222 0.011208489062499983 0.017435427777777807
3 0.66200146875 0.4340176583333333 0.012609549999999992 0.05479706388888891
0 0.8129658257812501 0.4925508881944444 0.15972098906250007 0.14695576249999995
5 0.493173582421875 0.3468405090277778 0.011208491406249976 0.024907756944444435
5 0.38459133046874994 0.3443497347222222 0.007005306249999998 0.019926208333333327
2 0.447639087890625 0.38046598125 0.029422288281249997 0.05230629027777774
2 0.403505657421875 0.39416524791666663 0.044833960156250005 0.0846863736111111
0 0.39299769765625003 0.42779071944444447 0.02101591875000004 0.04234318611111113
0 0.44273537460937507 0.4103552888888889 0.028021225781249992 0.047324736111111085
0 0.334153121875 0.39416524791666663 0.0938711078125 0.15940964027777776
0 0.251490505859375 0.41160067777777776 0.03502653046875004 0.034870858333333386
0 0.149452665234375 0.43401766041666673 0.021495191406250003 0.12453878194444448
0 0.070053065234375 0.38793831041666665 0.10648065859374997 0.13699265972222227
0 0.29842605820312496 0.4539438638888888 0.12049127265624997 0.1444649888888889
0 0.5359059515625001 0.51994941875 0.23397723906249998 0.2914207541666667
0 0.077058372265625 0.5473479520833333 0.15411674453125 0.48570125416666676