3 0.721405998046875 0.5221873173611111 0.014765619531249996 0.07312497361111114
3 0.739863023046875 0.5259373159722223 0.01792968203125005 0.06937497638888886
3 0.8185427191406249 0.5306248131944444 0.024257803906250076 0.09374996527777779
3 0.796921634375 0.5212498159722222 0.027421864062499957 0.10499996249999997
3 0.8675856722656249 0.5259373145833334 0.029531238281249907 0.12187495416666662
3 0.9575504718750001 0.5943747916666666 0.06855466406250006 0.3262498861111111
0 0.2541795984375 0.5353123111111111 0.09703121562499999 0.13312495277777778
0 0.596636523046875 0.5156248194444444 0.01792968203125005 0.03374998888888885
0 0.6140388609375 0.5193748194444444 0.008437498437499968 0.018749997222222228
0 0.61140214296875 0.51843731875 0.0073828109375000395 0.016874995833333392
0 0.62194901328125 0.5118748215277777 0.015820306250000016 0.0674999763888889
1 0.5544490375000001 0.48374983055555554 0.07277341250000005 0.16874994166666665
1 0.42514438906249996 0.4912498291666667 0.11285152187500005 0.15374994722222218
0 0.654644314453125 0.501562325 0.06644528828124993 0.13312495555555554
0 0.35305651640624997 0.5775466916666667 0.22148429843749998 0.3179061722222222
0 0.114694232421875 0.5811912013888889 0.22675773359374998 0.29062489722222223
6 0.7864802066406249 0.56774980625 0.028476550781249978 0.09374996805555556
3 0.70421461015625 0.516187325 0.011601556250000034 0.05437498055555557
0 0.505722479296875 0.5334373111111111 0.08753903203124995 0.16874994166666665
4 0.781628671484375 0.28406240208333333 0.024257803906249986 0.05437498472222219