5 0.467473673046875 0.3693125451388889 0.0047985757812500475 0.019194301388888845
4 0.5100610265625001 0.39241680208333335 0.0131960828125 0.012796201388888859
5 0.511260669921875 0.40308030138888884 0.01079679609375006 0.012796200000000053
5 0.40749148515625 0.3636253520833333 0.007197862499999985 0.02345970138888889
0 0.42428649687500003 0.42654000208333337 0.00959715000000001 0.02559240138888891
0 0.41648881289062495 0.4308054013888889 0.01319608203125 0.034123200000000034
0 0.402692910546875 0.4372035006944445 0.026392163281249957 0.038388598611111116
0 0.38119620429687495 0.44183100763888883 0.028985213281249988 0.07178758750000003
0 0.31151998359375 0.4404025520833334 0.038388599999999995 0.04905209861111114
0 0.28512782265625003 0.4585305020833333 0.02879145000000003 0.06398100138888883
0 0.351108227734375 0.46172955000000004 0.059982188281250036 0.07890990000000002
2 0.20175258085937503 0.4649286013888889 0.14275760546875002 0.15781979999999995
0 0.126175024609375 0.4883883020833333 0.03239038203125 0.09383880138888882
2 0.059188670312500004 0.4947864013888889 0.11837734062500001 0.18767759999999994
0 0.5189209296875 0.43990935625 0.017069864062499995 0.0585692902777778
0 0.52745586171875 0.447867 0.01919430000000002 0.051184799999999975
0 0.545450518359375 0.44893335069444446 0.03598931328125001 0.08744070138888892
0 0.570643034765625 0.455331451388889 0.045586463281250024 0.10876770000000001
0 0.61143092265625 0.44999970277777773 0.08157577499999995 0.17061599999999993
2 0.721198326171875 0.48838830138888895 0.2315312429687501 0.25165859999999995
0 0.89868785234375 0.5747626506944444 0.2026242953125 0.44146890138888895
0 0.46987296015624996 0.4755921 0.10556864999999993 0.17488140000000005