5 0.40994303046875 0.35929143819444437 0.009566932812500007 0.03826772638888885
5 0.33352717109375 0.3699213625 0.010762796875000013 0.03826772777777773
5 0.267156580078125 0.4039371159722222 0.014350397656250014 0.04251969583333338
5 0.41962955625 0.3646064013888889 0.008371065624999919 0.03614174166666662
5 0.4232171566406249 0.3656693909722222 0.008371066406250006 0.03401575416666663
5 0.5498594265625 0.3465355291666667 0.011958665625000009 0.017007877777777795
4 0.24933815859374997 0.3922442 0.013154529687499972 0.019133863888888904
0 0.22123529882812498 0.5123623479166667 0.07653545546875003 0.16582681805555555
0 0.302793387890625 0.5176773083333334 0.12915358046875003 0.24448825833333332
0 0.598189495703125 0.4417492791666667 0.16383370703124997 0.3380315888888889
2 0.1045528953125 0.42048943333333333 0.20808076718749996 0.3848032555555556
2 0.812929738671875 0.47090564375 0.36917465546874995 0.9375593152777777
0 0.08183143203125 0.6724186375 0.162637840625 0.44220484722222214
0 0.47396174882812503 0.5644489763888889 0.29896661796875 0.5548820444444444