0 0.45069161132812496 0.5846729694444445 0.015754660156250024 0.01820538611111115
0 0.436118548828125 0.5842528388888889 0.019693324218749985 0.04201242777777776
0 0.42705962148437504 0.5926553284722222 0.018905594531250004 0.033609945833333335
0 0.40185216171875 0.6003576055555555 0.03781118593750001 0.057416983333333366
0 0.38176496953125 0.6038586402777778 0.024419723437500006 0.06161822777777775
0 0.34592311640625 0.60665946875 0.06144317968750004 0.09522817638888886
0 0.30259780000000003 0.6241646506944445 0.06616957656250003 0.10503107361111116
0 0.21555329726562503 0.6619758333333334 0.16936260390625002 0.1750517861111112
0 0.50323013359375 0.5846729708333334 0.01339146093750001 0.023807044444444456
0 0.5055933343750001 0.588174004861111 0.008665064062499983 0.014004143055555574
0 0.5174093281250001 0.5874737986111112 0.01339146093750001 0.029408699999999992
0 0.53237625546875 0.588874211111111 0.027570654687499994 0.0546161555555556
0 0.548524783984375 0.5958762861111111 0.040962119531249994 0.06301864444444444
0 0.55482664765625 0.6028783562500001 0.025207456249999982 0.05461615972222226
0 0.59381943359375 0.6007777347222223 0.07641010468750001 0.12043562777777773
0 0.64777914609375 0.6231843638888889 0.11500902500000007 0.1652488861111111
4 0.6004888875 0.52123421875 0.016542393749999995 0.03360994305555557
4 0.057066871484375004 0.4081526847222222 0.03623572265625 0.030809111111111065
4 0.089363924609375 0.38364543819444447 0.02048105859375 0.03781118472222226
4 0.33749983320312504 0.5362905944444445 0.01890559296874996 0.0350103583333333
3 0.465325168359375 0.5860734041666666 0.007877328906250014 0.01820538611111115
5 0.45024570937499997 0.5251553854166666 0.006301864062500062 0.014004140277777802
5 0.5319823839843749 0.5204873208333334 0.006301863281249975 0.019605797222222224