5 0.6657349851562501 0.3983544131944444 0.008532296874999989 0.019502393055555622
5 0.5932104640625 0.4037717451388889 0.007313396874999966 0.01733546249999994
0 0.422564529296875 0.462278925 0.031691388281249996 0.02166932499999995
0 0.36101010312500004 0.4557781270833334 0.01584569375 0.017335459722222248
0 0.625511301953125 0.4514442604166667 0.010970096093750038 0.017335462500000016
0 0.6163695558593749 0.4601119923611111 0.00975119765625001 0.017335459722222248
0 0.594429363671875 0.4611954555555555 0.019502392968750025 0.015168527777777758
0 0.08675770742187501 0.47961438472222223 0.03778588515625 0.056340244444444444
0 0.062379717968750005 0.47528051875 0.0450992828125 0.04767251249999999
0 0.05319610742187501 0.47039829861111115 0.04396410859375 0.05743695555555554
0 0.57553641953125 0.462278925 0.020721292187500052 0.02166932499999995
4 0.53287493828125 0.40377174444444447 0.015845693750000046 0.008667730555555567
0 0.6401380964843749 0.4536111944444444 0.010970096093749947 0.013001594444444464
0 0.674876731640625 0.44711039652777773 0.009751196093750015 0.01300159583333335
0 0.665125537109375 0.4514442604166667 0.009751196093750015 0.017335462500000016
0 0.654764890625 0.47744745 0.02803468906249993 0.043338649999999986
0 0.674267283203125 0.4893655819444444 0.02315909140625001 0.058507174999999974
0 0.69316022578125 0.4861151798611112 0.04144258281249993 0.06067410972222223
0 0.707177570703125 0.4958663756944445 0.04022368515624999 0.0628410430555556
0 0.758012661328125 0.4940576784722222 0.09557568359374997 0.11989775694444446
0 0.927188936328125 0.5229530326388889 0.14383014453125006 0.25136417083333334
0 0.46414001484374995 0.46456119305555554 0.037442245312500066 0.02080124722222223