3 0.011096969921875002 0.4295930874999999 0.02048675234375 0.1189749166666667
3 0.029535046875000005 0.41745279027777776 0.0163894015625 0.10926267777777778
3 0.09577554531250002 0.42473696736111116 0.02321831875000001 0.08983820138888893
3 0.11489651406250001 0.41866681944444445 0.020486751562499995 0.09226626111111105
3 0.152455558984375 0.4113826409722222 0.02185253515625001 0.07769790416666661
3 0.177722554296875 0.4028844326388889 0.012292052343750016 0.04613313194444441
5 0.25898667070312503 0.3458250340277778 0.010926267968749981 0.019424476388888893
5 0.40717417734375 0.3409689166666666 0.006828917187499961 0.024280594444444425
5 0.53555782421875 0.4153716055555555 0.006828917187499961 0.021852536111111064
0 0.6455033937500001 0.62264890625 0.5217292875 0.4758494875
2 0.7895935507812499 0.3756554861111111 0.419295528125 0.7513109722222222
0 0.342299462109375 0.5121471104166667 0.19667281953125 0.2937952013888889
0 0.20025798125 0.4805823368055556 0.12838364687499998 0.1675361069444445
0 0.490486969140625 0.46115785972222223 0.11062846015624998 0.10926267777777778
2 0.451562140625 0.3907441354166667 0.07375230781250001 0.09955044027777783
2 0.28083920625 0.3956002534722222 0.06009447187500001 0.08498208194444443
4 0.20025798085937502 0.3543232416666667 0.019120969531249997 0.007284177777777737
5 0.568800378125 0.3561298 0.006823654687499925 0.01906290833333332