0 0.43854597109375 0.5733011145833333 0.007345828124999976 0.013059251388888922
0 0.445432685546875 0.5757497243055555 0.010100514843749941 0.017956470833333307
0 0.45231939921875003 0.5749335208333334 0.011018742187500052 0.02285369166666666
0 0.46049163554687506 0.5770556520833333 0.01560988515624997 0.02775090694444447
0 0.47334683554687496 0.5795042625 0.022955713281250033 0.03264812777777782
0 0.490793180078125 0.5819528722222223 0.022955716406250028 0.044074972222222265
0 0.5059439507812501 0.5827690756944445 0.02938331406249999 0.05223700694444449
0 0.533031694921875 0.5868500930555556 0.05050257265624998 0.06366384999999997
0 0.591798323828125 0.6023579534722222 0.07254005859374998 0.0979443847222222
0 0.6629610390625 0.601705 0.12304263124999996 0.14691657500000005
0 0.7703937843750001 0.6408827534722222 0.20017383125000004 0.15997582638888888
0 0.400806777734375 0.6023579527777778 0.07070360078124996 0.10284160277777778
0 0.293374033203125 0.61296859375 0.08906817265625003 0.12079807083333338
0 0.15839443085937502 0.6741838326388888 0.18272748828125002 0.19099154583333333
0 0.38336043515625 0.5444075263888889 0.022955715624999984 0.02285368888888889
0 0.353058891015625 0.5729746375 0.04499320078125 0.07998791111111112
0 0.353058891015625 0.5860338881944445 0.03764737109375003 0.06366384861111109
0 0.336989890625 0.5999093423611112 0.031219771875000024 0.0816203180555555
0 0.241953232421875 0.6219468291666668 0.052339028906249974 0.10284160277777778
0 0.08723171562500001 0.6358222854166666 0.11569680156249999 0.1501813875
0 0.037239258203125 0.7385108326388888 0.07345828671875 0.28240630138888884