5 0.387838909375 0.5155931229166667 0.0034322031249999886 0.015254234722222215
5 0.413580430078125 0.5125422756944444 0.003432202343750035 0.012203387499999963
5 0.39616201171875 0.5245931347222221 0.004290253125000021 0.013728811111111128
5 0.4068876445312499 0.5215422875 0.0051483031250000085 0.013728811111111048
5 0.78139817421875 0.39699059583333335 0.02402541874999997 0.014998286111111111
5 0.6295946898437499 0.1258474340277778 0.02145126718750001 0.10067794861111111
5 0.60599829609375 0.1327118388888889 0.02402541874999997 0.08999998333333334
5 0.0178045515625 0.13957624444444444 0.02316736875 0.09762709999999998
5 0.007636645703125 0.14308471180555557 0.01527329140625 0.10372879305555556
4 0.5214803031249999 0.48813550069444445 0.026599570312500022 0.044237279166666595
4 0.56481186328125 0.43016940972222223 0.013728810937500047 0.08694913611111114
4 0.7552991152343751 0.31423722847222224 0.014586861718750033 0.022881351388888877
4 0.7694569515625 0.3401694270833333 0.04118643281250005 0.02593219861111109
4 0.761334020703125 0.36949211666666665 0.019678064843749964 0.026611486111111145
3 0.1780455171875 0.5961863423611111 0.02145126718749999 0.1235592986111111
3 0.149300819140625 0.5900846493055555 0.03947033203125001 0.16322030694444445
3 0.07936968828124999 0.6007626131944445 0.0248834703125 0.10220337083333328
3 0.977233945703125 0.45442365625 0.03518007890624997 0.06864405416666668
3 0.551469185546875 0.5329829402777777 0.009438557031250027 0.021355927777777832
3 0.45708361015625004 0.5734066618055556 0.014586860937499946 0.07779659583333334
0 0.40800310078125 0.5497625979166667 0.006006354687499993 0.012203387499999963
0 0.39985161874999997 0.5558642916666666 0.015444912499999974 0.027457622222222255
0 0.39727746640625 0.5673049680555555 0.017161012499999996 0.03813558611111105
0 0.37711327578125 0.5764575083333333 0.03689617968750003 0.08084744166666671
0 0.44146707695312504 0.561965986111111 0.01287076015625006 0.04881354999999993
0 0.48522766210937507 0.57874564375 0.04376058515624992 0.07016947916666665
0 0.24197029335937498 0.5992371895833333 0.049766939843750004 0.09305082916666668
2 0.417184253125 0.5522032847222222 0.010296607812500014 0.03050846944444443
2 0.43434526679687496 0.5529659965277778 0.02402541953124997 0.06559320694444443
2 0.471241446484375 0.5483897270833334 0.053199142968749946 0.11135591250000003
0 0.318765829296875 0.5842371763888888 0.11412074140625003 0.1677965777777778
0 0.71847867265625 0.6328924625 0.49524473124999996 0.487429275