5 0.5114922328125 0.32751294166666667 0.005798970312499918 0.02886598611111112
5 0.33346385390625005 0.3089562375 0.0069587640625 0.016494847222222237
5 0.34042261757812503 0.3099871652777778 0.006958763281250002 0.02268041666666664
5 0.22502311484374998 0.3955541875 0.012757734375000006 0.02886598333333331
5 0.5178711011718751 0.32442015625000004 0.0069587632812500464 0.026804129166666652
5 0.6332706035156249 0.3821521263888889 0.01971649765625001 0.02268041666666668
4 0.22673972890625 0.3098675013888889 0.015077321874999994 0.020618558333333366
4 0.625708866796875 0.3428571965277778 0.01971649765625001 0.012371134722222225
4 0.5804769003906249 0.37584689374999997 0.015077322656249947 0.012371134722222225
0 0.40766759374999995 0.4518410069444444 0.010438146874999976 0.012371136111111111
0 0.397229447265625 0.4518410069444444 0.010438146093749979 0.012371136111111111
0 0.3891108890625 0.4497791534722222 0.010438146874999976 0.016494848611111085
0 0.38273202265624995 0.45081008055555555 0.009278351562499986 0.0226804166666666
0 0.67979875546875 0.4622681180555555 0.0556701125 0.10721651388888892
0 0.77084258515625 0.46948461319444446 0.15193301562500006 0.17938147361111106
0 0.18456671484374998 0.47051553888888886 0.095103109375 0.15670105555555552
3 0.544523286328125 0.4453608979166666 0.008118558593749992 0.03092784027777774
3 0.555700796875 0.44371141319444446 0.009278351562500032 0.028865984722222196
0 0.476834805078125 0.46948460763888894 0.12061857578125004 0.2206185930555556
0 0.609051321875 0.4602062548611111 0.10438146093749996 0.13608249583333334
0 0.300546116015625 0.4447423347222222 0.15309281015625 0.26185571111111106
0 0.081788554296875 0.49864698888888886 0.16237116015625 0.2515464333333333
0 0.8927629749999999 0.4986469895833333 0.21163932812500005 0.2762887041666667
5 0.412909741796875 0.4007088298611111 0.0057989695312500086 0.01855670416666663