5 0.4873147246093749 0.21726546805555552 0.011865225781250021 0.06328120555555555
5 0.503794205078125 0.21492172013888888 0.015820302343750026 0.06328120694444447
4 0.638266769140625 0.36609349166666666 0.026367169531249957 0.023437483333333335
4 0.55389182734375 0.42820282361111106 0.018457018750000033 0.03984372222222221
0 0.19068406914062502 0.48562465902777774 0.027685527343750006 0.0374999736111111
0 0.1709086921875 0.48562465902777774 0.027685528125000004 0.0374999736111111
0 0.339658576171875 0.4774215395833333 0.011865225781249978 0.02109373472222218
0 0.32647499140624997 0.48445278541666664 0.022412093749999994 0.03515622638888887
0 0.509067638671875 0.49734340138888894 0.06328120546874993 0.04687496944444444
0 0.463584272265625 0.49499965277777785 0.01713866015625003 0.03281247777777775
2 0.4806977265625 0.48501897083333334 0.03290854999999997 0.04808634444444443
0 0.352842160546875 0.48328091111111116 0.014501942968750025 0.028124980555555526
0 0.307358793359375 0.48914028125 0.029003886718750004 0.03046872916666664
0 0.2566019921875 0.49499965138888885 0.05932613124999997 0.0749999472222222
0 0.414805008203125 0.5371871236111111 0.10151360234375004 0.1546873944444445
0 0.010235482421875 0.49216965 0.02047096484375 0.07278565277777777
0 0.044353757031249996 0.49910161666666664 0.039967121875 0.07625163611111105
0 0.08529568671875001 0.5034340965277778 0.03996712187500001 0.060654709722222186
0 0.11307771015624998 0.4956356340277778 0.027294620312499997 0.05545573472222224
0 0.135498290234375 0.49650212986111114 0.025345003906250007 0.05372274305555559
0 0.149145600390625 0.48957016319444446 0.023395388281249985 0.03639282638888888
0 0.9168067792968749 0.5146985423611111 0.1608432945312499 0.14557130416666672
0 0.9426391871093749 0.6169450541666666 0.1130777101562499 0.24608482500000003