0 0.55559440859375 0.3453007055555556 0.014418682812499917 0.02080124722222223
0 0.564558855078125 0.3453007055555556 0.008190489843750015 0.02080124722222223
0 0.5739194167968751 0.3453007069444445 0.015210911718749998 0.03328199444444443
0 0.584450048828125 0.35154108125 0.017551053906250048 0.04160249583333334
0 0.5943956445312499 0.35050101944444445 0.01872112187499999 0.04368261944444443
0 0.607266416796875 0.3557013326388889 0.03276196484375005 0.05824349305555552
0 0.61428683828125 0.3629817666666666 0.028081685937499934 0.056163369444444396
0 0.652899153125 0.36610195486111113 0.07722463125000001 0.09568574027777778
0 0.861054628515625 0.37754264027777773 0.2773066289062499 0.3557013305555556
0 0.52126626015625 0.34876758125 0.012870773437500028 0.024961495833333323
0 0.5171710136718749 0.35500795555555553 0.016380982031250026 0.03744224444444448
0 0.5165859796875 0.35812814375 0.012870773437500028 0.031201870833333385
0 0.4867491890625001 0.35084770763888884 0.04914294687499998 0.08320499027777777
0 0.47270834726562505 0.3633284555555556 0.03276196484375005 0.09568573888888893
0 0.4270756109375 0.3664486416666667 0.08424505156249999 0.1310478583333333
0 0.539024505859375 0.34842089305555557 0.021061263281249954 0.027041622222222214
4 0.663897813671875 0.31409883541666667 0.009360561718749948 0.033281995833333314