0 0.062220912890625 0.5023501243055555 0.06201371953124999 0.043682618055555546
0 0.241826683203125 0.4950696895833333 0.05382322734375 0.04992299583333338
0 0.29389480507812504 0.5189911229166667 0.06903413828125 0.08112486527777776
0 0.520303382421875 0.5221113083333333 0.07254434921875 0.08736523611111109
5 0.1435407890625 0.26937615277777777 0.023401404687500005 0.03536212222222224
5 0.317296209765625 0.39626376319444445 0.015210913281249993 0.02704162083333333
5 0.349473138671875 0.33281995833333333 0.018721122656249988 0.03328199444444443
5 0.4348882609375 0.28289696388888885 0.014040842187499968 0.04992299444444445
5 0.500412190234375 0.17057022916666667 0.009360561718750039 0.0
5 0.657786626953125 0.12584754583333332 0.015210911718749998 0.043682619444444445
5 0.650181171875 0.33594014583333337 0.014040842187499968 0.03536212222222221
5 0.6905485921875 0.4201851979166667 0.010530631249999978 0.024961498611111053
4 0.6338001894531249 0.3702622041666667 0.014040842968749967 0.024961497222222247
4 0.5437047859375 0.27769665208333333 0.046802806250000016 0.031201873611111115
0 0.7870793808593749 0.5023501263888889 0.0491429460937499 0.06032361666666664