0 0.279154134765625 0.5349061402777778 0.02435733359375001 0.05094344166666668
0 0.26482629296875004 0.5374533125000001 0.03008847031250004 0.05603778611111115
0 0.22900668398437501 0.5374533131944444 0.05874415703124998 0.07641516249999998
0 0.178859233203125 0.5527363430555555 0.06734086171874998 0.07641516388888887
0 0.52702581953125 0.5056136618055557 0.05874415624999996 0.07386799027777778
0 0.522011073046875 0.5221702798611111 0.03725239140625005 0.07641516249999998
0 0.870894053515625 0.49712308124999993 0.1561734914062499 0.1197170875
0 0.649528878515625 0.6295760333333333 0.30948141171875 0.46613249444444443
0 0.3085262125 0.5276891465277778 0.063042509375 0.07386799027777778
3 0.777763073046875 0.4750475979166667 0.04155074453124996 0.08405668194444442
4 0.62230597578125 0.22839642569444443 0.020058979687500055 0.08660385416666669
4 0.032715233984375 0.2742455236111111 0.012895058593750003 0.056037788888888884
4 0.031998841796875 0.3213682076388889 0.01432784296875 0.028018895833333345
4 0.034864410546875 0.3506606854166667 0.014327842968749999 0.03566040972222224
4 0.050625037890625 0.37867958125 0.017193411718750003 0.02037737638888891
4 0.029133273046874998 0.3875946826388889 0.02292454921875 0.022924551388888877
6 0.14877076289062502 0.6355194388888888 0.047281882031250014 0.10952839999999994