4 0.5010512328125001 0.2178370548611111 0.031193851562500007 0.05718872638888889
4 0.65019683359375 0.18924269097222224 0.033143467187499984 0.0415918013888889
0 0.21153330234375 0.5401735159722222 0.3138881265625 0.35526330416666657
0 0.88804994765625 0.5419065083333333 0.200810415625 0.20276003333333328
2 0.79836762578125 0.4795188055555556 0.07603501250000004 0.15077028055555555
0 0.5629515312500001 0.50811316875 0.03801750625000002 0.04852376805555557
0 0.594632786328125 0.5063801770833334 0.023395388281250006 0.027727868055555563
0 0.6540960648437499 0.50811316875 0.05653885624999999 0.06931966805555557
0 0.723307421875 0.5107126562500001 0.03899231406250001 0.05718872638888889
0 0.692113570703125 0.50291419375 0.01949615703125005 0.027727868055555483
0 0.74767761796875 0.50811316875 0.019496157812500046 0.031193851388888857
0 0.60974230703125 0.5020476979166667 0.012672501562500039 0.02252889305555554
0 0.623389617578125 0.5020476979166667 0.012672502343750036 0.019062909722222247