4 0.39362515859374997 0.40875870555555555 0.056144432812500034 0.03511452222222226
4 0.317476125 0.41231508125000005 0.039614779687499976 0.028001768055555546
4 0.22693712070312505 0.4182253319444444 0.03937852890625 0.036977166666666665
4 0.153173233984375 0.4179148916666667 0.040685124218750014 0.030666083333333365
0 0.38602390703125 0.4973686263888889 0.011697693750000005 0.02426188611111115
0 0.396259389453125 0.49650212986111114 0.010722886718749968 0.015596926388888871
0 0.411856315234375 0.5008346090277779 0.022420580468750017 0.038125818055555524
0 0.364578134765625 0.5129655513888889 0.040941930468749985 0.05892171666666665
0 0.31924956953125 0.5190310215277778 0.059463278125000005 0.10571249583333334
0 0.26758475390625003 0.5337614520833334 0.13549829062500002 0.20102704027777776
2 0.209687953125 0.5135517472222222 0.0879412390625 0.11667104166666667
0 0.10282374296875 0.5334565145833333 0.14483344375 0.15932567916666668
0 0.08042164765625 0.6531616701388889 0.1608432953125 0.4613282208333333
2 0.33338428359375 0.4583763118055556 0.04679077656250001 0.06065470972222226
4 0.40969460312500006 0.3862225166666667 0.01600369531250001 0.012802955555555526
4 0.13963224296875 0.3968916472222222 0.01840425000000001 0.011380405555555563
4 0.21604988828125 0.39262399444444446 0.01600369531250001 0.011380405555555563
4 0.328475848828125 0.39262399444444446 0.02000461953124999 0.011380405555555563