4 0.15086140234375 0.27651426805555557 0.0725070296875 0.018018474999999985
4 0.6517836292968751 0.19958924513888887 0.01715220078124995 0.038809020833333305
4 0.725070305078125 0.21552866388888886 0.09355745859375002 0.029106766666666672
4 0.816288827734375 0.31948139652777774 0.015592910156249928 0.012474329166666662
4 0.816288828125 0.2862165222222222 0.024948654687500137 0.0457392027777778
4 0.81317024609375 0.23770524861111114 0.03118581875000004 0.056827494444444404
4 0.9211511460937499 0.25295164791666663 0.03976192031250001 0.06791578472222225
4 0.6073438359375001 0.30562103125 0.02338936406249994 0.012474329166666662
4 0.593310217578125 0.3187883784722222 0.021830074218750006 0.01663243472222224
4 0.5927147835937501 0.3531456826388889 0.01709850937499997 0.0375496680555556
4 0.479092153125 0.3118581944444444 0.06938844843750003 0.05821353055555553
4 0.5223624777343749 0.36175550624999997 0.01715220078124995 0.027720726388888887
4 0.5247014144531249 0.40056452638888895 0.0077964554687500074 0.03326487222222225
5 0.21674144609374996 0.2619608840277778 0.012474328125000022 0.04435316527777778
5 0.5948695078125 0.21691470069444443 0.01715220000000004 0.062371640277777765
5 0.201148536328125 0.26334692083333333 0.01247432734374998 0.052669383333333326
5 0.579666422265625 0.2210728090277778 0.013253972656249946 0.05128334861111112
0 0.8490339382812501 0.4719454034722222 0.12942115156249995 0.08177615138888897
0 0.961302888671875 0.4636291854166667 0.07640525859374989 0.07068785972222223
0 0.8989312496093749 0.7290551604166666 0.19958924609374992 0.4989731124999999
0 0.36136568437500005 0.5336240243055557 0.323552878125 0.515605551388889
0 0.6704951214843751 0.5537215520833333 0.21050428359374998 0.2259239375
5 0.8371228875 0.34599336458333335 0.029168045312500012 0.04112582638888891