4 0.5851818015625 0.2058687076388889 0.02386205625000004 0.01746764305555557
4 0.45639688632812503 0.3106745993055556 0.010527377343749932 0.019963023611111116
0 0.244796604296875 0.4086181979166667 0.08983362109375 0.12352122638888893
0 0.48236441562500004 0.388031325 0.05684783593749998 0.07486134444444442
0 0.40095269921875004 0.3637013868055556 0.027371179687500025 0.04616449583333334
0 0.34761398750000005 0.36619676805555557 0.03298578124999998 0.04865987777777781
0 0.464467875390625 0.3761782805555556 0.043513158593749955 0.07610903888888888
0 0.440605820703125 0.3599583222222222 0.02526570546875 0.04616450000000004
0 0.42481475468749996 0.3574629423611111 0.016141976562500028 0.03368760694444444
4 0.006526964843749999 0.21896944861111112 0.011931028125 0.05115525555555556
4 0.8342592867187498 0.20359635902777778 0.020593217187500023 0.0854237125
4 0.3039839625 0.31571498333333337 0.015444912500000019 0.03203389444444444