3 0.21381058359375 0.34086354722222223 0.01639845156249997 0.053820561111111054
3 0.19110503632812498 0.33637850069444447 0.01639845234374999 0.05382055972222225
3 0.177229423046875 0.33413597777777776 0.018921291406250006 0.06727569999999995
3 0.11605058359375 0.3565612097222222 0.030274065625000013 0.12109626111111109
3 0.010722065234375 0.33189345555555555 0.02144413046875 0.10764111944444446
3 0.073793033984375 0.3599249951388889 0.02144413046875 0.14576401805555553
3 0.038473290234375 0.32404462083333335 0.01387561328125 0.07400326944444444
0 0.25291458554687496 0.3696426034722222 0.08199226015624998 0.05606308194444441
0 0.16650735703125 0.4858800645833333 0.2220098109375 0.24219252083333337
0 0.68318474140625 0.5202654131944444 0.10848206562499998 0.1928570069444444
0 0.7140895171875 0.43280700486111107 0.07946942031249993 0.04485046527777775
0 0.764546292578125 0.4709299020833334 0.10469780703125 0.08970093194444446
0 0.829563445703125 0.7224128784722222 0.33679897421875005 0.5542236236111111
0 0.0470929828125 0.6495842604166667 0.0908221953125 0.34534859305555554
0 0.0108121671875 0.4273608791666667 0.017659871875 0.10764111944444442
0 0.4478939796875 0.6048405833333332 0.40743845937499995 0.641361675
5 0.36842455859375 0.20551123611111113 0.008829934375000015 0.038122894444444416
5 0.54871742890625 0.2534051375 0.010091354687499976 0.02691028055555557
5 0.377795103515625 0.20743340972222224 0.006307097656250038 0.03812289722222222
5 0.36013523203125 0.20855466944444442 0.00882993593750001 0.03139532777777777
4 0.9817975398437501 0.18212280486111113 0.024357332812500056 0.022924548611111126