0 0.7837455082031249 0.014730429861111113 0.06628693359374997 0.02599487638888889
0 0.684802511328125 0.020795900694444446 0.061412892968749945 0.04159180138888889
0 0.57464922578125 0.006065470833333333 0.024370196874999993 0.012130941666666666
0 0.536144315234375 0.025994875694444444 0.05069000859374997 0.045057784722222216
0 0.49520238554687507 0.01906290902777778 0.011697694531250047 0.03465983472222222
0 0.46010930312500004 0.03292684305555556 0.05848847031249997 0.06585368611111111
3 0.389435734375 0.025994875694444447 0.008773270312499993 0.03119385138888889
0 0.39625938984375 0.01992940486111111 0.03021904218749998 0.03292684305555556
0 0.32412360859375 0.044191289583333335 0.05166481562499996 0.046790776388888886
3 0.10479184296874999 0.055455735416666666 0.012672501562499994 0.04852376805555556
0 0.0872453015625 0.054589240972222224 0.024370196874999993 0.02946085972222222
0 0.10722886289062501 0.06152120694444445 0.031193850781249987 0.03985881111111111
0 0.14183454140625001 0.06238770138888889 0.039967121875 0.04852376666666666
0 0.03655529414062501 0.045057784722222216 0.02047096484375 0.013863933333333328
0 0.051664815625000006 0.048523768749999995 0.029244234375 0.017329915277777778
0 0.016571733203125 0.06412069305555555 0.021445772656249997 0.02426188333333333
0 0.047765583984375 0.09531454583333333 0.09553116796875 0.09358155555555556