4 0.38797352265625 0.3907896347222222 0.017546540624999985 0.08491659444444445
4 0.386023906640625 0.44884485555555553 0.019496157031250006 0.024261883333333383
4 0.38748611875 0.46964075694444446 0.016571732812499997 0.020795902777777778
4 0.6472724097656251 0.4297819472222222 0.013647310156250026 0.017329916666666712
4 0.6472724097656251 0.46097579999999994 0.013647310156250026 0.03812581666666664
4 0.66384414296875 0.4401798986111111 0.013647309375000027 0.024261883333333383
4 0.66286933515625 0.46530827777777783 0.011697693750000049 0.01906290833333336
0 0.8519820570312501 0.6862647236111111 0.29439196875 0.39512211388888885
0 0.444512377734375 0.5640888055555556 0.05848847109374997 0.08145061111111107
0 0.61997778984375 0.5658217972222223 0.07408539687499997 0.08491659444444437
0 0.523471812109375 0.54589239375 0.02144577265625003 0.034659834722222234
0 0.5873217261718751 0.55888983125 0.01852134921875006 0.07451864583333337
0 0.574649225 0.5632223111111111 0.012672501562500039 0.055455736111111126
0 0.556615280078125 0.54329290625 0.025345003906249986 0.032926840277777814
0 0.46547074687500006 0.5476253854166667 0.03801750625000002 0.07278565138888887
0 0.49032834609375 0.5441594027777777 0.013647310937500023 0.03465983333333335
0 0.503975655859375 0.5398269229166667 0.007798463281250001 0.019062909722222167