4 0.54286007265625 0.34849570277777775 0.016016940624999965 0.03597456666666668
0 0.42387703789062503 0.4248304284722222 0.006864405468749979 0.028983045833333342
0 0.4157255578125 0.42406771805555554 0.006006357812500074 0.0366101666666667
0 0.407574075 0.42177958055555553 0.010296607812499924 0.03508473888888888
0 0.39770649218750004 0.42177958125000004 0.009438557812500026 0.04423727916666667
0 0.387838909375 0.4194914472222222 0.012012709374999986 0.057966094444444456
0 0.36338446523437506 0.41720330972222225 0.047192788281249995 0.07474574444444444
0 0.34793955273437505 0.4271185618055556 0.042044483593749994 0.07932201527777778
0 0.31576265234375 0.4324575465277778 0.06864405625 0.09915252638888887
0 0.227383431640625 0.44313550833333337 0.16474573203125 0.19983046944444444
0 0.489946939453125 0.42101687013888883 0.012012707031249991 0.024406776388888888
1 0.51483041015625 0.41148297222222224 0.04633473593749997 0.06559320555555562
0 0.5210083859375001 0.4217795819444445 0.030889826562499945 0.059491516666666654
0 0.5514691859375 0.41872873125 0.04547668749999998 0.06254235416666663
0 0.5617657949218751 0.43627110486111115 0.06263770390625005 0.0732203263888889
0 0.62740667265625 0.4431355097222222 0.11497879531250002 0.11135591111111107
7 0.6875131125 0.4724999104166666 0.09781778125000003 0.0976271013888889
0 0.9118933652343749 0.5178812583333333 0.17504233984374995 0.3279660416666666
0 0.10832889882812502 0.4675422840277778 0.21622877265625 0.4713558430555556
3 0.515688462890625 0.42749991805555554 0.015444914843749925 0.042711855555555504