0 0.02703443046875 0.48489785763888893 0.0540688609375 0.04040815416666664
0 0.08506375156249998 0.49040805902777773 0.0371938703125 0.03673468750000002
0 0.13465557929687502 0.4922447930555555 0.022729586718750007 0.03306121944444445
0 0.1790815890625 0.49316315902777774 0.04752550000000002 0.03489795138888891
0 0.183730823046875 0.5216325430555555 0.12294640234375001 0.0734693722222222
0 0.32114150742187497 0.5142856055555556 0.05682396796875002 0.05877549722222221
0 0.38313129101562493 0.5041835673611111 0.04235968515624999 0.04224489027777775
0 0.350586654296875 0.5106121368055555 0.03512754296875 0.03673468750000002
0 0.440471840234375 0.5106121381944444 0.03099489140624998 0.029387748611111104
0 0.525707791796875 0.5124488722222222 0.029961727343749977 0.025714280555555528
0 0.49161341054687496 0.5133672381944444 0.03409438046875 0.049591826388888906
0 0.5649679867187499 0.5142856069444445 0.027895401562499967 0.036734686111111144
0 0.603711601953125 0.5118366270833333 0.022729586718749938 0.029387748611111104
0 0.85873068984375 0.5357141708333333 0.1746045546875 0.09551018333333335
0 0.9770278597656251 0.5531631472222223 0.018596935156250004 0.04959182499999994
4 0.73106028671875 0.4182456506944444 0.027222901562500023 0.015283031944444442
4 0.991827030078125 0.19536809236111113 0.012895058593749908 0.04839627083333333
4 0.993259814453125 0.2577738083333333 0.010029489843750027 0.04584909722222221