5 0.569019519140625 0.4210948798611111 0.016389400781249997 0.05341730694444446
5 0.21050135781249998 0.3316035520833333 0.0259498875 0.07769790694444442
5 0.23576835195312498 0.3364596715277778 0.02185253515625001 0.07769790416666669
5 0.16142703828125 0.5966611868055556 0.012479821875000009 0.03479113194444439
5 0.148358208984375 0.5986900965277778 0.010926267968750004 0.029136712499999995
5 0.804617168359375 0.565564420138889 0.012292052343750016 0.026708654166666672
5 0.786861983203125 0.52064531875 0.012292052343750016 0.043705068055555546
5 0.5847260296875 0.42230890902777773 0.012292051562500017 0.04613313194444449
5 0.5669708437500001 0.5804258777777778 0.009560484375000034 0.017582619444444465
5 0.6256995328125 0.5874169576388889 0.006828917187499961 0.02185253749999995
4 0.15382134257812502 0.4417333868055556 0.019120967968750003 0.021852537500000026
4 0.155187125390625 0.49029457569444446 0.016389400781249997 0.01699641805555553
4 0.166796286328125 0.5036489006944445 0.023218317968750003 0.019424476388888934
4 0.159284475390625 0.5230733791666667 0.016389400781249997 0.01942447777777774
4 0.157918693359375 0.5534241236111112 0.008194700781249998 0.0461331305555556
4 0.462488407421875 0.5085050229166667 0.02458410234374995 0.019424476388888855
4 0.6823795484374999 0.5695533826388889 0.010926267187500028 0.029136715277777763
4 0.343665246875 0.35709817499999996 0.057362907812499975 0.03642089444444447
4 0.31430090078125 0.2927545979166667 0.03141301875 0.029136712499999995
1 0.600432539453125 0.6396202347222222 0.021852535156249964 0.038848952777777786
0 0.604529889453125 0.6505465027777778 0.01365783515625001 0.026708655555555558
0 0.617504833203125 0.6396202347222222 0.012292052343750016 0.024280594444444463
0 0.5751655449218751 0.6493324729166667 0.009560482031249951 0.029136715277777763
0 0.5867747039062501 0.65176053125 0.021852534374999965 0.029136712499999995
0 0.68686926875 0.6560020979166667 0.05657816406250005 0.0764687958333333
0 0.5273631238281251 0.6590447111111112 0.08604436015625003 0.1602519277777778
2 0.45717901562499996 0.6374525326388889 0.046129156250000046 0.07336249861111115
0 0.341616570703125 0.6438936041666666 0.05053398828125002 0.06429505
0 0.37371248203124996 0.6736130673611112 0.05463133906249995 0.06798566805555556
0 0.202989548046875 0.6796832173611111 0.05189977265625001 0.050989248611111135
0 0.101494773828125 0.7214060472222223 0.20298954765625 0.15693223333333337
3 0.728133293359375 0.6663288902777778 0.025949886718750027 0.10197850000000004
3 0.779350175390625 0.6651148597222222 0.01912096796874998 0.0801259638888889
3 0.889295744921875 0.6517605333333333 0.025949886718749936 0.10683461666666669
3 0.8298841628906249 0.6505465034722222 0.01638940234374999 0.08498208194444443
3 0.8203236777343751 0.65176053125 0.021852535156249964 0.09226625972222216
5 0.5888814554687499 0.6049874222222222 0.006823654687500014 0.015596924999999985