4 0.092136229296875 0.6539781868055556 0.01169468359375 0.01247432638888889
4 0.35227794101562504 0.6442759340277777 0.024169010156249993 0.04851127638888894
0 0.20808738125 0.7075715958333333 0.00857610000000002 0.015246402777777727
0 0.19171482539062498 0.7096506479166667 0.008576100781249995 0.01663243472222228
0 0.24862894609375 0.7145017784722222 0.010135390624999996 0.02079054861111113
2 0.226194635546875 0.6964833256944444 0.028846882031249965 0.05682749583333333
0 0.242177368359375 0.7075716166666666 0.01091503671874996 0.029106763888888863
2 0.26790566914062497 0.6992553979166667 0.03742298359374998 0.07068785694444446
0 0.28661716132812504 0.7138087715277777 0.04054156640625002 0.06375767638888889
0 0.29402379335937495 0.7276691333333334 0.02728759140624999 0.052669383333333285
0 0.312345462109375 0.7366783715277778 0.031185819531249992 0.05682749583333325
0 0.177076969921875 0.7096506597222223 0.008576100781249995 0.016632436111111086
0 0.168500869921875 0.7075716055555555 0.008576100781249995 0.012474327777777777
0 0.12795930429687502 0.7214319701388888 0.022609719531249996 0.03465090972222226
0 0.089756674609375 0.71519480625 0.028846883593750004 0.02217658194444441
0 0.089366851953125 0.7158878249999999 0.029626527343749997 0.023562619444444502
0 0.06090979296875 0.7145017874999999 0.027287592187500005 0.03187883888888897
0 0.05194386875 0.7456876083333334 0.026507946875 0.055441458333333395
0 0.44917324609375003 0.7678641909722222 0.1099300140625 0.12751535138888892
0 0.11431550742187499 0.7297481986111112 0.026507946093750002 0.03465090833333322
0 0.33963305468750005 0.7380644166666667 0.062371639062500026 0.07068785555555558
0 0.020124593359375 0.74430158125 0.04024918671875 0.09147840416666671
0 0.607608359765625 0.79419889375 0.24792726484375 0.2494865569444445
0 0.86177626953125 0.8272327430555555 0.2759945046875 0.3423509972222222