4 0.615241026953125 0.34467589583333336 0.021015919531250038 0.04459675555555553
4 0.258495811328125 0.37942815902777777 0.018213796093750022 0.024907756944444435
4 0.215062911328125 0.3333669305555555 0.01821379453125003 0.049021499999999954
4 0.889533816015625 0.25281373194444445 0.018213794531250115 0.05728784444444442
4 0.9182555746093749 0.15442809097222224 0.03922971484374997 0.02988930694444443
4 0.9049454910156249 0.19739397013888885 0.015411674218750093 0.031134695833333323
0 0.47075660078125 0.48570125625 0.01961485937499994 0.019926206944444403
0 0.48897039765625 0.48819202986111115 0.025219101562499978 0.01992620972222225
0 0.505783133203125 0.4869466423611111 0.014010613281249995 0.02739853472222222
0 0.5092857863281249 0.5006459076388888 0.01541167578125 0.044833965277777804
0 0.5345048898437501 0.4997118673611111 0.05464139218749997 0.0728551875
7 0.544312318359375 0.5050047666666667 0.05744351328124999 0.07721404444444444
0 0.45814704882812496 0.4888147256944444 0.016812736718749922 0.02988931250000001
0 0.448339619921875 0.4925508826388889 0.019614858593750027 0.027398531944444453
0 0.43292794453124994 0.4937962743055555 0.022416981250000044 0.039852409722222225
0 0.41541467929687503 0.49379627569444445 0.02662016484374998 0.049815512499999985
0 0.3915966359375 0.4939208222222222 0.029422287499999956 0.05728784166666669
0 0.376184962890625 0.49641159861111106 0.049037146093750025 0.07223249444444449
0 0.321018151953125 0.5054495319444445 0.07705837265625001 0.11208490555555552