5 0.41673466093750006 0.5489148756944444 0.012292051562500017 0.050989248611111135
5 0.553995901171875 0.7091668055555556 0.010926267968750025 0.03642089444444447
4 0.4802435921875 0.5752766576388889 0.04916820468749998 0.031564773611111166
3 0.508242154296875 0.7969238166666666 0.05326555546874996 0.2695146055555555
3 0.57584843671875 0.806636054861111 0.05463133906250004 0.25980236527777784
3 0.9787545628906249 0.6772551576388889 0.01912096796874998 0.05584536805555555
3 0.9767058859375 0.7561670916666666 0.04233928906249993 0.15053968888888888
3 0.9384639484375 0.8123593333333333 0.047802421874999904 0.27194266666666667
3 0.911148279296875 0.8208575416666667 0.058728689843749925 0.32778803333333334
3 0.8612971835937501 0.8123593326388888 0.04643663906250008 0.3350722125
3 0.8257868117187501 0.8184294833333333 0.076483875 0.3520686305555555
3 0.771155473828125 0.7686542618055556 0.03551037109375006 0.18453252361111114
3 0.728133294140625 0.8160014229166668 0.12974943046874995 0.3617808680555556
2 0.861297182421875 0.7100339597222222 0.27588826171875 0.26223042499999993
0 0.661892795703125 0.8083703701388889 0.05736290546874993 0.08498208194444443
0 0.6373086921875 0.7549530590277779 0.08467857500000005 0.07041372638888896
0 0.480243593359375 0.8035142506944444 0.31139863203125 0.1869605819444444
0 0.27196161328125 0.7039638118055556 0.11336002812500001 0.07041372638888896
0 0.330007409765625 0.7598091805555555 0.22398848984375 0.15296774999999999
0 0.112847838671875 0.7622372402777778 0.22398848828125 0.28893908055555556
4 0.45068420781250007 0.5522731173611111 0.015210910937499999 0.04784286805555556
0 0.02437019609375 0.5961491534722222 0.0448411609375 0.04852376805555557