4 0.7629823828125 0.20335119652777778 0.0982504578124999 0.1534461986111111
4 0.7735420113281251 0.47269824791666665 0.04040205703124995 0.048972190277777765
4 0.74324046875 0.5192218305555556 0.031219771874999934 0.050604597222222165
4 0.412350221484375 0.6705692291666666 0.00642759765625005 0.014691658333333319
4 0.365979679296875 0.5554845791666666 0.023873944531250003 0.0391777527777778
0 0.463980921875 0.7071584618055556 0.015609885937499967 0.0195888763888889
0 0.393277319140625 0.7096070701388888 0.032138000781250044 0.04407497083333338
0 0.374912748828125 0.7120556819444444 0.030301542968749963 0.04244256944444452
0 0.6030925238281251 0.7014450361111112 0.018364571093750025 0.03428053055555564
2 0.613193038671875 0.6810399597222221 0.027546858593749945 0.07835550555555552
0 0.43340389335937496 0.702478892361111 0.03305622890624997 0.026118501388888878
2 0.329031912890625 0.6847944736111111 0.06427600078125 0.10284160277777785
0 0.489415836328125 0.5496312243055556 0.03856560078125 0.01795647361111108
0 0.29383314765625 0.7087908430555555 0.04774788593750001 0.05550181666666671
0 0.2534310890625 0.7112394527777778 0.04774788593750001 0.060399036111111096
0 0.19181794960937498 0.7047098513888889 0.08172234296875 0.08325272499999999
0 0.6275174101562501 0.6679807083333333 0.011018742187499963 0.13059251111111111
0 0.6766426390625 0.638597392361111 0.09274108749999996 0.17629988749999995
0 0.0909046296875 0.7117291763888889 0.1212061734375 0.08651753611111108
0 0.527981436328125 0.6545949569444444 0.12120617265625003 0.21711005
0 0.825028383984375 0.6763603916666666 0.3039336617187501 0.29056833611111105