2 0.303359487890625 0.4860162569444445 0.02734592734375001 0.024307491666666674
0 0.30178183710937495 0.5056492284722222 0.011569430468750008 0.018698068055555538
1 0.33596424531249997 0.48508135208333336 0.02103532812500002 0.04113575416666669
0 0.34700779375 0.49349548194444437 0.015776496875 0.035526333333333326
0 0.359628991015625 0.4942166916666666 0.024190628906250032 0.03696875277777778
0 0.370146655078125 0.48695115902777786 0.015776496093750002 0.02991691250000004
0 0.37908667070312496 0.4878860625 0.01472473046874998 0.031786719444444445
0 0.392759633203125 0.4860162555555556 0.018931796093749974 0.031786719444444445
0 0.410639662890625 0.48882096597222224 0.021035328906249973 0.03365652638888893
0 0.42326085976562505 0.4860162555555555 0.01893179609375002 0.0430055611111111
0 0.442192655078125 0.48508135208333336 0.021035327343749976 0.04113575416666669
0 0.469012698828125 0.47853702777777773 0.051536555468750044 0.0654432444444444
0 0.498462159375 0.48227664027777783 0.04732948906250005 0.05796401666666663
0 0.558938729296875 0.48321154444444453 0.10307311015625001 0.10096957500000003
0 0.636243562109375 0.4635785715277778 0.08519308203125 0.08414131527777778
0 0.769517406640625 0.45422953819444445 0.16723086171874996 0.1290166819444444
0 0.28337592578125 0.5019096138888889 0.012621196874999985 0.014958455555555616
0 0.25497823125 0.5084539395833333 0.00841413124999999 0.020567876388888826
0 0.246564100390625 0.5103237465277778 0.010517663281249989 0.01682826249999994
0 0.239201734375 0.5140633604166667 0.01262119843749998 0.020567876388888903
0 0.262866479296875 0.5093888430555555 0.011569430468750008 0.018698069444444423
0 0.223425238671875 0.5234123951388889 0.008414130468749993 0.020567876388888903
0 0.2144852234375 0.5234123951388889 0.013672964062500004 0.020567876388888903
0 0.20081226015625 0.5243472993055556 0.0178800296875 0.029916912499999962
0 0.19134636249999998 0.5290218173611111 0.0178800296875 0.028047104166666673
0 0.182932230859375 0.5346312368055556 0.024190627343749993 0.028047104166666673
0 0.148749821484375 0.5458500784722222 0.03996712421875002 0.05422440138888894
0 0.12245566132812499 0.5449151756944444 0.02524239453125001 0.03739614027777781
0 0.113515646484375 0.5561340180555555 0.03260475859374999 0.04487536944444438
0 0.08406618671874999 0.5589387277777778 0.0431224234375 0.05422440277777775
0 0.05093554375 0.6084886125 0.10096957656250001 0.17950146944444445
4 0.630458846484375 0.3370994861111111 0.014724730468750025 0.01869806944444446
4 0.368043121875 0.4548973256944444 0.009465896875000013 0.014958454166666652
4 0.236046435546875 0.46798597499999994 0.008414130468749993 0.011218841666666653
5 0.17872516484375 0.44514762291666665 0.007362364062499993 0.024307490277777788
5 0.172940449609375 0.44888723680555553 0.008414132031249988 0.024307490277777788
5 0.24656409921874997 0.46665040347222225 0.008414131250000035 0.014958456944444422
5 0.216062873046875 0.47506453541666666 0.008414130468749993 0.02430749305555556
4 0.9580539156250001 0.10490559166666667 0.02677898125000002 0.025503791666666664
4 0.94227344453125 0.12955925694444445 0.0392120796875 0.034005055555555545
4 0.91549446328125 0.10065495972222221 0.03156094218749992 0.03400505555555556
5 0.96618324921875 0.23412480277777778 0.027735373437500144 0.05610834166666664
5 0.290013971875 0.10375261041666667 0.02390980468749997 0.08780743472222222
5 0.371239565625 0.4140115513888889 0.008607529687500027 0.01870278055555556