4 0.62955919765625 0.26673390625 0.026945568749999982 0.05008065138888891
4 0.37357630195312497 0.31790326597222224 0.02204637265625 0.04354839305555554
4 0.31478597109375 0.30483874930555555 0.01959677656250003 0.04354839305555554
4 0.31478597109375 0.34620972222222224 0.01959677656250003 0.030483875000000025
4 0.48564536953125004 0.27653229375 0.013472784374999946 0.02177419583333331
4 0.6013888316406251 0.3102822986111111 0.01469758203125 0.02395161388888888
4 0.617311212109375 0.30919358888888887 0.012247985156249985 0.021774194444444422
4 0.600776433203125 0.3396774631944445 0.008573589843750007 0.04354839305555558
0 0.7232562859375 0.30048391041666667 0.018371978124999976 0.0174193597222222
0 0.70978350234375 0.3004839097222222 0.0061239937499999895 0.021774197222222232
0 0.653442769140625 0.30701616736111115 0.03061996328124996 0.021774195833333346
0 0.55790848359375 0.32770165486111114 0.013472784375000036 0.01959677638888889
0 0.537699307421875 0.3353226236111111 0.01959677890625002 0.026129036111111108
0 0.48625776796875 0.33967746249999997 0.01959677656249994 0.02177419444444446
0 0.49544375859375 0.35491940208333334 0.02572077031250002 0.03483871805555556
0 0.459312201171875 0.3581855298611111 0.02939516484375 0.037016134722222205
0 0.390723481640625 0.36362907916666665 0.07348791328125 0.056612911111111094
0 0.565257275 0.36254036944444445 0.06001512812499996 0.04137097222222223
0 0.643031982421875 0.36907262847222216 0.09308468828124994 0.0805645263888889
0 0.712845498828125 0.3636290798611111 0.06368952421875003 0.047903234722222264