0 0.454293708203125 0.3919581659722222 0.010926267968749936 0.019424476388888934
0 0.455659490625 0.3919581659722222 0.010926268749999935 0.019424476388888934
0 0.46248840781249995 0.39560025416666666 0.010926267187500028 0.02185253611111114
0 0.47068310976562505 0.3931721951388889 0.01365783515624992 0.026708654166666672
0 0.5157539632812499 0.3883160756944445 0.016389401562499996 0.026708654166666672
0 0.52531444609375 0.38588801597222216 0.0163894 0.031564773611111166
0 0.5362407164062499 0.3871020465277778 0.021852535937499962 0.029136712499999995
0 0.549898551171875 0.3883160756944445 0.02731566953125002 0.026708654166666672
0 0.56901951953125 0.3907441354166667 0.030047235937500007 0.03156477361111109
0 0.442684547265625 0.39560025416666666 0.015023617968750003 0.02185253611111114
0 0.428343821484375 0.4004563722222222 0.016389400781249997 0.04613313055555553
0 0.411271528125 0.41623875972222224 0.04507085468750005 0.07769790555555557
2 0.372318592578125 0.3825898583333333 0.027371882031249982 0.04301721111111113
0 0.325227168359375 0.3992423444444444 0.015023617968750003 0.01942447777777774
0 0.312252226171875 0.41381070000000003 0.016389400781249997 0.029136713888888957
0 0.29722860820312497 0.4138107013888889 0.019120967968750024 0.03884895000000002
0 0.28425366601562496 0.4198808506944444 0.023218319531249997 0.03156477361111109
0 0.268547155078125 0.41988084999999997 0.02458410234374999 0.041277013888888964
0 0.356527176171875 0.45751577361111107 0.10106282109375 0.12625909444444441
0 0.160793844140625 0.5669383993055556 0.31988049921875 0.528997073611111
5 0.31674940546874997 0.32154443958333334 0.004663476562499991 0.02428059583333331
5 0.473184546484375 0.3142929097222222 0.00592339296874993 0.016219958333333336
0 0.493901428515625 0.42230890833333334 0.04916820546874998 0.07526984444444448
3 0.654380987109375 0.39317219305555556 0.017755185156250075 0.07526984444444444
4 0.45057174609375006 0.3565050479166667 0.014036503124999999 0.011647787500000027
4 0.3170324671875 0.36160742083333336 0.012292051562500017 0.026708655555555558
4 0.53146047421875 0.35796533124999996 0.009560482812499948 0.019424476388888855
5 0.543069633984375 0.35310921319444444 0.01365783515625001 0.019424476388888893
4 0.4884382945312501 0.3628214513888889 0.010926267187500028 0.01942447777777782
4 0.24259726953125 0.35189518402777775 0.010926268749999978 0.012140295833333307
4 0.169527852734375 0.34021777152777777 0.04780242265625001 0.030639006944444467
4 0.20640400703125 0.34096891458333334 0.017755185937500008 0.029136712500000033
5 0.31196127890625 0.31990751041666665 0.004912776562499976 0.01746764861111111
5 0.467415549609375 0.31242137569444445 0.005614600781250001 0.01497227083333333