4 0.24802679374999997 0.4701661381944444 0.01376510468750003 0.03670694583333337
4 0.39867821953125004 0.43481870763888886 0.04588368281249999 0.03398791527777776
4 0.44303244687500004 0.4368579833333333 0.048942595312500004 0.02990936388888888
4 0.520652343359375 0.4429758090277777 0.03441276171874996 0.03670694583333337
4 0.7459922125 0.5068730854166666 0.023706568750000035 0.0530211430555555
1 0.102728463671875 0.44184287222222224 0.20341766171874998 0.3453172
0 0.21832985898437496 0.4758307861111111 0.014529833593749996 0.01631419722222221
0 0.23668333203124997 0.4737915125 0.009941464062500006 0.014954683333333366
0 0.2072413015625 0.4880664347222222 0.0183534734375 0.01631419722222221
0 0.25847808085937496 0.4744712694444445 0.007647280468750006 0.016314197222222285
0 0.274155006640625 0.47854982083333336 0.020647657031249978 0.01903323055555551
0 0.2940379359375 0.4765105451388889 0.009941464062500006 0.017673715277777783
0 0.307038312890625 0.4805890951388889 0.013000375781249972 0.012235648611111177
0 0.32233287304687497 0.47854981944444447 0.014529833593749996 0.010876130555555521
0 0.335333249609375 0.4758307861111111 0.01147091953124999 0.01631419722222221
0 0.35636327226562503 0.47379151250000007 0.01529456171875001 0.009516613888888909
0 0.370893104296875 0.47379151180555557 0.010706192968750017 0.012235648611111098
0 0.42187498945312496 0.4583836631944444 0.006117824218750023 0.009516615277777795
0 0.42913990703125 0.46586100416666665 0.00994146406249996 0.008157097222222218
0 0.49222997148437503 0.4617824555555555 0.007647280468749962 0.008157097222222218
0 0.5247309125 0.5247733805555556 0.014529832812499954 0.0407854944444444
0 0.542829468359375 0.5299848770833333 0.02523602578124997 0.03942597916666667
0 0.3722951140625 0.5163897111111111 0.031353851562500035 0.03942598055555556
0 0.47706285625000006 0.5490181069444445 0.100179375 0.16178246944444438