3 0.267028580078125 0.4019505625 0.011694682031250014 0.02772072777777781
3 0.26118123828125 0.4033366013888889 0.00935574531250003 0.024948658333333325
3 0.24831708828125 0.40680169097222224 0.010135392187499991 0.020790545833333358
3 0.19413172773437498 0.40541565416666664 0.009355746093750006 0.023562619444444502
3 0.18438615937499997 0.4068016916666667 0.016372556250000003 0.029106766666666634
0 0.525675971484375 0.41303885625000003 0.019491136718750024 0.03742298472222221
0 0.542828171875 0.41858299861111115 0.027287590625000035 0.054055419444444495
0 0.5638786007812501 0.4248201638888889 0.039761918749999924 0.08316218611111105
0 0.590386547265625 0.4331363840277777 0.05847341171874998 0.10533876805555553
0 0.608708215234375 0.45046183749999996 0.05301589296874996 0.1178130972222222
0 0.7096723062500001 0.4359084555555555 0.20660605312499997 0.2744352111111111
0 0.8667708734375001 0.5239217687500001 0.26352017656250004 0.48095464027777773
0 0.41769507109375 0.42412714513888894 0.031965465625 0.042967126388888964
0 0.397034466015625 0.42689922013888887 0.02027078203124999 0.0540554208333333
0 0.23252926679687497 0.4788755833333333 0.11928575859374999 0.1358315694444444
0 0.119480671875 0.5162985680555555 0.21362286406249997 0.1995892444444445
7 0.038805089453125 0.5564503118055556 0.07562561171875 0.21344960694444445
0 0.34130753984375 0.4469534333333333 0.11772646718749998 0.16078022499999997
0 0.4796946125 0.4337860881944445 0.07640525624999998 0.1094968791666667
3 0.218568740234375 0.39617541597222217 0.009355746093750028 0.023562620833333308
4 0.426490825390625 0.35695285416666667 0.025113196093749936 0.027637802777777803