4 0.33070835390625 0.34403230347222225 0.01959677656250003 0.034838712500000014
0 0.524226521484375 0.5487097479166666 0.007348791406249955 0.026129034722222222
0 0.513203337890625 0.5400000694444445 0.012247985156249985 0.052258069444444444
0 0.499730551171875 0.5334678118055556 0.01469758203125 0.05661291249999994
0 0.48931976445312503 0.53020168125 0.015922378906250055 0.08491936527777781
0 0.45931219960937497 0.5410887805555556 0.05879033046875 0.12846775833333332
0 0.404808664453125 0.5454436173611111 0.09185989140625002 0.21120970416666668
0 0.223538480078125 0.5857258826388889 0.36621476640625 0.396290373611111
0 0.07533148359375 0.7468318854166667 0.1506629671875 0.3091474902777778
0 0.5425985007812499 0.5497984576388889 0.02449597031249997 0.03266129305555552
0 0.5628076765625 0.5519758770833333 0.013472784374999946 0.023951615277777765
0 0.572606064453125 0.5519758770833333 0.011023186718749934 0.032661293055555596
0 0.588528446875 0.5367339395833334 0.025720768749999935 0.06314516805555555
0 0.61547401484375 0.5410887805555556 0.045317546875000045 0.07185484999999996
0 0.63262119453125 0.5476210395833333 0.04776714374999998 0.07185484861111115
0 0.65221797109375 0.5585081368055556 0.04286794843750004 0.07185484861111115
0 0.685287530859375 0.5650403958333333 0.06736391953125001 0.1023387222222222
0 0.796744198828125 0.5802823319444445 0.1996421632812499 0.20250002777777773