4 0.15499444687500002 0.37172672430555553 0.017546542187500003 0.015596926388888871
4 0.4786306515625 0.3439988583333333 0.017546540624999985 0.046790775000000034
4 0.717458574609375 0.43584741875 0.011697694531249959 0.032926843055555585
4 0.8787892726562501 0.4193839979166667 0.014622118750000013 0.013863934722222224
4 0.8758648488281249 0.3968551055555556 0.022420580468750017 0.02426188611111115
4 0.885125523046875 0.3855906590277778 0.01949615703125005 0.015596926388888871
5 0.715021555078125 0.3041400486111111 0.00877327109374999 0.043324794444444474
5 0.566850762890625 0.1906290902777778 0.00877327109374999 0.04852376944444441
5 0.55612787578125 0.19669455972222222 0.008773270312499993 0.04679077500000002
0 0.6097423078124999 0.5961491541666667 0.2563744640625 0.3396663777777778
0 0.46839517031250005 0.4956356347222223 0.010722887499999967 0.027727866666666677
2 0.45182343671874997 0.48870366597222226 0.02047096562500004 0.0415918013888889
0 0.38407429140625 0.4765727243055556 0.03314346874999998 0.07278565138888887
0 0.30901408671874997 0.4618422951388889 0.013647310937500023 0.02252889305555562
0 0.27148398515625 0.48437118749999997 0.07700982187500002 0.07798462777777779
0 0.235903498828125 0.4748397333333333 0.03899231484375001 0.05198974999999998
0 0.21884436132812501 0.4731067409722223 0.02631981171875002 0.031193851388888937
0 0.172053584765625 0.4809052041666667 0.08285866640624999 0.07105266111111111
0 0.33630870625 0.4817717 0.06823655000000003 0.07278565277777777
0 0.4099066988281249 0.4913031534722222 0.06921135546874994 0.09184855972222215
5 0.8895121589843751 0.44104639375 0.016571732031249908 0.0329268430555555