4 0.46590919218749993 0.1408766701388889 0.00734582968750006 0.017956470833333328
0 0.31908443359375005 0.1678657888888889 0.015609885937500012 0.021221283333333316
0 0.322298233203125 0.19969771527777777 0.01652811328124999 0.035912941666666656
0 0.29704694921875 0.17684402638888888 0.026628631250000014 0.01632406666666666
0 0.272254775 0.1948004923611111 0.01744634218750001 0.03264812361111113
0 0.2644498328125 0.20622733819444442 0.020201029687499972 0.039177751388888876
0 0.25434931796875004 0.21194076111111113 0.03121977187499998 0.05060459722222221
0 0.230934488671875 0.22091899722222222 0.04315674296875001 0.055501816666666634
0 0.20109206054687503 0.23561065555555558 0.05509371640625003 0.07509069444444445
0 0.16619937421875003 0.24703749930555557 0.055093715625000005 0.08162031805555554
0 0.088149943359375 0.24866990625 0.11202388515624999 0.09467957083333335
0 0.42468072070312496 0.17646312777777778 0.02846508515625006 0.040810161111111125
0 0.42927186445312504 0.19197098680555555 0.02479217265624998 0.02611850416666665
0 0.43340389296875 0.20829505069444446 0.03305622968749997 0.026118501388888916
0 0.436158578125 0.22625152291666667 0.04223851562500007 0.03591294027777777
0 0.440290607421875 0.24143290138888887 0.04132028515625006 0.03754534722222225
0 0.29658783359375 0.21792625069444446 0.05142080156249999 0.06856106805555555
0 0.10513717265625 0.3052599916666667 0.1570170875 0.13222491666666666
0 0.442586177734375 0.29791416319444447 0.07713120078124999 0.10773882083333335
1 0.362241177734375 0.18854293611111111 0.07070360234374999 0.14691657222222224
3 0.5269320363281251 0.3031611736111111 0.025710400781249997 0.1371221361111111
0 0.9189351914062499 0.33304278402777776 0.1588535453124999 0.1501813875
4 0.002980277734375 0.1515305645833333 0.00596055546875 0.05298271527777777