5 0.550921283984375 0.37469379861111113 0.011364794531250055 0.051428558333333325
5 0.538006744140625 0.37653053333333336 0.012397957031249972 0.044081622222222214
5 0.365296934765625 0.42546638472222215 0.008265303906249999 0.03857141944444441
5 0.45466553710937496 0.49158882013888894 0.005165814843750028 0.020204076388888915
5 0.41488876015625 0.5026092263888889 0.008265304687499952 0.023877547222222184
3 0.743188612890625 0.5522447833333334 0.016530610156249993 0.06612243611111113
3 0.64400496015625 0.5543876423611112 0.014464282812499984 0.06795917083333336
5 0.82618605390625 0.4460203173611111 0.01859693437499992 0.04591835694444445
5 0.8492600234375001 0.4472448041666667 0.02169642500000002 0.04959182777777779
4 0.5551373003906249 0.5004527 0.015497446093749988 0.02938774999999999
0 0.35806479335937497 0.5394751055555556 0.012397957031250018 0.018367341666666606
0 0.3466999984375 0.5394751062500001 0.01033162968750001 0.01469387361111111
0 0.33636836914062496 0.5413118395833334 0.008265303906249999 0.01469387361111111
0 0.390609427734375 0.5330465354166667 0.009298467968750002 0.016530609722222225
0 0.378728053125 0.5376383701388889 0.010331629687499965 0.018367343055555492
0 0.295558428125 0.543148575 0.021696424999999974 0.03306121666666668
0 0.273862004296875 0.54682204375 0.019630097656250012 0.029387748611111184
0 0.2568148140625 0.547740411111111 0.014464282812499984 0.031224483333333334
0 0.1860431453125 0.5486587777777777 0.03616070624999999 0.044081622222222214
0 0.15556483515625003 0.5514138791666667 0.0392601953125 0.04959182500000002
0 0.11007367812499999 0.5532506131944445 0.05585477031249999 0.05326529305555552
0 0.016395008203125 0.5693876319444444 0.03279001640625 0.05877549722222221
0 0.49109682851562503 0.5473468208333333 0.016530608593749996 0.025714280555555608
0 0.830146507421875 0.6456121076388889 0.21283158828124993 0.2332652541666666
0 0.9303633234375001 0.6614845458333333 0.1384438484375 0.30070403611111113
0 0.50709521796875 0.5507959125 0.022729587500000027 0.031224483333333334
0 0.432190896875 0.59671426875 0.11261477187499995 0.16346935138888893
0 0.23402142929687503 0.5501891729166666 0.028655686718750007 0.03566040972222224