0 0.160355890625 0.7001286569444445 0.32071178125 0.3812581777777778
0 0.32217399296875 0.6160785583333332 0.1764402203125 0.23048789999999997
0 0.4172177578125 0.5744867576388889 0.09163193750000001 0.12650839583333334
0 0.44353756992187493 0.5502248729166667 0.06433731796875 0.12650839583333334
0 0.4766810371093751 0.54329290625 0.015596924218750008 0.06065470972222226
0 0.485454307421875 0.5354944430555555 0.015596925781250003 0.04505778333333331
0 0.49520238554687507 0.5285624770833334 0.013647310156250026 0.038125818055555524
0 0.5049504640625 0.5250964930555556 0.015596925000000006 0.03465983333333335
0 0.9655471714843749 0.77897978125 0.06726174140624988 0.2651477347222222
0 0.9231430300781248 0.6264765097222222 0.15207002421875 0.2824776527777778
0 0.80909051171875 0.6152120624999999 0.18131425937500004 0.18023113888888886
0 0.7247696335937499 0.5753532527777778 0.11795175000000002 0.14557130555555553
0 0.652633852734375 0.5519578659722222 0.06921135703125003 0.08145061249999996
0 0.6190029820312499 0.5415599138888889 0.037042698437500035 0.07105266111111111
0 0.601943844921875 0.5380939312499999 0.032168658593749996 0.06065470972222226
0 0.586346919140625 0.53549444375 0.016571733593749992 0.031193851388888857
0 0.5770862453125 0.5337614527777778 0.01949615781249996 0.03812581944444449
0 0.5468672015625 0.5172980298611112 0.017546540624999985 0.02946085972222221
0 0.52883325625 0.509499567361111 0.012672501562500039 0.020795901388888892