0 0.34600523515625004 0.5178855590277778 0.04591142968750002 0.057134223611111104
0 0.311571665234375 0.52359898125 0.03397446171874998 0.055501815277777825
0 0.273924291015625 0.5244151854166667 0.05050257265625002 0.06366384861111117
0 0.548933752734375 0.5170693569444444 0.011018742968749962 0.042442566666666674
0 0.55719780859375 0.5211503729166667 0.022037484375000017 0.057134223611111104
0 0.589794924609375 0.5260475909722222 0.04682965859374999 0.07672309861111104
0 0.660498525390625 0.5284962006944445 0.12579731640625003 0.17303507361111106
0 0.81334184609375 0.5946086604166667 0.30760657656250007 0.2758766791666667
0 0.21281740898437498 0.5281280972222222 0.08172234453124998 0.0816203194444444
0 0.39926249296875 0.5188501638888888 0.0385656 0.0391777527777778
0 0.43690986523437497 0.5139529444444444 0.029383314843749987 0.032648127777777744
0 0.46078380781250006 0.5090557263888889 0.022037484375000017 0.029383313888888866
0 0.5195504382812499 0.5123205409722222 0.020201028124999975 0.032648129166666706
5 0.509449923046875 0.4649807534722222 0.011018739843749969 0.029383315277777752
5 0.543424380078125 0.4535539076388889 0.01101874296875005 0.026118501388888878