5 0.4423735796875 0.49006872847222227 0.008802032812500027 0.02702846249999998
5 0.5263929808593749 0.4530824111111111 0.012002772656250027 0.044099072222222285
5 0.595437479296875 0.5428047256944445 0.010402402343749983 0.019915715277777777
1 0.37348624296875005 0.5825345125 0.03120720781249999 0.056902025000000044
0 0.331876633984375 0.5889359916666667 0.016803878906249993 0.01422550833333334
0 0.316673123828125 0.5967600222222222 0.015203511718749984 0.02418336388888886
0 0.306270720703125 0.6003164 0.015203510156250034 0.01991571111111112
0 0.298668966015625 0.6116968041666666 0.016003692968749973 0.025605916666666673
0 0.28706628789062505 0.6145419048611112 0.02000462109375003 0.022760812500000012
0 0.271862776953125 0.6166757298611111 0.02000461953124999 0.038408868055555545
0 0.23305381445312498 0.6159644555555556 0.03040702109375002 0.05121182222222218
0 0.488312758203125 0.6074291527777778 0.02240517578125001 0.03414121666666669
0 0.505916821875 0.606717875 0.033607759374999976 0.06401478055555555
0 0.578333543359375 0.5988938472222223 0.023205358593749992 0.045521625000000024
0 0.54352550703125 0.6102742534722222 0.07041626093749995 0.09104324861111109
0 0.704362646875 0.5818232402777778 0.019204434375000013 0.025605916666666673
0 0.747972715625 0.6060065993055556 0.08561977187499999 0.08819814583333331
0 0.8347927640625 0.5611962548611111 0.10322383593750004 0.07824029027777778
0 0.902808469921875 0.5619075305555555 0.045610532031249915 0.03414121944444446
0 0.921212719921875 0.5555060513888889 0.016803878906249993 0.01564805555555561
0 0.948819093359375 0.5469707451388889 0.03840886953125011 0.01280295416666664
0 0.9464185382812499 0.5619075284722223 0.05121182343750004 0.02560591249999994
0 0.8539971984375001 0.6088517020833333 0.14323307500000002 0.11380405416666667
0 0.9404016937499999 0.6458380215277778 0.11919661250000005 0.2190728097222223
0 0.645549064453125 0.6373027159722222 0.14563362734375004 0.18208649027777773
0 0.442702224609375 0.6152531805555556 0.08321921640624996 0.13229721666666663
0 0.15943681562499998 0.6252110354166667 0.04320997656250001 0.05832457916666666
0 0.18544282265625 0.6287674125 0.06641533593750001 0.06828242777777783
0 0.036508430078125 0.6493943951388889 0.07301686015625 0.08962069305555549
0 0.34648000625 0.8535304243055555 0.01600369531250001 0.008535304166666592