3 0.050961687109375 0.5019649597222222 0.019282799218749997 0.09467956944444443
3 0.060143972265625 0.5044135680555556 0.019282800781249998 0.10610641388888888
3 0.172167859375 0.49380292638888884 0.011936970312500007 0.08162031944444448
3 0.212569918359375 0.5084945847222222 0.010100516406250027 0.06203144444444446
3 0.08631348671874998 0.5386941069444444 0.036729142187499994 0.14201935833333326
3 0.19604180195312498 0.5248186499999999 0.02295571328124999 0.12732769444444447
3 0.5650166664062499 0.5019649597222222 0.012855203124999992 0.09631197500000002
3 0.54068360859375 0.49543533749999996 0.021119256250000086 0.08651753888888886
3 0.60817340859375 0.5035973673611112 0.01652811249999999 0.07998791527777777
3 0.6233241816406251 0.5019649597222222 0.01560988515624997 0.08651753888888886
3 0.651789266796875 0.5003325534722223 0.024792169531249984 0.09304716250000003
3 0.5339499230468749 0.49951635069444444 0.018364572656250022 0.09141475694444444
3 0.5798613519531249 0.49788394583333334 0.020201027343750066 0.0946795722222222
3 0.636332409765625 0.5019649631944445 0.013773430468750014 0.09957679027777779
5 0.416646220703125 0.20201028680555555 0.018364567968749947 0.07998790694444445
5 0.692573910546875 0.21751814930555555 0.020201028906249974 0.07835550972222226
4 0.326338446875 0.37626967013888885 0.016528115624999985 0.040810156944444426
1 0.8583321046875 0.5530031645833333 0.2800597171875 0.7541717430555556
0 0.386362612890625 0.6468665312499999 0.34617217578125004 0.40973400138888894