4 0.0449425921875 0.23647954166666665 0.060956618750000004 0.027551013888888913
4 0.2947958578125 0.25668361805555556 0.011709174999999971 0.027551016666666643
4 0.4928187734374999 0.3149999319444444 0.022729587500000027 0.01285714166666665
4 0.391474876171875 0.3159182986111111 0.006386816406250028 0.014693874999999995
4 0.426696337890625 0.38387746875 0.022729586718750028 0.022040809722222183
5 0.383716765234375 0.31408156736111115 0.008265303906249999 0.03306121805555552
5 0.50862618828125 0.3278570722222222 0.009298468749999955 0.038571422222222214
5 0.183386441015625 0.2536530048611111 0.013431119531250002 0.04959182361111109
5 0.31346167773437494 0.26559177638888887 0.010331630468750009 0.044081622222222214
5 0.009815048828125 0.33704074513888893 0.013431119531250002 0.049591826388888906
5 0.08678569609375 0.3765305326388889 0.008265304687499997 0.029387748611111104
5 0.13792726718749998 0.38020400000000004 0.003099489062499994 0.018367341666666686
5 0.142059918359375 0.38112236875000005 0.0030994898437499917 0.016530609722222225
5 0.180286951953125 0.3563264548611111 0.0030994898437499917 0.01836734305555553
5 0.190102 0.3572448222222222 0.008265304687499997 0.02020407777777776
4 0.584873606640625 0.38479583680555557 0.013431119531250068 0.027551015277777757
4 0.5962384011718751 0.3443876805555555 0.01963009921875001 0.012857136111111108
0 0.16737241289062502 0.4027039979166667 0.01239795546875 0.016530609722222225
0 0.187519093359375 0.4008672638888888 0.011364792968750015 0.01653061111111111
0 0.20766577226562505 0.3843366534722222 0.008265303906249999 0.016530609722222225
0 0.11778058671875 0.43025501111111114 0.03926019531249999 0.038571422222222256
0 0.22522954414062504 0.42107133888888887 0.02479591328124999 0.02755101388888887
0 0.2805037671875 0.4201529722222222 0.02376274999999999 0.03306121666666668
0 0.42039405429687504 0.4136325604166667 0.009298469531250042 0.03673468750000002
0 0.41471165585937503 0.4136325590277778 0.016530608593749996 0.04040815416666664
0 0.397664465625 0.4182243958333334 0.050624989062500035 0.06428569999999993
0 0.445706546484375 0.4108774590277778 0.024795913281250036 0.03489795416666668
0 0.46698969687499997 0.41739787152777774 0.02686223906249996 0.036734687499999946
0 0.36264022890625 0.49178561041666663 0.1446428265625 0.1965305708333333
4 0.8559755828124999 0.24795913194444444 0.02892856562499997 0.06979590277777778