5 0.75361197421875 0.2652697763888889 0.01889602031250002 0.07932621666666669
5 0.732982308984375 0.26799888680555556 0.017215002343750018 0.0789623375
5 0.7892116269531251 0.5979183145833333 0.01801906640624997 0.04118642638888888
4 0.97712472421875 0.48961325347222223 0.028315671874999993 0.019830504166666665
4 0.979269848828125 0.5170708756944445 0.036038125781249875 0.016779656944444415
4 0.7677603582031249 0.4438505527777778 0.036896178906250035 0.04423728055555556
4 0.7995865312499999 0.4579971486111111 0.07309090312499995 0.03592031111111109
4 0.7321512562500001 0.15020653888888888 0.024025421875000053 0.10372879166666667
1 0.09590667265625 0.5973934055555556 0.1896292 0.6249480222222222
0 0.7630410789062501 0.8152911597222222 0.470211775 0.36610162500000004
2 0.550244509765625 0.6692501625 0.20421606171875 0.2158108194444444
3 0.98613425546875 0.7031725395833333 0.02402541874999997 0.16932200972222217
0 0.37563119609375 0.7169013458333334 0.1553071734375 0.2486440194444445
5 0.402230766015625 0.45147766805555556 0.006006353906249951 0.01983050277777778