3 0.34815174804687504 0.43168574305555557 0.020182710156249995 0.08745840833333333
1 0.15263174453125 0.40813924791666667 0.03279690312500001 0.05382055972222225
0 0.047933935546874994 0.41935186527777785 0.025228388281249996 0.03139532499999997
0 0.088930066796875 0.4126242958333333 0.01387561328125 0.01794018611111107
0 0.209395616796875 0.4115030333333334 0.020182710156250016 0.024667758333333328
0 0.176598712109375 0.4148668173611111 0.012614192968750016 0.04036542083333335
4 0.502675621875 0.3753984111111111 0.00882993593750001 0.02691028055555557
4 0.5007834921875001 0.4112787840277778 0.007568517187500045 0.03139532638888893
4 0.5386260746093751 0.41464256875000005 0.007568516406249959 0.024667756944444442
4 0.66098375390625 0.35185191527777776 0.01513703125000001 0.03812289722222219
3 0.18851339765625 0.4181812118055556 0.015546264062499992 0.057401590277777755