0 0.13014456601562502 0.4979721451388889 0.07593756640625002 0.04839627083333337
0 0.24476731132812501 0.47886835555555557 0.08453427421875 0.030566066666666655
0 0.39950801640625 0.49669856250000005 0.03008847031250004 0.05603778611111107
0 0.36798676289062504 0.50051931875 0.04155074453125 0.06367929861111107
0 0.412403075 0.5234438659722221 0.044416314062499976 0.0942453680555555
0 0.5563978988281251 0.5132551777777777 0.031521253906250025 0.05349061388888888
0 0.5255930355468751 0.5221702770833333 0.04728188359374998 0.08660385138888892
0 0.58290440859375 0.5361797256944444 0.08453427343749995 0.10952839861111115
0 0.46541609453124994 0.5552835194444444 0.11605552968750006 0.1732077
0 0.32500323242187495 0.5395759430555556 0.11892109765624999 0.14518881111111115
0 0.68391570078125 0.6058024180555555 0.22924548906249997 0.23688700277777772
3 0.92963821015625 0.53830235625 0.021491764062499995 0.15283032638888885
3 0.9153103664062501 0.5361797263888889 0.030088470312499994 0.15028315277777776
3 0.8859382875000001 0.5145287631944444 0.054445803125000046 0.15792466805555555
7 0.976203699609375 0.6087741319444444 0.045849097656250136 0.12226426111111116
4 0.580755231640625 0.3557550291666667 0.02865568828124996 0.06113213055555554
4 0.582188016015625 0.39990602013888893 0.02579011953124999 0.04075475138888886
4 0.523443858984375 0.4190098111111111 0.017193411718749996 0.02801889444444446
0 0.642364957421875 0.48396270208333336 0.04011796015625002 0.03056606527777777
3 0.7097058191406249 0.4818400472222223 0.03152125546874993 0.04330192222222225