0 0.43191985468750005 0.4349491847222222 0.015497454687500056 0.02908164722222221
0 0.41943579296875005 0.4372451034722223 0.01635842656250004 0.033673484722222154
0 0.41082609453124996 0.4426022458333334 0.02496812343750001 0.0321428694444444
0 0.39705057851562503 0.4464287791666667 0.021524244531250014 0.03979593611111112
0 0.46549767499999994 0.43341857013888885 0.01033163593749995 0.02908164583333333
0 0.4753988277343749 0.4357144881944444 0.016358425781249953 0.03673470972222219
0 0.4797036765625 0.4441328590277777 0.01808036406250002 0.038265320833333366
0 0.49491413398437495 0.4482144923611111 0.028985999218750003 0.06683677638888888
0 0.520599740625 0.4599491868055555 0.04821430625000005 0.11479597083333333
0 0.341948512890625 0.47219409027777776 0.02669006328124999 0.0719388055555556
0 0.321715722265625 0.47066347708333334 0.04821430546875001 0.0903061652777778
0 0.280389160546875 0.4831634881944445 0.06543370234374998 0.12244903194444443
0 0.209646140234375 0.49923492569444444 0.12828449609375 0.15459190694444444
0 0.375813307421875 0.45637776458333335 0.04563139765625004 0.05357145416666671
0 0.555325504296875 0.48010226319444443 0.09126279609374999 0.12551025972222224
4 0.48300404414062503 0.41122468333333334 0.008609697656250059 0.021428583333333348