0 0.43909938671875004 0.38484743125 0.012292050000000021 0.021852531944444486
0 0.42612444492187496 0.3860614604166667 0.01365783515625001 0.019424473611111083
0 0.41451528476562494 0.3787772833333334 0.015023619531249999 0.024280594444444463
0 0.406320584765625 0.38484743263888893 0.017755185156249985 0.041277012499999995
0 0.39539431640625 0.38484743194444443 0.017755185937499984 0.0461331305555556
0 0.392662748828125 0.39213161180555556 0.012292050781250018 0.041277012499999995
0 0.38651672382812496 0.38970355138888885 0.01638940234374999 0.050989249999999944
0 0.379687805859375 0.39334564097222224 0.02185253515625001 0.06798566805555556
0 0.363298404296875 0.3994157895833333 0.03824193671875 0.07526984583333338
0 0.34281165234375 0.40427190625 0.05736290624999998 0.07526984027777775
0 0.45685457265624996 0.3860614604166667 0.01502361875 0.019424473611111083
0 0.46982951484375 0.38484743055555554 0.01638940312499999 0.03642088888888884
0 0.4752926484374999 0.3884895215277778 0.019120967187499983 0.0388489513888889
0 0.49304783476562497 0.38848952152777777 0.03551037109374997 0.05341730972222223
0 0.49782807656249994 0.3982017597222222 0.028681453125000013 0.053417308333333344
0 0.5221845515625001 0.4066999680555556 0.05281030000000007 0.06555760555555558
0 0.82994109921875 0.5090831486111111 0.3359827343749999 0.325359975
0 0.9760799300781249 0.6478872152777778 0.04643663828125 0.28408296111111103
0 0.08036070390625 0.5183907034722223 0.1607214078125 0.3812053430555556
4 0.950073109375 0.08602266944444444 0.08194700937499988 0.043705072222222224
4 0.9207087640625 0.11151729097222222 0.03960772031249995 0.03642089305555556
4 0.8968075531249999 0.15886445347222222 0.030047235937500007 0.048561190277777756
4 0.276058964453125 0.24141847430555557 0.015023617968750003 0.019424473611111083
4 0.986266371875 0.20742564305555555 0.025949885937500028 0.03399283333333329
4 0.9855834796874999 0.2681271298611111 0.02731567031250002 0.08255402361111111
4 0.7725212570312501 0.22927817777777776 0.03277880312499999 0.024280594444444463
4 0.762960771484375 0.27541130694444443 0.01912096796875007 0.05827342499999999