0 0.8831759085937498 0.45144434375000003 0.22810503593749995 0.27207969861111114
0 0.8246874375000001 0.4419128909722222 0.21835695781250006 0.21142499305555557
0 0.93289110859375 0.3275354368055555 0.09943039999999996 0.04852377083333334
0 0.7749722374999999 0.3864571548611111 0.04094192968749999 0.045057784722222195
0 0.72184521015625 0.44451237708333335 0.09845559374999997 0.12304241249999998
0 0.6672559703125 0.44364588194444443 0.05556404687500001 0.10397950277777782
0 0.452310840234375 0.4618422951388889 0.027294619531249963 0.05025675972222222
7 0.6214400015625 0.4592428076388889 0.04971519999999998 0.058921718055555614
7 0.590246151171875 0.4635752861111111 0.030219044531250017 0.06758667500000004
0 0.497152001171875 0.4670412701388889 0.015596925781250003 0.02946085972222221
0 0.47375661289062504 0.46704127013888885 0.015596925781250003 0.025994876388888834
4 0.6268014445312501 0.3951221131944444 0.04094192812499999 0.020795901388888892
0 0.1364730984375 0.5302954680555555 0.042891545312500015 0.0623877027777778