4 0.272179265234375 0.3690212784722222 0.013984807031250001 0.014917123611111154
4 0.64767130703125 0.35534724791666666 0.029368093749999956 0.042265190277777816
4 0.7672413984374999 0.35534724791666666 0.013984806250000047 0.042265190277777816
5 0.613408533203125 0.3677781868055556 0.008390883593749976 0.02237569027777779
5 0.70081357109375 0.3715074673611112 0.009789365625000013 0.01988950138888891
0 0.33021620937499996 0.3963693451388889 0.026571129687500018 0.029834251388888886
0 0.28616407109375 0.3926400638888889 0.013984804687500008 0.022375688888888905
0 0.2616906609375 0.4100433777777778 0.04894682187499999 0.03232043888888888
0 0.25469825859375 0.38642459375 0.02377417031250002 0.019889501388888835
0 0.227427886328125 0.40134172222222225 0.025172649218749975 0.02983425
0 0.18477422734374999 0.3876676854166667 0.020977209375000007 0.03232044027777784
0 0.09597070937499999 0.40631409583333333 0.16502071093749998 0.10939225833333334
0 0.37986227070312506 0.3951262486111111 0.013984807031250001 0.022375688888888905
0 0.40293720039062497 0.3951262486111111 0.015383285156250004 0.022375688888888905
0 0.44908706249999997 0.40134171736111107 0.020977209374999983 0.0248618763888889
0 0.494537680859375 0.41377265902777777 0.04754834140624995 0.06464087916666664
0 0.558867789453125 0.4112864722222222 0.044751380468750046 0.05966850555555554
0 0.8189851796875001 0.4734411659722222 0.1790055171875001 0.14917126527777774
0 0.619002455078125 0.3901538756944444 0.022375688281250028 0.017403312499999955
0 0.651866749609375 0.39139697013888886 0.01538328671875 0.0248618763888889