0 0.56905922421875 0.40271178819444436 0.00686440468750007 0.012203390277777813
0 0.5047054234375 0.40347449930555557 0.01887711562499996 0.01067796249999999
0 0.432629165625 0.3973728055555556 0.025741521875000027 0.010677963888888876
0 0.82904858046875 0.4561016083333333 0.10468218281250001 0.1006779444444445
0 0.5800422609375 0.40576263402777774 0.015444912500000019 0.018305081944444464
0 0.522981892578125 0.4065253451388889 0.021451266406250013 0.02593219861111109
0 0.5403145265625 0.39920330902777784 0.01801906406250007 0.016779656944444415
4 0.6147933160156249 0.37983043541666667 0.006006355468749991 0.015254237500000064
4 0.18877115117187498 0.3180507861111111 0.02230931796875 0.0716949
4 0.610074035546875 0.3653389125 0.008580503906250047 0.022881352777777763
4 0.6611280515625 0.3676270486111112 0.023167368749999983 0.039661011111111144
5 0.509253080859375 0.3386440048611111 0.0042902539062500186 0.015254237500000024
5 0.5414299816406251 0.3378812923611111 0.012012708593749987 0.013728812500000014