5 0.26978557734374997 0.37664035833333337 0.01186522656250002 0.04453121666666663
5 0.344272830859375 0.49734340138888894 0.007910150781250014 0.023437483333333297
5 0.373276716796875 0.5149215138888888 0.007910150781250014 0.021093736111111146
4 0.126743683203125 0.3766403597222222 0.015820300781250008 0.025781233333333375
4 0.173545408984375 0.47273404305555555 0.017138660156250006 0.035156224999999985
4 0.1728862296875 0.5324996263888888 0.015820301562500007 0.03281247777777775
4 0.8412939734375001 0.5090621423611111 0.021093735937500035 0.051562462499999934
5 0.8847998031250001 0.4317184465277778 0.01318358593750002 0.04218747083333333
5 0.9045751796874999 0.4129684590277778 0.02636716874999987 0.07499994861111109
0 0.115537636328125 0.5407027458333333 0.02504881015625 0.03984372222222221
7 0.1432231640625 0.5934370854166666 0.05668941406250001 0.11718742083333338
7 0.27308147265624994 0.5571089854166666 0.026367168750000003 0.06328120694444439
0 0.30604043515625 0.5430464958333333 0.03691403750000002 0.05859371111111113
0 0.01929746796875 0.5500777395833333 0.0382323953125 0.05390621249999994
5 0.8617285296875 0.3039841583333333 0.030322245312499874 0.07265619999999996