4 0.623635843359375 0.31406232986111116 0.026109203906249955 0.04312486527777778
4 0.65738296640625 0.3824997312499999 0.01713866093750003 0.03281247638888887
4 0.290879312890625 0.4258590749999999 0.017138660156249985 0.035156224999999985
4 0.28692423749999996 0.39890596874999995 0.009228509374999971 0.0374999736111111
4 0.041709562890624996 0.34734350416666665 0.017138660156250003 0.028124980555555526
4 0.0634624765625 0.34382788194444447 0.015820301562499993 0.016406238888888876
5 0.14849659843750002 0.36140599305555554 0.009228507812499998 0.023437483333333335
5 0.18541063515625 0.3637497423611111 0.006591792187500012 0.02343748194444445
5 0.222983851171875 0.36609349166666666 0.007910150781250014 0.028124980555555564
5 0.263852964453125 0.36843723958333335 0.00791015234375001 0.02343748472222226
5 0.317246482421875 0.36960911319444445 0.00659179296875001 0.021093737500000032
5 0.34954626484375 0.3719528625 0.007910150000000015 0.021093736111111146
5 0.384482763671875 0.3719528625 0.00659179296875001 0.021093736111111146
5 0.29417520937499997 0.36023411944444444 0.007910150000000015 0.021093736111111108
0 0.249351020703125 0.42820282430555556 0.013183583593750025 0.021093737500000032
0 0.20716355078125 0.4317184458333333 0.015820301562499983 0.028124980555555526
0 0.30933633164062496 0.4293746979166667 0.011865227343749974 0.03281247638888887
0 0.318564840625 0.4340621944444444 0.019775376562499992 0.03281247777777775
0 0.4497415078125 0.4328903208333333 0.013183584375000024 0.025781230555555527
0 0.46753934726562496 0.44226531388888884 0.02768552734374996 0.035156224999999985
2 0.35481969804687497 0.4141403326388889 0.013183583593749982 0.03046872916666672
4 0.3396585765625 0.41765595625 0.011865226562499975 0.01874998750000003
0 0.271103935546875 0.42585907500000003 0.014501942968750025 0.016406238888888917
0 0.226938926953125 0.4492965583333333 0.03955075390624998 0.05390621111111113
0 0.335044321484375 0.45281218194444445 0.03691403671875002 0.0515624638888889
0 0.38711948085937503 0.43054657361111115 0.014501942968749982 0.021093736111111146
0 0.41876008437499995 0.43992156527777776 0.02768552812499996 0.04453121944444444
0 0.140586447265625 0.46687467152777773 0.09624016796875001 0.1453124013888889
0 0.520932865625 0.4610153020833333 0.08437494218750005 0.15703114305555552
3 0.710776484765625 0.45164030763888896 0.013183583593750025 0.0679687041666667
4 0.6467099734375 0.3121873902777778 0.013710932812499976 0.0393749861111111
4 0.47004987890625005 0.3637498729166667 0.02109374218750002 0.022499993055555556
0 0.017589100000000003 0.42749985 0.023203117187500004 0.029999988888888947