5 0.10098250625 0.22748800277777775 0.017994657812500002 0.08530800277777778
5 0.56884356953125 0.0383886 0.034789668750000044 0.0767772
5 0.14177039375 0.5545020013888889 0.008397506249999997 0.025592399999999946
5 0.25333726289062497 0.5427721506944445 0.008397507031249996 0.0319905013888889
5 0.37510110390625 0.4979854520833333 0.007197862499999985 0.019194298611111153
5 0.43628293593750006 0.5043835506944444 0.00479857499999996 0.023459698611111118
5 0.37270181640625 0.5577010506944444 0.004798575000000005 0.019194298611111073
5 0.423086854296875 0.5534356520833333 0.0023992882812500227 0.019194298611111153
4 0.297124259765625 0.515047051388889 0.014395725781249969 0.027725099999999968
4 0.301922834375 0.5736963013888888 0.00959715000000001 0.02132699999999998
4 0.04819818203125 0.5609001020833333 0.013196081250000002 0.021327001388888947
4 0.017007444531250002 0.5022508506944444 0.0323903828125 0.019194298611111073
4 0.481269575390625 0.5651655006944444 0.01079679296875007 0.021327001388888867
5 0.4422811535156249 0.5662318513888889 0.0047985757812500475 0.01919429999999996
4 0.635423798046875 0.4659949499999999 0.047985749218750054 0.07890990000000002
0 0.42008774492187495 0.5886252020833334 0.00839750703125004 0.021327001388888867
0 0.006210649609375 0.6376773027777778 0.01079679296875 0.0639810027777778
0 0.117177695703125 0.6248811013888889 0.07677720078124999 0.06398100000000002
0 0.42968489492187506 0.588625201388889 0.00839750703125004 0.017061599999999937
0 0.42788542929687506 0.6003550513888889 0.011996438281250032 0.014928899999999995
2 0.40269291015625 0.5939569520833333 0.02879145000000003 0.05331750138888888
0 0.378100213671875 0.5864925013888889 0.017994657031250007 0.02132699999999998
0 0.37270181640625 0.6056868020833334 0.01199643749999999 0.021327001388888867
0 0.35470716015625003 0.6003550513888889 0.02879145156249998 0.04905210000000003
0 0.39189611640625 0.6195493520833334 0.03119073750000001 0.04905210138888884
0 0.342110901171875 0.6142176020833333 0.034789671093749995 0.059715601388888866
0 0.30012336875 0.6184830013888889 0.017994656250000008 0.03412319999999996
2 0.234742784375 0.6462081013888888 0.11996437500000001 0.14075819999999994
3 0.45547723515625 0.5950233013888889 0.00959715000000001 0.02132699999999998
3 0.4704727820312501 0.599288701388889 0.005998218750000017 0.0383886
3 0.48426868437500004 0.6046204513888889 0.007197862499999985 0.03625589999999998
3 0.6618159609375001 0.6259474527777777 0.02399287499999998 0.07037910277777779
3 0.6306252234375 0.5779617013888889 0.00959714999999992 0.02985779999999999
0 0.5166590671875 0.6238147527777778 0.050385039062499984 0.07890990277777779