5 0.602523201953125 0.37983043680555556 0.01201271171874998 0.018305081944444464
5 0.043331558984375004 0.31042366875 0.00772245546875 0.06559320972222224
5 0.434602672265625 0.20227115208333335 0.011154660156249996 0.056745759722222226
5 0.44661538203125006 0.2062372576388889 0.011154660937499995 0.04881355138888889
5 0.4213028859375 0.20394912361111112 0.010296607812500014 0.056440666666666695
4 0.47064080078125003 0.3538982388888889 0.01287076093749997 0.03661016111111108
4 0.055773294921874994 0.3765253694444445 0.02402541953125 0.05033897222222225
4 0.495524269140625 0.3737287395833333 0.007722455468749967 0.012203387500000041
4 0.471069826171875 0.3996609395833333 0.005148305468750003 0.012203387499999963
4 0.46892469960937505 0.41491517430555563 0.011154660156249996 0.0061016930555555385
4 0.597374897265625 0.4400846625 0.010296608593750011 0.04728812777777781
4 0.6030380367187499 0.29822028194444444 0.027457623437500002 0.013728811111111128
4 0.57901261875 0.32415248055555557 0.008580507812499949 0.010677963888888916
4 0.5794416421874999 0.30966095694444445 0.007722456249999965 0.015254236111111139
4 0.5275295765625 0.36076264444444445 0.01887711562499996 0.056440666666666674
4 0.585877023046875 0.44466093125 0.00858050703125004 0.050338973611111094
4 0.46961115546875 0.45228805138888883 0.006006356249999989 0.0167796583333333
2 0.3486259953125 0.427881275 0.03174787656249998 0.0320338944444444
0 0.298944865234375 0.4355083895833333 0.025741519531250034 0.013728809722222242
0 0.3315507921875 0.44237279583333333 0.01716101406249999 0.015254230555555557
0 0.343563501953125 0.44847449166666664 0.02402541953124997 0.01830508055555558
0 0.299373891796875 0.46677957222222227 0.047192786718750004 0.070169475
0 0.27277432109375 0.45457618680555556 0.0334639765625 0.06101693749999997
0 0.83154204765625 0.6520987458333334 0.3299597874999999 0.5124447833333333
0 0.07336333359375 0.5537287069444444 0.1467266671875 0.41186432500000003
0 0.388804202734375 0.4758231479166667 0.17761649140625 0.0961016791666667
0 0.23735825820312498 0.45980620000000005 0.06006354921874997 0.070169475
0 0.160991745703125 0.4605689104166667 0.06177964921874999 0.059491512499999996
0 0.15584344140625 0.4292977305555556 0.042902532812500005 0.024406775000000006
5 0.014694105468750001 0.36010888611111114 0.0128707609375 0.022881352777777805
4 0.52828616953125 0.44948461041666665 0.015077321874999949 0.032989695833333284