0 0.22199765859374998 0.40606310416666663 0.10643211718749998 0.199842575
3 0.22199765859375004 0.4549607569444444 0.03228839374999999 0.08503939444444444
3 0.318264909765625 0.4475198090277778 0.019133863281249976 0.04889765138888886
0 0.34875950546875 0.4432678388888888 0.02272146406250002 0.04464568055555552
0 0.383439632421875 0.43370090833333336 0.01793799609375002 0.029763788888888913
0 0.410346628125 0.4581497340277778 0.050226392187499955 0.08291340972222222
0 0.44203709062499996 0.44433083125 0.029896664062499932 0.04677166527777775
0 0.484490349609375 0.4517717770833334 0.03826772734375004 0.05314962083333331
0 0.507809746875 0.43795287708333336 0.020329731250000017 0.029763787500000027
5 0.413934228125 0.3061418159722222 0.011958665625000009 0.02551181805555554
5 0.56102580390625 0.31464575624999996 0.014350396875000015 0.03401575694444444
3 0.660282721484375 0.42944893819444446 0.02870079453125003 0.0637795458333334
6 0.6596847875 0.4740946208333333 0.025113195312500024 0.0552756083333333
3 0.67702485234375 0.4453938243055556 0.011958665625000009 0.05314962083333331
0 0.720673978515625 0.4613387097222222 0.07773132109374999 0.08078742222222222
0 0.7912300999999999 0.47196863402777783 0.11599904843750002 0.11905514861111115
4 0.78584870078125 0.35503946875000003 0.011958665625000009 0.03826772638888893
4 0.731436776171875 0.3550394680555556 0.025113196093750022 0.008503938888888897
0 0.360120237109375 0.41775602083333335 0.011958664843749967 0.019133863888888904
0 0.370883034375 0.41988200555555555 0.009566931250000011 0.019133861111111136
0 0.382841700390625 0.43157492291666666 0.014350397656250014 0.029763787500000027
5 0.3804499671875 0.3933071958333333 0.009566931250000011 0.021259850000000018
5 0.398387963671875 0.3943701895833333 0.007175199218750006 0.019133862500000022
3 0.807374297265625 0.40712609791666665 0.014350397656249925 0.036141743055555585
4 0.301522779296875 0.37417333194444446 0.021525596093750023 0.012755908333333269
4 0.288368248046875 0.3475985215277778 0.019133863281250017 0.010629926388888893
3 0.632777792578125 0.4411418548611111 0.014350397656250014 0.057401590277777755
3 0.593912132421875 0.43582689305555555 0.01315453203125001 0.03826772777777781
3 0.533520874609375 0.4400788625 0.009566932031250008 0.03826772777777781
4 0.6531075214843749 0.3082678 0.019133863281250017 0.04677166666666667