3 0.173736170703125 0.6159703673611111 0.003956041406249988 0.01758240972222222
3 0.20538450468749997 0.6353110152777778 0.0059340625000000365 0.031648333333333376
3 0.21379109335937502 0.633552776388889 0.006923072656250006 0.03164833611111114
3 0.22417570351562502 0.6317945368055555 0.0059340617187499944 0.03164833749999995
3 0.22912075703124998 0.6247615701388889 0.005934064062499989 0.03516481527777778
3 0.46467007812500005 0.5854941749999999 0.006923073437500005 0.038681297222222195
3 0.46961513125 0.5916480194444445 0.004945053124999976 0.04395601666666664
3 0.571812884765625 0.5687908902777778 0.008901092968750034 0.04747249722222217
3 0.6089007757812499 0.5608788055555556 0.007912082812500021 0.04923074166666671
3 0.670054569140625 0.5620509743055556 0.01681317890625005 0.07384611527777775
3 0.649285348828125 0.5585344930555556 0.01681317890625005 0.10197796388888886
3 0.699230375390625 0.5453476881944445 0.02175822890625003 0.12835157638888892
3 0.755109465625 0.5444685666666668 0.03659338749999996 0.20043944999999996
3 0.920603918359375 0.5075455118055555 0.054395574218749944 0.2039559291666667
6 0.391153626171875 0.6342853562499999 0.01483515703124998 0.04747250138888891
6 0.453461283203125 0.6149447104166667 0.008901092968750034 0.02989009305555557
6 0.4870876375 0.5956040604166667 0.008901093749999945 0.022857129166666663
1 0.419834928515625 0.5854941756944445 0.04450546953124999 0.04571425972222221
0 0.28021963359375 0.6235894277777777 0.04153843906250003 0.02461537222222216
0 0.343021794921875 0.6104026243055556 0.032637342968750004 0.01934065138888883
0 0.3252196078125 0.6174355854166667 0.04054942812500002 0.02637360972222219
0 0.53307662265625 0.5853183409722221 0.017802187500000066 0.0404395375
0 0.512307403125 0.59164801875 0.03956041562500001 0.05450546250000004
5 0.32390091679687505 0.592527138888889 0.0049450523437500225 0.014065924999999958
5 0.517746960546875 0.47648324583333335 0.008901092968750034 0.02461537222222216
5 0.555329358203125 0.5010986180555557 0.006923074218750003 0.014065924999999958
5 0.5489007898437499 0.5292304729166667 0.007912082812500021 0.010549448611111166
4 0.27296687890625 0.5265931090277778 0.009890104687500002 0.01582416527777776
4 0.288296540234375 0.5239557493055556 0.01483515703124998 0.024615370833333355
4 0.5197249816406251 0.5046150993055556 0.008901094531249942 0.014065923611111072
4 0.551867820703125 0.5169227861111111 0.013846144531250016 0.02109888888888894
4 0.6369227183593751 0.37802176388888886 0.04747250078124994 0.08615379722222222
3 0.594889775390625 0.5564832048611111 0.004945052343749978 0.022857126388888895
3 0.5889557125 0.5582414458333333 0.00494505156249998 0.026373608333333305