5 0.30495860703125 0.3088528513888889 0.010071289062500011 0.02685677222222225
5 0.394089511328125 0.31243375277777774 0.00906416015625 0.026856769444444435
5 0.45401367851562496 0.3715186465277778 0.008057030468749993 0.019694965277777813
5 0.41272139453124995 0.3759947743055556 0.006042771874999975 0.014323612500000058
5 0.5038665558593751 0.3813661277777778 0.007049902343749981 0.014323611111111094
5 0.40113941289062505 0.31511942847222224 0.005035642968749965 0.02506631805555557
5 0.315533459765625 0.3115385263888889 0.009064158593750005 0.03222812222222223
4 0.26366632265625 0.31064330069444446 0.020142574999999985 0.0161140625
4 0.44545308320312504 0.31780510694444447 0.031220994531249956 0.012533158333333343
4 0.49732021953125 0.36972819375 0.01611406249999998 0.012533159722222189
4 0.399125155859375 0.3840518055555555 0.015106932031249975 0.01253315833333338
5 0.544655276171875 0.3930040625000001 0.00805703203124999 0.01969496388888885
5 0.37797545 0.42612741111111113 0.007049901562499983 0.014323611111111094
0 0.37998970781249997 0.4485080527777778 0.017121190624999994 0.01969496388888893
0 0.36085425937500004 0.44761282708333333 0.01913544843749997 0.02506631805555557
0 0.35330079296875 0.4556698583333333 0.012085546874999986 0.03401857500000002
0 0.3321510859375 0.45387940763888884 0.03424238124999999 0.044761284722222267
0 0.315533459765625 0.46909824236111114 0.03524951015625 0.042970831944444475
2 0.131329596875 0.44403192430555555 0.26265919375 0.3366048458333334
0 0.4676099171875 0.4162799291666666 0.06143486093749999 0.03759947777777776
0 0.4595528878906251 0.49864068958333335 0.11783407890625001 0.18441648472222216
0 0.62371489140625 0.4225465090277778 0.06143486093749999 0.06445624861111104