4 0.6663906042968749 0.33061239305555556 0.016358424218749956 0.06734697222222227
4 0.244146428125 0.44190982083333336 0.03616072968750004 0.018367355555555617
4 0.253186610546875 0.45338941875 0.007748727343749984 0.01989797083333337
4 0.342727467578125 0.4327261430555555 0.011192607031249979 0.018367355555555537
5 0.42624153476562504 0.42966491805555557 0.00602678671875001 0.018367355555555537
5 0.422797655859375 0.43043022430555555 0.006026788281250006 0.019897968055555597
5 0.279015705078125 0.43578736944444446 0.0077487289062499794 0.024489808333333307
1 0.208416184375 0.5436955791666667 0.08695794843749997 0.1025510638888889
0 0.148148298828125 0.5643588555555556 0.03702170078125 0.042857161111111076
0 0.12404114570312501 0.5735425319444444 0.01291454765625002 0.027551033333333346
0 0.328090981640625 0.5375731284722223 0.014636486718749975 0.035204098611111095
0 0.344449408203125 0.5260935319444444 0.012914546093750002 0.018367355555555537
0 0.40773068593749995 0.507726176388889 0.006887757812499995 0.018367355555555537
0 0.38233207812500003 0.5169098520833333 0.007748728124999982 0.018367351388888883
0 0.37544431953124996 0.5192057708333333 0.00947066875 0.013775513888888863
0 0.36855656171874995 0.5207363868055555 0.00947066875 0.01989797083333329
0 0.359946862109375 0.5222669993055555 0.016358422656250003 0.01989797083333337
0 0.015558952734375001 0.606669376388889 0.030133939843749995 0.09336738888888894
0 0.8292369105468751 0.6634114041666667 0.33922209140625004 0.38265323333333334
0 0.9918371796875001 0.8202215500000001 0.013775517187499985 0.16683680833333342
0 0.563778672265625 0.533370776388889 0.08954085859375001 0.1224490333333333
0 0.438077084375 0.5058197444444444 0.055102067187500034 0.10408168055555554
0 0.284393979296875 0.5310748576388888 0.07318243203124997 0.11479597083333333
0 0.3933863046875 0.5161768229166667 0.01786765937500001 0.021176484722222236