0 0.26348604765625 0.2782747048611111 0.018171451562499996 0.023803534722222252
0 0.243880007421875 0.2748742 0.011476705468749992 0.017002525000000032
0 0.23049051796875003 0.27742457847222224 0.022953412500000027 0.04930732916666665
1 0.14776259296875 0.24001901805555556 0.025822589062500012 0.025503791666666664
0 0.13532949453125 0.2825253375 0.04686321718749999 0.06290935277777779
5 0.25966047890625 0.19496231805555553 0.006694745312500005 0.017002527777777762
5 0.26539883242187495 0.1932620659722222 0.006694746093750004 0.013602023611111097
5 0.16306486796875 0.1703086534722222 0.006694745312500005 0.018702779166666676
5 0.169759613671875 0.17115877916666666 0.006694746093750004 0.023803536111111117
5 0.157326515625 0.1686084 0.006694745312500005 0.022103286111111113
0 0.108550513671875 0.2111147208333333 0.008607528906250005 0.015302275000000008
0 0.11667984648437499 0.2391688909722222 0.011476705468749992 0.02040303194444447
0 0.18888745742187502 0.29442710694444446 0.07938055234375 0.11391693333333335
3 0.29313420468749996 0.29102660138888886 0.016258667187499975 0.05270783611111109
3 0.327564325 0.2995278666666667 0.01625866718750002 0.06290935277777779
3 0.34334479609375 0.2993596111111111 0.015302274999999987 0.07344737777777778
3 0.355299698046875 0.29442710625 0.010520313281250004 0.042506320833333354
0 0.053079766015624995 0.29612736041666665 0.10615953203124999 0.12071794861111111
0 0.10089937539062502 0.2646726826388889 0.021997021093750013 0.04080606805555556
5 0.018649646875000002 0.18816130763888886 0.014345881249999998 0.023803537499999985
0 0.3108274609375 0.2629724305555555 0.07459859062499996 0.11561718888888887
3 0.40694487617187497 0.30037799097222223 0.008607528906250028 0.04760707638888889
3 0.47484872187500005 0.33353292013888886 0.02199702031250004 0.10371541805555554
3 0.488238212109375 0.30802912986111114 0.010520313281250004 0.06630985972222223
3 0.45619907421875006 0.3020782458333333 0.017215059374999963 0.07141061666666669
5 0.03747318984375 0.18782479930555557 0.011476706250000001 0.027204048611111097
3 0.44059249765624997 0.35019893888888887 0.01625866718749993 0.13091946388888892
4 0.40072832734374997 0.14707186666666666 0.013389489062500015 0.040806066666666675
4 0.43850581875000005 0.19467894305555555 0.029648157812499944 0.034005055555555566
4 0.5021058984375 0.17895160416666667 0.013389489062500015 0.021253158333333348
4 0.580051861328125 0.14282123472222222 0.043037647656250046 0.02890429722222222
5 0.60204888203125 0.20615565069444447 0.023909804687500015 0.04165619305555559
4 0.5790954707031251 0.11136655833333332 0.021997021093749947 0.030604552777777766
0 0.5903211195312499 0.3196475222222222 0.03156094218750001 0.04760707777777778
0 0.260138675 0.49732393750000004 0.007651137499999993 0.005100758333333349