5 0.117766251171875 0.1035582 0.02666935546875 0.09232899444444445
5 0.052496512890625 0.2963261743055556 0.04210951015625 0.06612752916666666
5 0.6336779285156251 0.4653880548611111 0.010527377343750022 0.024953781944444448
4 0.091447807421875 0.15346576597222222 0.01894927890625 0.11977815972222222
4 0.0886405078125 0.2264555826388889 0.027371179687500004 0.06862290416666667
5 0.19531793046874998 0.43544351458333336 0.013334678124999976 0.04491680972222222
4 0.382775438671875 0.48472723541666674 0.01122920234375 0.03618298194444449
4 0.48376806640625 0.4922133722222223 0.013334676562500026 0.008733822222222187
4 0.624611853515625 0.4154804979166667 0.018949278906250023 0.01497227083333333
4 0.6411047453125001 0.4279573902777778 0.02386205625000004 0.012476891666666667
4 0.484189171484375 0.5134240868055555 0.006316425781250068 0.011229201388888851
5 0.4943261578125 0.49450081388888883 0.008421903125000085 0.012476891666666667
0 0.438114349609375 0.5034425736111111 0.00842190234375 0.009981511111111117
0 0.43841408671875 0.509057175 0.009825551562500045 0.014972269444444445
0 0.45045895859375007 0.5204646347222223 0.010527376562499935 0.017467649999999994
0 0.45466990976562494 0.5267030777777778 0.009123725781250069 0.027449161111111113
0 0.4708118875 0.5316938340277777 0.02596752968749998 0.0474121875
0 0.5167814355468751 0.5404276590277778 0.019651103906250002 0.03493529583333333
0 0.537836190234375 0.5416753479166667 0.028073007031249996 0.0349352986111111
0 0.5427489660156251 0.557895307638889 0.012632852343750046 0.0474121875
0 0.573980185546875 0.5572714652777778 0.05544418828124993 0.06113677222222217
0 0.431008369140625 0.5106613555555556 0.00912372578124998 0.014972269444444445
0 0.48925985742187506 0.5455966513888889 0.03860038359375002 0.04990756666666667
0 0.422887250390625 0.5092354305555555 0.007720075781250025 0.012476891666666667
0 0.42253633828125 0.5179692541666666 0.0084219015625 0.014972269444444445
0 0.42288725078125006 0.5260792340277778 0.00912372656249998 0.01621995972222226
0 0.41797447421875 0.5379322819444444 0.02175657968750002 0.037430675
0 0.396919719921875 0.5360607472222223 0.02596753046875002 0.05115525555555559
0 0.053877610546874996 0.5909590694444445 0.02526570546875 0.02869684999999996
0 0.157396819140625 0.5497853277777778 0.14948875546875 0.11104433611111107
0 0.30658793046875 0.5298519986111111 0.16212160937500003 0.22458404444444444
0 0.9397438746093751 0.5589257534722222 0.11931027421875004 0.0885859319444444