5 0.492588158203125 0.4094528361111111 0.04086911171874998 0.06796870277777774
4 0.5215920449218749 0.3731247375 0.03559567890624997 0.04218746944444448
4 0.547300034765625 0.2922654159722222 0.06064448984375002 0.049218718055555555
4 0.5314797328124999 0.25476544375000004 0.052734337500000006 0.06796870416666666
4 0.5624611574218751 0.2032029777777778 0.03559567890625006 0.03515622500000003
4 0.51961450703125 0.1821092423611111 0.026367168749999958 0.04921871805555554
0 0.01731993046875 0.6168745694444444 0.013183584375000001 0.023437483333333297
0 0.027207617968750004 0.6567182916666667 0.0250488109375 0.1031249277777778
0 0.010068958984375 0.6250776874999999 0.01450194296875 0.021093733333333295
0 0.0033865312500000002 0.6309370590277777 0.0067730625000000004 0.01874998750000003
0 0.097080617578125 0.6379683048611112 0.14897450703124998 0.21562485138888887
0 0.8993017468750001 0.652030795138889 0.20039048750000008 0.18749987083333333