4 0.8469612718749999 0.4684472694444445 0.02895074374999993 0.061308694444444395
5 0.4602131625 0.5235204326388889 0.006554407812499985 0.021639954166666718
5 0.5126484367187499 0.5243527388888888 0.004681720312499938 0.01664611944444445
0 0.492985208984375 0.5867756847222222 0.014045163281249985 0.018310730555555526
0 0.4808127347656249 0.5917695201388888 0.023408603906249947 0.021639954166666638
0 0.5004759625 0.6200679215277778 0.01591785156250003 0.041615295833333316
0 0.455999613671875 0.612577167361111 0.014981505468749923 0.036621462500000014
0 0.44242262343750005 0.6175710041666667 0.02528129218749999 0.049938358333333356
0 0.4162049875 0.6217325333333333 0.047753553125 0.06491986388888889
0 0.40215982421875 0.6267263694444444 0.030899357812499993 0.06159063888888888
0 0.383901112890625 0.6392109583333334 0.04868989765625002 0.09654748888888894
0 0.356278959375 0.6417078763888889 0.06273505937499997 0.11152899722222223
0 0.295884759765625 0.6633478298611111 0.14794238046875 0.164796573611111
0 0.565551882421875 0.6192356145833333 0.01685419609374996 0.04993835694444447
2 0.623137049609375 0.6167386972222223 0.11142495703125004 0.13483356111111114
0 0.47285380898437496 0.6233971458333334 0.03370838984375002 0.05493219166666666
0 0.536525213671875 0.6267263687500001 0.06179871484374999 0.0948828763888889
0 0.685872108984375 0.6392109583333334 0.12453377421875 0.15314429166666668
0 0.135769905859375 0.6999692916666667 0.27153981171875 0.2613440638888888
4 0.5580774917968749 0.5337614513888889 0.010722886718749968 0.02079589999999993