4 0.43244406914062505 0.03375 0.03197368359375004 0.0675
3 0.9724995816406249 0.24513157986111114 0.024979441406250125 0.15631579305555557
3 0.9445226074218749 0.23003289583333336 0.030974507031250022 0.1083552638888889
0 0.9884864242187501 0.29220395 0.022981085937500013 0.09414473888888888
4 0.49689102734374996 0.137664475 0.018984375000000053 0.04085526111111112
0 0.6422713734375 0.2131578958333333 0.021981909374999997 0.049736841666666684
0 0.680240123046875 0.24335526458333334 0.07593750078125003 0.13855263194444445
4 0.693729020703125 0.15986842222222222 0.012989308593749981 0.021315788888888892
0 0.71021545078125 0.2753289513888889 0.07593750000000003 0.14565789444444444
0 0.8231225253906249 0.29042763402777777 0.26178454140624996 0.33572368750000003
4 0.3679971125 0.23358552638888888 0.030974506249999978 0.06572368611111111
4 0.3679971109375 0.28754100833333335 0.03497121562500003 0.04929253888888891
0 0.552345383984375 0.33838815763888885 0.21782072421875007 0.3428289486111111
4 0.404966684375 0.12611842013888888 0.01898437656249996 0.03197368194444444
4 0.48140377343749996 0.14476973680555555 0.015986842187500017 0.03374999861111111
4 0.260585515625 0.10036184166666666 0.015986842187500017 0.062171052777777784
1 0.35400862578125003 0.20960526458333334 0.16286595468750004 0.18828947638888888
0 0.269578113671875 0.23980263333333332 0.019983553906250017 0.046184211111111116
0 0.237104841796875 0.2380263152777778 0.05295641640625002 0.046184211111111116
0 0.17465623945312497 0.23802631666666668 0.07593750078125001 0.07815789722222222
0 0.065246287109375 0.23713815833333335 0.11290707265625002 0.10124999999999997
0 0.0048959648437500005 0.25312499930555554 0.009791929687500001 0.07993420972222225
0 0.129259276953125 0.23042754305555554 0.020851488281250007 0.04164455833333333