0 0.17170874609375 0.45258466875000003 0.056930173437499995 0.07509069305555562
0 0.105596287890625 0.4738059513888889 0.09733222890625 0.11426844444444445
0 0.31518196249999997 0.41830413333333333 0.007345828124999976 0.02285368888888889
0 0.36522541875000003 0.4223851486111111 0.011936970312499984 0.02448609722222225
0 0.35512490546875003 0.4166717263888889 0.010100514062499987 0.009794436111111082
0 0.3523702203125 0.4264661659722222 0.013773429687500015 0.016324065277777796
0 0.377621505859375 0.4240175541666667 0.011018742968750005 0.027750908333333355
0 0.339515019140625 0.42401755694444443 0.013773427343750023 0.0212212833333333
0 0.44396352226562497 0.43136338472222224 0.02938331640624998 0.048972191666666734
0 0.4476364359374999 0.4354444013888889 0.022037487500000008 0.04407497222222219
0 0.459573407421875 0.4387092138888889 0.025710400781249997 0.04733978333333337
0 0.471051263671875 0.4411578243055555 0.03397445546875 0.05223700416666672
0 0.482988235546875 0.4452388395833333 0.02846508515624997 0.06039903472222221
0 0.504566608984375 0.4460550423611111 0.031219772656250023 0.07509069305555553
0 0.537163722265625 0.4509522604166667 0.052339028906250015 0.09467956805555554
0 0.5555282945312501 0.4631953083333334 0.06152131718749994 0.10610641666666673
0 0.604194408203125 0.47380595000000003 0.09457754296875001 0.14365176111111108
0 0.6629610390625 0.4991082486111111 0.12212439999999995 0.19425635833333332
0 0.850853562890625 0.5558343708333333 0.29544004609374996 0.342805338888889
0 0.031219771875000003 0.47421405208333334 0.06243954375000001 0.15997582638888888
1 0.25434931796875 0.4252418611111111 0.1212061734375 0.18119710833333333
0 0.32734849140625 0.4320435618055555 0.02662862968749997 0.03591293750000004
3 0.73761624921875 0.5213312937500001 0.07523233437500006 0.33028044305555554
0 0.38764550625 0.4257860111111111 0.022955714062499986 0.027750905555555583
3 0.842987153125 0.37802176597222226 0.029670312499999872 0.03516481527777778