0 0.14573871054687498 0.5315457263888889 0.015340916406249993 0.019090916666666638
0 0.17948872773437502 0.5419978888888889 0.01840910078125 0.020004794444444467
0 0.3037501546875 0.5492730125 0.0184091 0.032727288888888886
0 0.16020436367187502 0.5328547111111112 0.014023258593749999 0.02170888611111113
0 0.2446142046875 0.5434620951388889 0.014825103125000006 0.017076376388888863
0 0.29147742109374997 0.5560911951388888 0.030681834374999984 0.04090911249999994
0 0.34051495898437495 0.5495659847222222 0.030575041406250003 0.0263557388888889
2 0.21213966015625002 0.5297991805555556 0.025415481249999993 0.054175686111111156
0 0.22321772812500001 0.5444412576388888 0.023026149999999967 0.027819945833333293
0 0.270146326953125 0.5612796465277778 0.03953360859374997 0.07028197083333336
0 0.339150580078125 0.5697275631944444 0.043187200781249976 0.05181820416666672
0 0.192314534765625 0.5539586076388889 0.02553212265624998 0.03221257083333337
4 0.24008534960937497 0.4906366173611111 0.035284108593749995 0.024545468055555613
4 0.20631602109375002 0.46488595624999995 0.02388488906249999 0.0161062847222222
0 0.36445045625 0.5583512305555556 0.01564872031250002 0.020498908333333312
0 0.19478538515625 0.5400486354166667 0.020590421874999976 0.021963118055555557