0 0.40822007578125 0.3853906388888889 0.0392120796875 0.02380353888888891
0 0.3964245625 0.4142949361111111 0.0430376484375 0.06120910000000003
0 0.7169753632812499 0.41571180416666664 0.017215059374999963 0.02210328611111107
0 0.73466861875 0.4471664805555556 0.03156094218750001 0.09181365000000004
0 0.869519917578125 0.47125340416666667 0.25918228359374995 0.3032117638888889
0 0.11333247421874999 0.48457204236111107 0.22666494843749999 0.5134763402777777
0 0.9526923125 0.5636337972222223 0.09461537500000006 0.3077457555555556
0 0.5563469996093751 0.5676415423611112 0.47628330859374995 0.49647381250000006
2 0.29497867499999997 0.4436445263888889 0.20466792812500004 0.24653665277777778
1 0.6140038007812499 0.2812703861111111 0.12433098437500005 0.14282123333333333
4 0.42559452421875 0.3225379597222222 0.00956392187499997 0.015302275000000008
4 0.715859553125 0.3420908666666667 0.012433098437500067 0.020403033333333355
7 0.20432123359375 0.47896120277777776 0.0985083953125 0.24653665277777778