4 0.518392684375 0.3748617368055556 0.011208490624999979 0.017435429166666693
4 0.49387411171875 0.3835794513888888 0.00980742968749997 0.019926205555555597
4 0.4672539472656251 0.37859790069444443 0.035026533593749944 0.029889306944444468
4 0.3873934515625 0.3910517798611111 0.009807428125000017 0.019926206944444403
4 0.28629082109375 0.40973259652777777 0.012157118749999984 0.027398531944444453
0 0.496676234375 0.42094108750000003 0.012609551562499988 0.02490775555555555
0 0.48686880468750005 0.4234318631944445 0.015411673437499917 0.024907756944444435
0 0.47425925351562503 0.42965880277777774 0.021015919531249948 0.037361636111111096
0 0.4707566007812501 0.4309041895833333 0.01681273593750001 0.029889306944444468
0 0.45464439609375 0.40724182152777777 0.029422287499999998 0.022416981944444418
0 0.45604545625000004 0.4383765166666666 0.02662016562499998 0.04483396111111115
0 0.42312051484374996 0.4271680270833334 0.014010612499999997 0.022416981944444497
0 0.437831659765625 0.432149575 0.01821379765625002 0.027398530555555568
0 0.411912025 0.4346403527777778 0.011208490625000067 0.0174354305555555
0 0.400703534375 0.43464035347222224 0.019614857812499987 0.02739853472222222
0 0.3880939828125 0.43214957708333335 0.01681273593749997 0.022416981944444418
0 0.3509658578125 0.4495850076388889 0.040630778125000024 0.05230629027777777
0 0.334153122265625 0.4396219041666667 0.018213797656249975 0.02739853333333326
0 0.306832426171875 0.4632842729166667 0.05324032890625001 0.049815512499999985
0 0.24566004335937502 0.4794743145833334 0.08311505078125 0.08219559583333327
0 0.009807429296875 0.5330259909722221 0.01961485859375 0.16937274305555555
0 0.22136768671875 0.4520757819444444 0.022416981250000002 0.027398530555555488
0 0.20665654296875 0.4583027215277778 0.015411673437500006 0.029889306944444468
0 0.19334646093750002 0.45581194652777773 0.022416981249999978 0.039852412499999997
0 0.18003637773437503 0.4583027215277778 0.018213797656249996 0.039852409722222225
0 0.156218336328125 0.45456655902777776 0.032224410156249994 0.02739853472222222
0 0.0308233484375 0.47573815208333325 0.044833962500000005 0.039852412499999997
0 0.070053065625 0.48445586597222223 0.05324032968750001 0.07223249305555551
0 0.114887026953125 0.5118543979166666 0.14851249921875 0.13201110972222224
0 0.5765367292968749 0.4196957 0.012609550781249989 0.022416980555555535
0 0.589146280859375 0.422186475 0.01821379765624993 0.022416980555555535
0 0.612964323046875 0.4259226381944444 0.015411674218750004 0.02988930694444439
0 0.6276754664062499 0.42965880138888884 0.025219103125000066 0.03238008333333337
0 0.638883957421875 0.4309041895833333 0.019614858593750027 0.044833959722222184
0 0.65919934609375 0.4309041895833333 0.03502653281249994 0.044833959722222184
0 0.694926409375 0.42218647430555556 0.039229715625000064 0.03736163472222221
0 0.708937023046875 0.41471414652777777 0.01961485859374994 0.027398529166666682
0 0.736257718359375 0.4147141493055555 0.03782865546875005 0.032380084722222174
0 0.753770984375 0.43588574166666666 0.04763608437499993 0.04981551388888887
0 0.7837536882812499 0.43588574166666666 0.03082334843750001 0.05479706388888891
0 0.827887118359375 0.4284134131944444 0.021015919531249948 0.06974171805555558
0 0.87832532578125 0.43588574166666666 0.043432899999999997 0.07970482222222222
0 0.904244960546875 0.4358857402777778 0.036427594531249954 0.10461257777777777
0 0.92876353359375 0.4321495763888889 0.05464139062499988 0.11208490277777783
0 0.965191127734375 0.4358857395833334 0.06865200390625006 0.12952033194444443