0 0.015707684375 0.7039402048611111 0.0313854625 0.1701109097222222
0 0.022597173828125 0.6590309249999999 0.043633447656250005 0.1320060666666667
0 0.15770776250000001 0.6617527034722223 0.02296497500000001 0.05851815416666663
0 0.26755688242187503 0.637937173611111 0.02526146953124999 0.038104847222222245
0 0.29052185546875 0.6420198333333333 0.03291646093749998 0.054435488888888904
0 0.099912583203125 0.6651549173611111 0.10793536953125 0.12520162638888882
0 0.198279215234375 0.6372567291666666 0.024495971093749968 0.0313004111111111
0 0.33300705546875 0.6767224597222222 0.09645288593750001 0.12384074166666671
4 0.435583933984375 0.5732950277777777 0.016840980468749933 0.04218750555555554
4 0.376640504296875 0.5419946215277777 0.01377898671875002 0.03402218194444444
4 0.366689014453125 0.5447163951388889 0.009185988281249991 0.02857863472222222
4 0.38429549453125 0.5630883715277778 0.01377898281250003 0.051713715277777794
4 0.5607430359375 0.52226175625 0.011482487500000004 0.03810484861111113
4 0.36630626640625 0.22899054583333336 0.088032396875 0.0476310527777778
5 0.720732344140625 0.46578493333333326 0.020668475781249994 0.04763105833333338
5 0.46926589375 0.21606211875 0.048991942187499936 0.03810484583333332
5 0.25339514921875 0.21129901527777778 0.0765499078125 0.039465733333333315
0 0.8003442511718749 0.5869039013888889 0.026792466406249993 0.05307460277777775
0 0.8221609749999998 0.5882647888888889 0.02602697031249992 0.04763105833333338
0 0.8754806210937499 0.5862234590277778 0.09745330312499992 0.07076613749999999
0 0.59289399609375 0.6032345458333334 0.026792470312500073 0.05851815277777774
3 0.5201715832031251 0.6358958416666667 0.01913747890625004 0.08029235000000001
5 0.2028722109375 0.5569643784722221 0.00765499218750001 0.017691531944444467
3 0.6326999507812501 0.6488242708333333 0.03138546250000003 0.17691534166666661
4 0.312462813671875 0.5878607756944444 0.015309978906249988 0.014969765277777785
4 0.212182434375 0.576973676388889 0.02908896562500003 0.006804438888888913
0 0.9384455488281251 0.5817855090277777 0.02847655234375015 0.044999984722222226