2 0.055076643359375 0.6568038638888889 0.11015328671875 0.3154044944444444
0 0.142809349609375 0.6394739472222223 0.11600213359375 0.2599487583333333
0 0.270996581640625 0.6308089881944444 0.13452348359375002 0.11437745416666666
0 0.37871284765625 0.6178115506944445 0.071160971875 0.08145061250000005
0 0.429402855859375 0.6377409555555555 0.026319811718749975 0.03812581944444441
0 0.44597458945312507 0.6316754840277778 0.014622117968750015 0.02252889305555554
0 0.461571515234375 0.6360079625 0.016571733593749992 0.02079590000000001
0 0.474244016796875 0.6351414666666667 0.014622117968750015 0.022528891666666655
0 0.48301728789062504 0.6273430055555556 0.010722886718749968 0.01386393611111111
0 0.8022668570312501 0.6923301944444444 0.2787950437499999 0.2755456833333333
0 0.6307006769531249 0.6585368562499999 0.08578309140625003 0.11784343749999995
0 0.58683432265625 0.6455394173611111 0.031193850000000013 0.04332479305555555
0 0.55369085625 0.6403404423611111 0.04289154531250006 0.04332479305555555
0 0.52639623671875 0.6429399312499999 0.019496156249999962 0.027727868055555563
0 0.5156733503906249 0.6412069388888889 0.015596925781250003 0.024261883333333383
0 0.511286715234375 0.6420734347222222 0.00877327109374999 0.02599487500000003
0 0.505437868359375 0.6308089881944444 0.00877327109374999 0.020795901388888892
0 0.48984094257812505 0.6204110375 0.00877327109374999 0.013863933333333339
4 0.7081979 0.4999681131944445 0.03606789062500004 0.05025675972222222
4 0.708197899609375 0.5519578645833334 0.026319811718749975 0.04332479305555555