4 0.23749169375 0.3120799819444444 0.030797365625000017 0.03285052222222223
4 0.6303780953125 0.35979146041666665 0.028157593749999953 0.06257242916666665
4 0.785684815625 0.34023757569444446 0.014958720312499984 0.05162225416666667
4 0.786564739453125 0.2933082527777778 0.014958721093749983 0.03910776666666666
4 0.5850619691406249 0.3840382743055555 0.01671857109374999 0.04849363194444444
4 0.48343065898437504 0.4200174194444445 0.008799246093750046 0.017207419444444445
4 0.6870452707031249 0.33945542013888885 0.021118194531250013 0.012514487500000015
5 0.373440069921875 0.14782736041666666 0.01935834609375 0.06726535972222222
5 0.614539462109375 0.028939747222222225 0.01935834609375 0.05787949444444445
5 0.632137958984375 0.027375436805555556 0.01935834609375 0.05475087361111111
5 0.393678334375 0.14704520416666667 0.014078798437499974 0.06570104722222223
5 0.5499529769531251 0.3112978270833333 0.008799247656249953 0.031286212499999994
5 0.54247361640625 0.3112978270833333 0.00615947343750003 0.02815759305555553
5 0.536754105859375 0.31442644861111113 0.007039399218750031 0.02502897499999999
5 0.66390323359375 0.40828508888888887 0.02023826875000001 0.02502897222222218
5 0.79721183515625 0.3887312055555555 0.014078798437499974 0.035979144444444465
5 0.28597554765625 0.40124569236111113 0.017598495312499997 0.023464659722222257
5 0.23493991132812503 0.3715237875 0.024637894531249982 0.03597914444444442
5 0.40476538945312496 0.35040559583333336 0.007039396093750039 0.02502897499999999
5 0.3990458796875 0.34962343819444447 0.007919323437499992 0.02346465972222222
5 0.573490963671875 0.4137601770833333 0.01055909765624996 0.018771729166666674
0 0.465392215625 0.43878914791666673 0.021998120312500015 0.05475087638888891
0 0.43987439765624997 0.4035921583333334 0.03079736718749997 0.02502897222222226
0 0.479031048046875 0.44661070208333337 0.008799247656249953 0.02972190416666665
0 0.48923816875000004 0.45208579027777773 0.015838646874999984 0.02502897222222226
0 0.495397641796875 0.4544322541666667 0.02287804453125002 0.026593280555555605
0 0.5011171523437501 0.45990734305555553 0.025517818749999942 0.03441483611111112
0 0.4034455035156251 0.4995365631944444 0.13638833828125002 0.20336039027777772
0 0.912261997265625 0.46264488541666665 0.10999059609374999 0.08134415416666667
0 0.83350873125 0.4775058381944444 0.03871668906250001 0.0453650097222222
0 0.7727939218750001 0.47124859722222223 0.09855157343750003 0.06100812222222218
0 0.700640091796875 0.4751593715277778 0.04751593515624997 0.043800701388888856
0 0.8977589539062499 0.6281824972222222 0.2015027703125 0.3942062944444444
3 0.184256245703125 0.4700753625 0.01935834609375 0.10793743611111108
3 0.0535874171875 0.47242182777777786 0.0395966140625 0.11888761111111114
3 0.5464332789062499 0.4587341111111111 0.01055909843749996 0.03597915
3 0.589109628515625 0.4587341104166667 0.013198871093749976 0.05162225416666667
3 0.750135859375 0.4775058381944444 0.02023826875000001 0.07352260416666662
3 0.7338572523437501 0.4696842854166667 0.01583864531249999 0.04849362916666659