4 0.46885770625 0.49734340069444444 0.02504880937499996 0.046874968055555556
4 0.4662209882812499 0.45164030763888896 0.02768552812499996 0.049218718055555555
4 0.573667204296875 0.5067183965277777 0.026367169531249957 0.02812498194444449
4 0.747690521875 0.48210903611111117 0.06328120625000003 0.03984372222222221
4 0.749008880078125 0.5219527597222222 0.058007771093750014 0.04453121666666667
4 0.21243698437500003 0.5008590243055555 0.015820301562499983 0.021093737500000032
4 0.546640855859375 0.5078902694444445 0.019775375781250038 0.03515622777777783
0 0.45633330117187504 0.5348433736111111 0.021093736718750034 0.023437480555555525
0 0.423374338671875 0.5336715020833334 0.029003886718749962 0.021093737499999952
0 0.39305209375 0.5383589965277779 0.0263671703125 0.016406234722222184
0 0.580918175390625 0.5418746194444444 0.011865225781249933 0.023437480555555525
0 0.622446467578125 0.5453902430555555 0.015820302343750026 0.011718741666666688
0 0.632993336328125 0.546562117361111 0.010546867968749929 0.02343748472222226
0 0.64683609921875 0.5442183694444445 0.019775376562500037 0.028124980555555526
0 0.665952296484375 0.5430464944444444 0.023730450781250044 0.03984372222222221
0 0.683750135546875 0.5512496152777777 0.030322244531249966 0.042187472222222216
0 0.570371308984375 0.5453902430555555 0.01713866015625003 0.025781233333333375
0 0.713413201171875 0.5664839791666667 0.05009762265624999 0.05859370833333336
2 0.9052343593749999 0.5102340159722222 0.18852526093749997 0.26484356805555553