5 0.10308909296874999 0.3803825673611111 0.009182287499999997 0.032648126388888934
5 0.26882935273437497 0.27182754305555556 0.008264057031249994 0.034280533333333335
4 0.506862180078125 0.2925272236111111 0.018364571093750025 0.02285368888888889
4 0.578024894921875 0.32844016319444447 0.015609886718750054 0.009794440277777778
4 0.7557677253906251 0.15694420625 0.05968485859374999 0.1273276986111111
4 0.754383083203125 0.048079462499999996 0.05694477109374994 0.09615892499999999
4 0.275534176171875 0.3843150972222222 0.010100514843749986 0.019588877777777784
5 0.28012530625 0.26923044930555556 0.010100514062499987 0.03428053194444445
5 0.29022581992187496 0.26841424583333334 0.006427599218750002 0.03917775277777776
5 0.40546350820312504 0.2757600729166667 0.007345828906249974 0.03428053194444441
5 0.58130428203125 0.3745206597222222 0.013773428124999931 0.02285368888888889
5 0.602423538671875 0.12371308055555556 0.01744634140625001 0.070193475
5 0.5633988249999999 0.28124029722222227 0.01101874375000005 0.058766627777777775
5 0.6525325957031249 0.30269477916666665 0.015609886718749966 0.04570737777777778
5 0.630035996484375 0.2994299673611111 0.020201028906249974 0.05223700138888887
5 0.49102273632812504 0.3787182784722222 0.004591142968750006 0.014691656944444433
5 0.20017383203125 0.3272974784722222 0.011018743749999982 0.0457073791666667
5 0.098709573046875 0.41577390069444436 0.011936971093749993 0.017956470833333307
4 0.112942115234375 0.4165901013888889 0.012855200781249998 0.006529625000000057
3 0.0369587 0.48890570972222225 0.017905457812500004 0.060399036111111096
3 0.5988380945312499 0.4208887798611111 0.010100514062499944 0.02775090694444439
3 0.6084794953125 0.43884525277777775 0.0128552 0.044074972222222265
3 0.68392726796875 0.46197100347222225 0.03213800156250004 0.16650545138888886
3 0.7316751542968751 0.4407497222222222 0.017446342968750007 0.0750906944444445
3 0.779576069140625 0.4962515361111111 0.03856560078125 0.19915357777777778
3 0.6447495230468749 0.5003325548611112 0.03581091484375003 0.2269044847222222
3 0.598378980859375 0.48319228680555554 0.027546858593749945 0.1403869486111111
3 0.529052723046875 0.5403265097222222 0.04132028828125005 0.19588876388888893
6 0.72457421015625 0.4520133402777778 0.04132028750000005 0.057134222222222225
0 0.8282421843749999 0.4415659243055555 0.06335777187499998 0.06039903472222221
0 0.207355695703125 0.5592157875 0.26504013203125 0.30829160000000005
0 0.38886980585937503 0.44156592430555563 0.01560988671875001 0.024486095833333287
2 0.4003476624999999 0.4146312194444445 0.036729142187499966 0.042442566666666674
1 0.4320265507812501 0.4195284375 0.024792171875000067 0.02285368888888889
0 0.512371550390625 0.4203446416666667 0.027546858593749945 0.0179564694444445
0 0.32734849101562496 0.44809554999999995 0.04499320078125 0.07345828611111113
0 0.36270029140625 0.4570737847222222 0.053257257812500035 0.08162031944444448
0 0.389328920703125 0.4880895062500001 0.031219771093750025 0.08814994305555557
0 0.4803647355468749 0.5095439930555555 0.19650091640624998 0.2742442694444444