5 0.53845735546875 0.06854646874999999 0.03427504687499994 0.1302140763888889
5 0.98128131640625 0.39343634583333337 0.02027078281249999 0.060985602777777835
5 0.28505786914062503 0.37195278125 0.023389363281249985 0.11226895138888887
5 0.0457067046875 0.20147030138888888 0.026507946875 0.09009236944444445
4 0.045706705468750004 0.14196972291666665 0.017152201562500004 0.030492801388888897
4 0.28505786914062503 0.29027562152777775 0.023389363281249985 0.041581093055555525
4 0.290125565625 0.4581840388888889 0.027287592187500032 0.049897311111111106
4 0.291295034765625 0.4994681326388889 0.028067238281249997 0.045739201388888914
5 0.69465021171875 0.432443375 0.01949113593749994 0.060985602777777835
4 0.334342615625 0.5149125534722223 0.017931845312500007 0.01524640138888892
3 0.74894696015625 0.5724330652777777 0.02027078281249999 0.07207389444444448
3 0.76376022421875 0.5627308104166666 0.021830073437500007 0.09147840416666671
3 0.80703054921875 0.5467913923611112 0.014813264062499965 0.09840858749999996
3 0.9271933988281251 0.5793632263888889 0.04054156640625006 0.15939418888888893
3 0.87924520078125 0.5869864270833334 0.049117665625000126 0.1413757180555556
0 0.34167963593749995 0.5530285347222222 0.012474328125000022 0.018018474999999985
0 0.281646933203125 0.5613447541666667 0.017152200781249995 0.023562622222222194
0 0.271121719140625 0.5516424979166666 0.017931846093750002 0.03187883750000001
0 0.348696445703125 0.566888898611111 0.021830074218750006 0.03742298333333333
0 0.375204392578125 0.5738190805555555 0.034304402343749985 0.051283347222222234
0 0.6535378316406251 0.5856003895833333 0.17464058984374997 0.10256669583333328
0 0.414256278125 0.5821353201388889 0.05925305624999999 0.08870633194444445
1 0.164253433203125 0.5403232013888888 0.19802995390625 0.19820321111111106
0 0.04457785078125 0.5708160055555556 0.028846882812499995 0.03465091111111115
0 0.004551990625 0.5791322229166667 0.00910398125 0.0401950541666667