4 0.7147315601562501 0.49499965277777774 0.04746090468749999 0.07968744444444442
4 0.176182126171875 0.48328091111111116 0.014501942968750004 0.01874998888888884
5 0.09211934140625 0.4270309493055556 0.006823654687499991 0.02343748472222226
5 0.050278891406250005 0.4199997034722222 0.00791015 0.02343748194444449
4 0.137290551171875 0.4668746715277778 0.010546867968749995 0.01874998750000003
0 0.068735910546875 0.5067183944444444 0.015820302343750002 0.03749997500000006
0 0.081919494921875 0.50906214375 0.02109373671875 0.04687496805555548
0 0.097739796875 0.5125777659722223 0.0448241875 0.05390621249999994
0 0.148496598046875 0.5149215152777777 0.027685527343750006 0.05859371111111105
0 0.19529832421874999 0.5172652624999999 0.036914037499999976 0.04453121944444444
0 0.19991257812500002 0.5395308701388889 0.030322243749999988 0.07499994861111109
0 0.40953157460937495 0.5793745944444445 0.06459956484374998 0.0796874444444445
0 0.5864625968749999 0.5905178222222222 0.07724117500000008 0.05978643055555553
0 0.28845595820312503 0.6426558013888889 0.21268243828125 0.3234372777777777
0 0.509549273046875 0.6048141125 0.12032571171875003 0.09358155277777784
0 0.735979923828125 0.6394739472222223 0.24370196171875005 0.17676515555555558
1 0.028756831249999996 0.46617477430555554 0.055564046874999995 0.04505778472222228
0 0.037042698046875 0.5190310222222222 0.05458923984374999 0.06758667777777781
0 0.013647309765625 0.5103660631944444 0.01754654140625 0.04332479305555555
0 0.0048740390625 0.5060335840277778 0.009748078125 0.03812581805555561
0 0.12623761601562503 0.5276959805555556 0.04971520078125 0.060654711111111065
3 0.9874803480468749 0.6637358305555555 0.01949615703124987 0.16290122222222214