5 0.51382121328125 0.22719521736111112 0.007993421875000007 0.01767651805555559
4 0.412051273046875 0.18231072777777776 0.02631981171875002 0.013863933333333339
4 0.463716090625 0.1814442340277778 0.016571732812499997 0.019062909722222226
5 0.3779329984375 0.17017979027777777 0.006823654687500014 0.03119384999999999
4 0.56850794765625 0.26549433055555555 0.01559692343750001 0.027727863888888867
4 0.561684292578125 0.23863296111111115 0.013647310156249936 0.03292684166666666
0 0.045633184765625 0.46951696527777775 0.09126636953125 0.3483313416666667
0 0.8894947496093749 0.5434166868055554 0.21835695703124988 0.4188888458333333
2 0.7454132152343751 0.3968551062499999 0.3528804414062501 0.3639282625
2 0.42908807031249996 0.3578627909722223 0.1686417578125 0.2616817513888889
0 0.5558130890624999 0.36912723611111115 0.07311058749999999 0.15596925555555557
0 0.176125434375 0.3569962958333333 0.22615542031249997 0.28421064166666665
2 0.27263141015625003 0.27901166875 0.15596925468749998 0.2668807236111111
3 0.8524485941406251 0.2711340652777778 0.03363402578125001 0.07835052777777779
0 0.52322656484375 0.3412371701388889 0.030154643749999988 0.06804124861111112