0 0.374637262890625 0.6557376597222222 0.02203748515624997 0.03428053611111111
0 0.469061763671875 0.6426239840277778 0.017446342968750007 0.029383315277777832
0 0.61597833828125 0.6573156402777778 0.03213799999999996 0.058766627777777816
1 0.656839510546875 0.6279323277777777 0.029383314843749987 0.03917775555555549
0 0.64989421484375 0.64238379375 0.02662862812500002 0.053869412500000005
0 0.580108841796875 0.6856425590277778 0.07437651640625002 0.12406288472222227
0 0.339532954296875 0.6644212763888889 0.05050257265625002 0.06203144166666661
3 0.2325593234375 0.6603402604166667 0.011018742187500008 0.04407497361111115
3 0.197207523046875 0.6546268409722222 0.01193697265625 0.048972190277777765
3 0.139359120703125 0.6619726694444444 0.01010051328124999 0.034280533333333335
3 0.12329012187499999 0.6644212763888889 0.0128552 0.06203144166666661
3 0.074624007421875 0.6660536826388889 0.009182286718749998 0.0652962541666666
5 0.11915809296874999 0.5958602090277777 0.006427598437500004 0.022853690277777776
5 0.5034367558593751 0.45384085625000004 0.01101874296875005 0.04244256805555556
4 0.832207271875 0.5695104131944444 0.02479217187499998 0.024486095833333287
4 0.7532396128906249 0.5261774430555556 0.01560988515624997 0.021221280555555527
4 0.7518622703125001 0.5531121486111111 0.020201029687499972 0.02285368888888889
4 0.7550760703125 0.5784144486111111 0.015609885937500057 0.021221283333333375
4 0.65498915390625 0.39150391597222217 0.028465087500000052 0.06203144305555557
7 0.7968137320312499 0.6877856729166667 0.0725400578124999 0.07672309861111112
3 0.91618344765625 0.6763588277777777 0.02111925781250008 0.09631197500000002
5 0.237687257421875 0.45353689513888895 0.011936972656249979 0.057134223611111104