5 0.376989709375 0.1971710527777778 0.004995885937499977 0.021315788888888874
5 0.34051972578124995 0.23802631666666668 0.0039967109375000035 0.024868422222222207
5 0.41046216132812496 0.272664475 0.00399671015625005 0.015986841666666664
5 0.42095352578125 0.27710526388888884 0.002997534374999944 0.021315788888888874
5 0.553344563671875 0.2442434222222222 0.007993421093750008 0.015986841666666664
5 0.268578937109375 0.23536184236111113 0.013988488281249989 0.023092104166666676
5 0.310408726953125 0.17496710625 0.009720435156249962 0.02664473750000001
5 0.383484365234375 0.19805921180555555 0.003996710156250005 0.01953947361111111
5 0.6907314890625 0.32595395 0.010990954687500044 0.015986844444444436
0 0.4369403679687499 0.30730263333333335 0.014987664062500006 0.024868425000000017
2 0.459921454296875 0.30821534652777777 0.02497944140624995 0.026693851388888884
0 0.4259494132812501 0.31529605555555557 0.01298930937499998 0.026644736111111123
0 0.40646545078124996 0.30730263333333335 0.017985198437499995 0.024868425000000017
0 0.361502457421875 0.30907895 0.03597039609374999 0.06750000000000003
0 0.325532062109375 0.31440789513888895 0.045962171093750025 0.0817105263888889
2 0.175655416796875 0.2877631597222222 0.14388158046875 0.17052631666666668
3 0.09771956132812501 0.2620065819444445 0.02198190859375 0.08348684444444447
3 0.064746698828125 0.26023026527777776 0.03197368359375 0.08348684444444443
6 0.04586224765625 0.3545846027777778 0.0917244953125 0.13635711388888888
0 0.47141199531249994 0.3312828972222222 0.023980262500000026 0.03730263333333331
0 0.502886092578125 0.31707237083333334 0.012989308593749981 0.02664473611111108
0 0.51487622421875 0.3197368423611111 0.008992598437500022 0.02131579027777776
0 0.52636676796875 0.3188486875 0.01199013124999997 0.030197369444444414
3 0.692729844140625 0.3881250013888889 0.014987664843750003 0.06927631666666668
3 0.680739712109375 0.3765789493055556 0.00899259921874993 0.035526315277777734
3 0.668249990234375 0.37391447499999997 0.007993421093750008 0.04085526388888887
3 0.657259037890625 0.3668092118055556 0.009991777343749942 0.04796052916666669
3 0.643770139453125 0.3668092125 0.00899259921874993 0.04085526388888887
2 0.5793231820312499 0.3499342138888889 0.1238980265625 0.18828947500000004
3 0.7615332859375 0.39749972638888886 0.014501943750000024 0.06562495555555559
3 0.71209484375 0.3857809875 0.015820301562500028 0.06093745833333332
3 0.79910650234375 0.3951559777777777 0.018457018750000033 0.05624996111111113
6 0.782627021484375 0.4235153263888889 0.019775377343749945 0.06796870277777774
6 0.13860890937499998 0.3403122590277778 0.06328120625 0.10781242638888891