0 0.43872559804687494 0.3854958090277778 0.015497457031249962 0.0397959375
0 0.41332698945312496 0.38855703263888886 0.03874363984375 0.07653064583333334
0 0.45250111406250004 0.38319988749999995 0.006887757812499995 0.019897966666666635
0 0.461110812109375 0.38779172638888887 0.00860969765624997 0.022959194444444442
0 0.546777305078125 0.4000366305555556 0.03529976015625005 0.05357145277777775
0 0.49554960351562494 0.3847305006944445 0.006887760156250078 0.022959193055555556
0 0.509325118359375 0.38702641805555554 0.018941335156250006 0.030612258333333385
0 0.368542883203125 0.3978849506944444 0.07490437109374999 0.09948984027777776
0 0.576467083984375 0.4147216944444444 0.06198982421874995 0.0750000361111111
0 0.7779340105468749 0.3994155652777778 0.13775516328125006 0.10867351944444449
1 0.14985656171875 0.30528286875 0.297034571875 0.6061227208333333
0 0.47597278671875004 0.39387772847222224 0.02841200312500005 0.04285716249999996
5 0.37501383398437504 0.2649053694444444 0.01033163828124999 0.022959194444444442
5 0.36869954570312496 0.2686225701388889 0.007748727343750028 0.02908164583333333
5 0.4965212796875 0.2931123756944444 0.004304849999999938 0.022959193055555556
3 0.6863651140625 0.4163267180555555 0.01721939531250003 0.08571432222222224
3 0.619241751171875 0.40331650694444443 0.012914546093750002 0.0811224861111111
0 0.52467498828125 0.3283164736111111 0.005165818750000018 0.016836741666666634
4 0.9105154535156249 0.15242150833333334 0.03279690390625003 0.0829733638888889
4 0.874565001171875 0.15690655486111113 0.026489807031250125 0.07400327083333334
4 0.890963453515625 0.07281192986111111 0.03910400078124994 0.05830560694444445