0 0.098508396484375 0.35025207291666666 0.030604550781250007 0.051007584722222214
0 0.181714515234375 0.34430118750000005 0.02295341328125 0.035705308333333324
0 0.21997020390625002 0.34090068194444445 0.022953412500000027 0.042506319444444426
0 0.4145960140625 0.31709714236111114 0.012433098437499979 0.018702781944444444
0 0.41172683671875 0.31964752291666665 0.014345882812500044 0.02040303472222224
0 0.40742307265625 0.3238981527777777 0.013389490624999922 0.022103286111111113
0 0.40551028789062504 0.3315492923611111 0.009563921093749973 0.023803540277777754
0 0.38877342578124996 0.32899891249999996 0.03156094218750001 0.059508847222222196
0 0.35577789492187495 0.3494019458333334 0.04016847265624999 0.06971036388888893
0 0.43420205390624994 0.33665004861111114 0.03825568749999997 0.07821162777777775
0 0.943002698828125 0.35280245208333333 0.07746776796874996 0.061209101388888916
0 0.159717494921875 0.34685156805555556 0.038255686718749994 0.039105813888888875
0 0.3046109125 0.36300396875 0.088944475 0.12241820138888887
0 0.4509389171875 0.37065510416666664 0.07172941406250004 0.1105164305555556
0 0.8349303808593749 0.37745611736111107 0.1826709101562499 0.10031491250000002
0 0.0105203140625 0.3613037159722222 0.021040628125 0.04760707638888889
0 0.96547791484375 0.3902080131944444 0.06886023749999985 0.13261971805555553
5 0.3844696609375 0.2652394340277778 0.005738353125000017 0.022103284722222227
5 0.42415993554687503 0.26438930694444446 0.004781961718749983 0.013602022222222211
4 0.6130473921874999 0.20403033194444445 0.023909804687500015 0.015302275000000008
4 0.5982233148437499 0.22188298680555557 0.028691765624999997 0.020403034722222203
4 0.600136098828125 0.2516374111111111 0.01338949140625001 0.01870278055555556
4 0.5088006449218749 0.2805417083333333 0.006694744531249963 0.015302275000000008
4 0.47676150585937493 0.2924434763888889 0.0076511382812500806 0.015302274999999968
4 0.21423185078125 0.26268905416666666 0.022953412499999982 0.010201516666666658
4 0.0465444171875 0.3343830479166667 0.0229534125 0.04420657361111111
4 0.24403940468750002 0.32843216180555557 0.014345882812499999 0.02550379305555555