3 0.12608450390624998 0.3778122326388889 0.0250488109375 0.10312492916666668
3 0.2750590109375 0.3473435048611111 0.01186522656250002 0.028124981944444412
6 0.060825760546874996 0.4551559312500001 0.06591792421875001 0.12656241249999997
0 0.41678254687500005 0.3520310013888889 0.021093735937500035 0.03281247777777775
0 0.40228060351562506 0.3614059951388889 0.02373045234375004 0.03749997638888891
0 0.3864603015625 0.36609349166666666 0.029003885937500008 0.046874969444444484
0 0.36470738671875 0.36140599513888894 0.03823239531250002 0.056249962500000014
0 0.33834021757812505 0.36843723958333335 0.04086911171875003 0.0609374569444444
0 0.30538125585937503 0.38015598125 0.04614254609374999 0.06562495416666667
0 0.255283633984375 0.35554662361111106 0.030322244531250007 0.025781233333333337
5 0.4154641875 0.3203903979166667 0.013183584375000024 0.01640624027777776
4 0.41480500859375 0.3016404097222222 0.01186522656250002 0.016406236111111146
0 0.21045944609374997 0.38953097500000006 0.15161122343749997 0.11249992222222219
0 0.5538918265625 0.5008590236111111 0.3111325984375 0.48984341388888897