0 0.237304669140625 0.45792426527777774 0.17668046328125 0.21752146111111112
0 0.4797597515625 0.4143159680555556 0.024571454687499994 0.04264252500000004
0 0.399902522265625 0.41119578194444445 0.025156489843749963 0.044722644444444466
0 0.44612025937500005 0.4054754451388889 0.013455796874999936 0.02288135416666661
0 0.151304575 0.4243451368055556 0.039782353125 0.06864406527777776
0 0.0887058703125 0.4144645541666667 0.06552388281250002 0.0322419138888889
0 0.028739816796875 0.3999036902777778 0.026326557031249996 0.023921416666666712
0 0.0059234667968750005 0.4009437493055556 0.01111565859375 0.02808165972222222
4 0.0974813875 0.38519424166666666 0.01170069062500001 0.028081658333333336
4 0.29990337499999997 0.31447005555555557 0.019891175000000018 0.04056240277777776
4 0.382978295703125 0.37167344513888895 0.007020416406249996 0.01352080416666668
0 0.31160406875 0.40183522986111114 0.019891178124999964 0.034322031944444435
0 0.33003266054687497 0.39871504236111105 0.016966005468750024 0.019761165277777812
0 0.36513473906250005 0.4054754451388889 0.01696600468749998 0.02288135416666661
0 0.378883053125 0.39871504236111105 0.010530623437499997 0.017681043055555533
0 0.41983547851562497 0.4085956298611111 0.015210900781249936 0.024961479166666658
0 0.43533889648437507 0.4039153527777778 0.014625866406249965 0.01976116944444439
0 0.46810083671875 0.4033953243055556 0.013455796875000026 0.02288135972222223
0 0.45347496953125 0.4033953215277778 0.011115656249999972 0.02080123194444441
5 0.46160376132812503 0.3609216861111111 0.004680277343750028 0.012480738888888846