0 0.38289878789062504 0.45284329027777775 0.03478966796875005 0.11090040000000004
0 0.34930876289062496 0.43151629027777777 0.04678610703125004 0.05118480000000005
0 0.24254046875 0.44644518958333335 0.10916758124999999 0.10236959861111106
4 0.6534184546875 0.3739333902777778 0.011996437500000035 0.02132699999999998
4 0.652818633203125 0.39419404027777777 0.010796794531249976 0.014928899999999995
0 0.6282259359375 0.41765374027777774 0.026392162500000003 0.0618483
0 0.647420235546875 0.4421797902777778 0.028791449218749942 0.07251180000000003
0 0.7163997515625 0.4496442409722222 0.13076116874999996 0.16421790138888892
0 0.871153795703125 0.5285541402777778 0.2555241195312499 0.2836491
0 0.5010636984375 0.4496442395833333 0.23513017656249996 0.40734570138888887
0 0.08738029882812501 0.4997626888888889 0.17476059765625002 0.4009476