0 0.40878655585937496 0.6129850770833334 0.008414130468749993 0.020567879166666674
0 0.420355987890625 0.6092454618055555 0.012621196093749986 0.01682826249999994
0 0.40352772617187505 0.6139199805555555 0.008414133593749984 0.018698069444444423
0 0.395639478125 0.6235806277777779 0.024190629687499986 0.028047102777777787
0 0.438761900390625 0.6076872673611111 0.01367296953124999 0.02243768194444442
0 0.316231113671875 0.6273202430555556 0.06100245546875001 0.06170363333333337
0 0.5265843968749999 0.6170363034722223 0.018931793749999936 0.0336565208333333
0 0.5407832453125 0.6198410173611111 0.026294159374999994 0.04674518194444441
0 0.56631377578125 0.6182656423611111 0.03668693281249995 0.05730630694444451
0 0.265571023828125 0.6400972756944444 0.03260476015624998 0.044875373611111116
0 0.241380394921875 0.6429019909722222 0.028397694531250028 0.046745176388888865
0 0.21824153476562502 0.6475765020833333 0.03050122890625002 0.052354598611111115
0 0.18616265546875002 0.6559906375 0.05258831875000001 0.0654432444444444
0 0.13357433828125 0.6644047645833333 0.05889892187500001 0.07105265972222223
0 0.0553894125 0.6895613520833334 0.110778825 0.26001559305555555
0 0.10149546054687501 0.6650280270833333 0.028397694531250007 0.0673130486111111