3 0.541678375390625 0.5285624770833334 0.015596925781249915 0.07625163750000002
3 0.5636115546875 0.5302954680555555 0.012672506250000026 0.06585368611111109
2 0.33550651523437497 0.5146985409722222 0.04386635078125001 0.08664958194444444
0 0.438348743359375 0.5415599131944444 0.04094192734375 0.06758667638888893
0 0.32332141796874997 0.5372274361111111 0.03509308281250001 0.05545573333333328
0 0.292127566015625 0.5441594020833334 0.048740389843749996 0.058921718055555614
0 0.23168948164062503 0.5406934166666667 0.07408539609375 0.09358155
2 0.10138001523437498 0.5285624763888889 0.18326387421874998 0.24608482500000003
0 0.005848846874999999 0.6238770215277777 0.0077984625000000005 0.1871631097222222
3 0.4978120203125 0.5276959791666667 0.007798462500000003 0.029460855555555554
3 0.507072698828125 0.5285624784722223 0.006823657031250008 0.038125818055555524
0 0.384211702734375 0.547579345138889 0.07293430859374998 0.11745760416666669