0 0.24077753828124998 0.5952826583333334 0.13842271406249998 0.15423626388888892
0 0.343619765625 0.5684212861111111 0.057513662499999986 0.06931966944444447
0 0.50933709921875 0.5770862451388888 0.047765584375 0.05198975138888894
0 0.6423983703125 0.5952826583333334 0.07993424375 0.08491659444444445
0 0.452310840234375 0.5571568395833333 0.01949615703125005 0.025994876388888914
2 0.41867996992187495 0.5424264104166666 0.016571733593749992 0.045057784722222195
2 0.382124675390625 0.5476253854166667 0.019496157031250006 0.03465983472222215
0 0.396259389453125 0.55109136875 0.00877327109374999 0.020795901388888892
0 0.065799530078125 0.5285624770833333 0.07506020546875 0.0415918013888889
0 0.153044831640625 0.5398269229166667 0.058488471093749994 0.039858809722222256
0 0.192037145703125 0.5398269229166667 0.017546541406249984 0.025994876388888914
4 0.385049098828125 0.5025676013888889 0.025345003906249986 0.01386393611111111