4 0.2937626875 0.06459181805555556 0.0681887609375 0.04959182222222223
4 0.311929140234375 0.11969385 0.021868621093749985 0.031224486111111123
5 0.33922186289062506 0.15551016458333333 0.026862238281250006 0.13959180694444445
4 0.33474482734375 0.2644897388888889 0.036160707812500005 0.06979590277777778
4 0.32906242968750005 0.3352040125 0.028928564062500016 0.06428570277777775
4 0.328582747265625 0.41361221388888886 0.030035525781249996 0.08518376944444445
5 0.200762375390625 0.30851396319444446 0.015497446093749988 0.060612231944444435
0 0.059997253125 0.41497076250000003 0.013431118749999993 0.0202040777777778
0 0.04759929726562499 0.4168074958333334 0.009298467968749996 0.02020407500000003
0 0.035717921484375005 0.41037892430555556 0.010331630468750002 0.02204081249999995
0 0.011438590625 0.4112972923611111 0.0134311203125 0.016530609722222145
0 0.00348046953125 0.4122156590277778 0.0069609390625 0.029387748611111104
0 0.025557874609374996 0.4178570541666667 0.01859693515625 0.031224483333333334
5 0.05500302265625 0.3581631888888889 0.009298470312499996 0.025714280555555566
0 0.23305206289062502 0.4179882534722222 0.030994889843749984 0.03463556250000003
0 0.639527925 0.49040806041666674 0.08471936875 0.07530610972222221
0 0.52329708359375 0.4931631611111111 0.13327803281249997 0.12122446388888887
4 0.489202702734375 0.38846930486111114 0.009298467968750047 0.022040809722222183
0 0.406106873046875 0.4499999055555556 0.03822703046875002 0.03306121944444445
0 0.363747189453125 0.43989786458333335 0.038227033593750015 0.049591826388888906
0 0.298657916796875 0.4279590916666666 0.027895402343750007 0.03306121666666668
0 0.26611328125 0.42336725763888894 0.035127543750000004 0.03122448472222222
0 0.7713135984375 0.5829909319444444 0.256224434375 0.36183665833333334
4 0.811090375390625 0.3059501861111111 0.04442601015624996 0.03306121944444445
0 0.9859160152343751 0.4830969951388889 0.02686223828125005 0.04775509305555548
4 0.95636459921875 0.44624033680555547 0.014464282812499896 0.016090565277777812