4 0.5723865355468749 0.41605522638888887 0.025113196093750022 0.04464568333333329
4 0.2489395328125 0.45496075416666665 0.010762796875000013 0.021259852777777706
4 0.35021345703125 0.4823087729166667 0.009216090624999973 0.016428306944444495
0 0.42712363867187497 0.49960643819444445 0.0059793320312500065 0.01700787916666668
0 0.41456704140625 0.5002143625 0.009566931250000011 0.010201516666666698
6 0.927558878125 0.5672127555555556 0.06338092343749988 0.08503939444444444
6 0.9233733449218751 0.5661497631944444 0.06218505546874997 0.09992128750000001
6 0.918589879296875 0.5608348020833333 0.06457678984375015 0.10204727361111113
6 0.9448989421875 0.5608348020833333 0.0765354546874999 0.10204727361111113
6 0.950878274609375 0.5587088131944444 0.07414372265624998 0.11905515138888892
6 0.9048374148437499 0.5597718083333334 0.056205723437500056 0.09992128611111113
6 0.94549687421875 0.5693387416666666 0.07294785468750006 0.12330712222222226
6 0.9688162707031249 0.5682757465277777 0.057401591406249966 0.11267719861111113
6 0.9700121375 0.5618977916666666 0.05261812343749987 0.15094492499999998
6 0.977785269921875 0.5629607854166667 0.03707186015625012 0.17433075694444444
0 0.44634824609375007 0.5019146152777777 0.014345882812499955 0.01360202222222229
0 0.44969561875 0.5036148680555556 0.01338949062500001 0.010201516666666698
0 0.46021593281249995 0.5027647416666667 0.009563921875000058 0.011901769444444455