0 0.8980093050781249 0.5419402416666667 0.16089156796875007 0.13305949722222224
0 0.7476800238281249 0.5260008243055556 0.09667604140624997 0.09563651527777779
0 0.547311134375 0.5183776222222223 0.028067237499999998 0.02494865277777778
0 0.5038782566406249 0.5224928180555556 0.029171988281250005 0.0359511194444444
0 0.46934658476562496 0.5243071798611111 0.024948655468750046 0.022947404166666668
0 0.531328401171875 0.5211496958333334 0.011694682031250014 0.019404508333333344
0 0.530938578125 0.51560555 0.020270782812500075 0.0360369472222222
0 0.4389404109375 0.5260008236111111 0.009355746875000025 0.015246399999999957
0 0.41243246445312504 0.5239217687500001 0.02183007265625001 0.02217658194444449
0 0.10057426914062502 0.5322379881944445 0.06549022109375 0.03603694861111117
0 0.14618352890625 0.5294659138888889 0.02884688281250001 0.016632438888888858
3 0.665037601953125 0.5065963131944444 0.01091503671874996 0.04296712916666665
0 0.49195630351562497 0.5169915861111112 0.010915038281250044 0.02772072777777781