0 0.040634098828125 0.5721854083333333 0.08126819765625 0.16807946388888892
0 0.8833894417968751 0.62672183125 0.2303269789062501 0.39516554861111114
0 0.305560406640625 0.5337417027777778 0.15489237734375 0.15913906666666666
0 0.48911793281250004 0.48456951875000004 0.04123758124999997 0.04649006527777778
0 0.5479569214843749 0.4863575979166667 0.03218542890624994 0.04649006527777778
0 0.15217671953125 0.5525165354166667 0.15589817187500002 0.13231787638888887
0 0.24470982968750002 0.5131787895833333 0.051295528125 0.06437085694444443
0 0.1939172 0.49261587638888893 0.05632450156250002 0.030397347222222256
0 0.39055005625 0.4979801138888889 0.041237582812499965 0.06973509722222215
0 0.4257528703125001 0.49440395625 0.04123758124999997 0.051854304166666684
0 0.452406427734375 0.4872516381944444 0.026150661718750003 0.04112582638888895
0 0.8019200734374999 0.5239072645833334 0.20819949687499992 0.2682119097222222
0 0.6953058390625 0.5221191875 0.06738824218750006 0.14662251111111116
3 0.6646291023437501 0.4863575979166667 0.026150662499999998 0.11801324027777779
0 0.645519004296875 0.49976819375 0.030173839843750015 0.08403973194444442
0 0.636466851171875 0.4917218375 0.04425496640625006 0.0858278111111111
0 0.6138364707031251 0.48725163750000006 0.031179635156250017 0.059006619444444415
0 0.6002582433593749 0.48456951875000004 0.018104302343750066 0.053642381944444394
0 0.5917089890625 0.48099335972222224 0.015086920312499964 0.035761588888888855
0 0.570084403125 0.47920527916666666 0.026150662499999998 0.035761586111111084
0 0.5162743890625 0.48188739861111113 0.013075331250000044 0.016092713888888867
0 0.526835232421875 0.47831124027777777 0.010057946093750037 0.019668872222222213
4 0.7757694125000001 0.3477814451388889 0.04928393906250008 0.08403973194444446
4 0.8788633652343749 0.22708608472222222 0.034197017968750035 0.04291390555555555