4 0.406465450390625 0.46717105416666665 0.03397203828124997 0.0319736861111111
4 0.5043848589843749 0.50802631875 0.023980263281249935 0.02842105138888892
4 0.34251808125 0.45917763472222217 0.057952301562499996 0.04085526388888891
0 0.357505746875 0.5488815833333334 0.01398848749999999 0.024868425000000055
1 0.60779974296875 0.5266776347222222 0.030974506250000023 0.03730263333333331
0 0.6048022124999999 0.5462171097222223 0.028976151562499997 0.03730263333333331
0 0.694728198046875 0.5568750027777778 0.04296463828124999 0.044407894444444436
0 0.80563691640625 0.5648684236111111 0.06094983593750003 0.05684210555555561
0 0.8915661941406249 0.5817434243055555 0.15886924453125015 0.09414473749999996
0 0.37948765390625 0.5604276354166667 0.0399671046875 0.051513159722222215
0 0.259086748828125 0.5826315819444444 0.18085115234375 0.24157895000000001
4 0.53436018828125 0.5053618458333333 0.019983553125000064 0.03730263333333331
2 0.045005458984375 0.5184371361111111 0.08173822578125 0.05624996111111113