4 0.036668290234375 0.22673359652777778 0.07333658046875 0.12064723472222223
4 0.65193627734375 0.2756165291666666 0.03393203593749998 0.056163366666666666
4 0.6542764171875 0.3151388979166667 0.015210912499999996 0.01456087361111109
4 0.515038068359375 0.3224193347222223 0.017551052343749964 0.029121747222222223
4 0.5068475761718749 0.36298176736111115 0.010530632031249976 0.010400623611111114
4 0.132394646484375 0.36550762777777773 0.045571783593750005 0.10697783333333331
4 0.380419044921875 0.40235554444444444 0.043292596093750024 0.04160249444444446
4 0.36579316796875 0.37635398680555554 0.01872112187499999 0.006240373611111099
4 0.3131400109375 0.2962691833333333 0.014040842187500013 0.02080124722222219
2 0.42722185195312506 0.39923535833333335 0.057333438281249996 0.1268876083333334
0 0.483970254296875 0.4512384763888889 0.07956477109374997 0.10608636111111112
0 0.46290899140624997 0.4293971680555556 0.05850350781249993 0.1123267361111111
2 0.02296260859375 0.4283571069444444 0.018721121875000003 0.0228813722222222