4 0.4005900515625 0.2200150958333333 0.028294937499999985 0.05845921111111111
4 0.030206758203125 0.24108760347222224 0.02064765703125 0.010876131944444447
4 0.032500941796875 0.2519637340277778 0.02064765703125 0.008157098611111142
4 0.06997261679687501 0.2648791416666667 0.01758874453125 0.00951661666666664
4 0.06959025234375 0.27439575694444446 0.019882928124999998 0.009516613888888909
4 0.032500941796875 0.2709969652777778 0.01758874453125 0.01631419722222221
4 0.037089311328125 0.29342898888888885 0.008412008593750003 0.01767371388888886
5 0.014912196875 0.25740180208333335 0.005353096875 0.021752265277777776
5 0.10170883085937499 0.27439575625 0.006117824218750001 0.025830815277777773
5 0.10897374687500001 0.27326282291666665 0.0068825531250000125 0.027190329166666652
5 0.00458836875 0.2576283833333333 0.0076472796874999995 0.02854984722222219
0 0.257076083984375 0.3926736972222222 0.14606305703124997 0.24697884444444446
0 0.15039651445312502 0.5159365263888889 0.30079302890625004 0.4581570722222222
0 0.43500280195312496 0.3686555673611111 0.20112347734374997 0.24879152638888888