0 0.017976806640625002 0.6067747666666666 0.035953613281250005 0.1814433305555556
0 0.11018043046874999 0.5433874270833333 0.07654640468749999 0.10203240694444449
0 0.323002630078125 0.5263918472222222 0.06146908359374996 0.09278351666666672
0 0.469716572265625 0.5964949513888889 0.16932992265625005 0.19587632500000002
0 0.150773221484375 0.5356702 0.025515467968750018 0.06185568333333333
0 0.169909822265625 0.5226804993055555 0.019716499218749982 0.04742269027777779
0 0.1861469375 0.5140207083333334 0.01507732343749999 0.039175261111111186
0 0.20006446640625 0.5098969965277778 0.015077323437500012 0.03917526527777777
0 0.20180415742187502 0.4948454423611111 0.02551546953125001 0.028865984722222196
0 0.22442014023437498 0.4946392597222222 0.019716497656249964 0.03670104166666669
0 0.2916881921875 0.5147080020833333 0.03131443906250002 0.0661168486111111
0 0.2766108703125 0.5105155604166667 0.012757734374999963 0.053608256944444495
0 0.260953652734375 0.5032990659722223 0.02551546953125001 0.04329897638888893
4 0.109600534765625 0.31192935625 0.028994850781250015 0.11134022361111116
4 0.382732021484375 0.4067747326388889 0.013917527343750003 0.02061856250000002
4 0.0910438296875 0.43564071805555554 0.010438146874999998 0.03298969722222217
4 0.043687099609374995 0.40242159652777776 0.018457019531249997 0.0351562236111111