4 0.31145110703125 0.15163677499999997 0.06141289531250003 0.10571249722222222
4 0.30998889414062497 0.23915285763888888 0.023395388281250006 0.0415918013888889
4 0.38017506015625 0.32666894166666666 0.015596925000000006 0.029460858333333326
4 0.38017506015625 0.35179732152777776 0.007798464062499999 0.017329918055555598
4 0.737442135546875 0.3569962958333333 0.018521349218749972 0.027727866666666677
4 0.7379295398437501 0.37779219583333334 0.007798464062499999 0.013863933333333339
4 0.590733555078125 0.3795251888888889 0.007798463281250001 0.017329919444444484
4 0.475706229296875 0.38645715416666665 0.011697692968749961 0.017329919444444484
4 0.429402855859375 0.3855906576388889 0.03411827421874998 0.012130943055555576
4 0.459134496484375 0.3847241625 0.02144577265625003 0.01386393611111111
0 0.065312125390625 0.4644417819444444 0.13062425078125 0.20102704166666666
0 0.25101302031249995 0.41158553472222226 0.08285866718750001 0.07105266111111111
0 0.31047629921875003 0.4263159645833333 0.03801750624999998 0.0415918013888889
0 0.343619765234375 0.4159180145833334 0.030219044531250017 0.038125818055555524
0 0.383099483203125 0.40292057638888884 0.013647310156249981 0.01906290833333336
0 0.365552941796875 0.4046535680555556 0.005848847656249978 0.015596924999999985
0 0.372376596875 0.40465356736111113 0.007798462500000003 0.02252889027777777
0 0.406982275 0.4124520291666667 0.016571732812499997 0.024261883333333383
0 0.42891545195312497 0.4141850236111111 0.011697692968749961 0.024261883333333303
0 0.4391509335937499 0.40811955 0.008773270312499993 0.015596924999999985
0 0.5639263382812499 0.43064844375000005 0.0321686578125 0.032926843055555585
0 0.522984408984375 0.42458297222222224 0.02047096484375004 0.027727866666666677
0 0.48545430664062506 0.4115855354166667 0.015596925781250003 0.019062906944444395
0 0.47083219023437495 0.4072530548611111 0.00974807890624998 0.013863934722222224
0 0.9104705281249998 0.46184229444444447 0.06823654843749996 0.04679077777777773
0 0.8276118609375 0.4419128909722222 0.0409419296874999 0.031193851388888857
0 0.864654559765625 0.44451237708333335 0.029244236718749938 0.03985880972222217
0 0.8909743718750001 0.4280489548611111 0.02339538749999992 0.02426188472222227
0 0.9343533199218751 0.4306484444444444 0.024370196093749998 0.015596927777777835
0 0.9928417910156249 0.4583763118055556 0.012672502343749947 0.053722743055555515
0 0.683827704296875 0.42891545138888887 0.032168660156249994 0.029460858333333326
0 0.664818951171875 0.4280489548611111 0.021445772656249938 0.02426188472222227
0 0.641910966796875 0.4289154506944445 0.022420580468750017 0.02252889305555554
0 0.610229711328125 0.42458297291666663 0.023395388281250006 0.020795901388888892
0 0.596582401171875 0.4193839979166667 0.011697692968749961 0.020795901388888892
0 0.582935091796875 0.4159180145833334 0.015596925781250003 0.020795901388888892
0 0.54930422109375 0.41245203125 0.010722885937499971 0.013863934722222224