0 0.5176687601562501 0.5790575347222222 0.00842049062500001 0.019052422222222275
0 0.5486714734375 0.5879033020833333 0.047460943749999984 0.08029234861111113
0 0.503507026953125 0.577016204861111 0.021433974218749974 0.07212702916666669
0 0.798224176953125 0.6511845597222222 0.039040453906250064 0.0353830694444444
0 0.828844140234375 0.6600303270833333 0.03750945546875002 0.036743956944444434
0 0.8468333691406251 0.6675152083333333 0.033681960156250135 0.03810484722222217
0 0.8908495667968751 0.6715978701388888 0.03750945546874984 0.04627017083333326
0 0.9180247847656251 0.66887609375 0.033681960156249954 0.024495970833333304
0 0.950558495703125 0.6913307340277778 0.09262538984374995 0.06940525138888884
2 0.59762514921875 0.6189315562500001 0.10640437343749998 0.12792340416666667
2 0.43015581210937504 0.5502844951388889 0.16152030859375 0.31164318472222224