4 0.5118273578125001 0.5766641333333333 0.01502361875 0.016996416666666646
4 0.5131931406250001 0.5766641340277777 0.01775518437499999 0.021852534722222258
4 0.49748662929687504 0.5548115979166667 0.01365783515625001 0.012140295833333346
4 0.48041433789062504 0.574236075 0.05053398828124998 0.036420894444444386
4 0.43056324101562493 0.5719036215277777 0.040973505468749935 0.046324343055555536
0 0.83543039296875 0.6932109895833334 0.154508828125 0.07041372083333342
0 0.5118273570312499 0.6762145729166668 0.09150749218750001 0.15296774861111118
0 0.4640249359375 0.6580041284722223 0.02321832031250004 0.06312954861111114
0 0.439440831640625 0.6567900951388889 0.04233928671875002 0.0752698430555556
0 0.3895897359375 0.6701444263888888 0.07102074062500004 0.09712238333333331
0 0.346567555859375 0.6592181569444444 0.031413019531249996 0.05584536944444444
0 0.32676369609375 0.6482918888888889 0.019120968750000022 0.033992833333333375
0 0.169698597265625 0.6810706916666667 0.33598273515625 0.48803996111111114
4 0.28978794726562496 0.5560256270833334 0.03960772265624999 0.06798567083333332