0 0.104958925 0.45169936944444444 0.010323828125000012 0.013255286111111136
0 0.117003391796875 0.45118954930555555 0.013765105468749983 0.022432023611111084
0 0.09606896171875 0.4557779173611111 0.0074560984374999915 0.013255287500000022
0 0.12273885195312499 0.4741313930555555 0.011470921093750008 0.019373111111111126
2 0.1431953265625 0.4751510277777778 0.03173621093749999 0.06423715555555552
0 0.105819244140625 0.5016616006944444 0.030971486718750007 0.07341389305555555
1 0.049324958203125005 0.44507172638888887 0.09692928046875 0.2946752083333333
2 0.166519529296875 0.4885762583333333 0.014912197656250004 0.02549093611111112
3 0.178946362890625 0.4901397104166667 0.008029644531249991 0.03364803194444445
3 0.18754955468749998 0.4921789854166667 0.0068825531250000125 0.03364803472222222
3 0.19643951718750002 0.49370844305555556 0.005161914062499995 0.03874622222222225
3 0.201314659375 0.4952378965277778 0.005735460937499992 0.03364803472222222
3 0.293942344140625 0.4904455895833334 0.016632835156250005 0.0683157069444444
3 0.31000163281250004 0.4889161326388889 0.014338650000000008 0.08157099027777777
6 0.27472855156250003 0.5358194555555555 0.025236025000000016 0.07545316666666667
3 0.421452062109375 0.5158583041666667 0.022941841406250062 0.14923783333333332
3 0.44840872578125 0.45894399583333334 0.02753020937499997 0.050981869444444466
3 0.522865425 0.5394953513888888 0.02753020937499997 0.23043805277777782
3 0.544946946875 0.5354168020833334 0.04645722812499997 0.26714499861111113
3 0.652634900390625 0.5251331770833333 0.04588368359375004 0.21412385416666666
3 0.688936330859375 0.49690329097222224 0.03842758359374994 0.1590634347222222
3 0.720863722265625 0.5111782159722222 0.04416304453124997 0.19577037916666662
3 0.724018225 0.5030211180555556 0.03555985625 0.20392747777777778
3 0.750401342578125 0.5269825965277778 0.05276623515624994 0.2294184152777778
3 0.767607723046875 0.5152567680555555 0.04932495859374999 0.22839877777777784