4 0.27066249960937505 0.2581929541666667 0.024005544531250013 0.04267652222222221
4 0.48611224921874996 0.3769759375 0.006001385937500015 0.007112755555555595
4 0.65795192890625 0.34994747291666667 0.008802032812500027 0.024183359722222204
4 0.66195285234375 0.3734195597222222 0.007201664062499979 0.008535305555555558
4 0.657551836328125 0.3940465444444444 0.009602216406250008 0.018493155555555536
5 0.563930217578125 0.38053231458333336 0.0064014789062500025 0.014225509722222224
3 0.7587752097656251 0.43174413749999996 0.016803878906249993 0.05690203055555559
0 0.613941766015625 0.4111171527777778 0.01360313984374999 0.018493155555555536
0 0.6139417667968751 0.4253426611111111 0.016003694531249925 0.01564805833333338
0 0.6283450929687501 0.4310328638888889 0.017604065624999964 0.03271866666666672
0 0.642748418359375 0.4338779659722222 0.02240517421875001 0.04409907361111117
0 0.6651535921875 0.43103286458333334 0.0392090546875 0.0753951875
0 0.47350933867187506 0.42036373263888893 0.033607761718749976 0.039831418055555505
0 0.454704996875 0.4224975583333333 0.019204434375000013 0.04125396666666666
0 0.43990157851562495 0.4274764875 0.026406097656249995 0.03983141944444447
0 0.40909446484374995 0.4281877625 0.041609607812500025 0.04694416944444445
0 0.317073216015625 0.4360117916666667 0.14403325859375 0.14510017222222224
0 0.50311617578125 0.42463138333333333 0.031207206250000043 0.04267652222222225
0 0.151835059765625 0.45165985 0.20084637578124998 0.21907281111111113
0 0.70476273828125 0.4466809215277777 0.07281681406249998 0.09815599861111106
0 0.050511663281249994 0.5042942263888889 0.10102332656249999 0.29589055000000003