0 0.037230980078125 0.7855167840277777 0.07364219921875001 0.1632242680555555
0 0.110394982421875 0.7634134972222222 0.12050541640625001 0.1224181999999999
0 0.19264471015625 0.7285583180555556 0.08990086562499999 0.1173174416666667
0 0.256722986328125 0.7404600847222222 0.047819608593749986 0.07651137499999992
2 0.427438991796875 0.6937031354166666 0.05833992265625003 0.10201516527777786
3 0.232813183203125 0.6841088590277777 0.011476705468749992 0.06290935416666667
4 0.23281318281250002 0.6411167458333333 0.013389489062500015 0.01870278055555556
4 0.27872000703125 0.613912701388889 0.019127843749999984 0.008501263888888942
4 0.3136283234375 0.5994605541666667 0.010520314062500003 0.02380353888888891
4 0.31410651874999995 0.6164630805555555 0.009563920312500019 0.013602022222222211
4 0.190731926953125 0.6275147243055555 0.005738353906250016 0.028904295833333295
0 0.7209603105468749 0.7914676715277779 0.4192185789062499 0.41316142638888886
2 0.541796174609375 0.7209071777777778 0.09085725703124999 0.19042830833333327
0 0.496541440234375 0.7132029069444444 0.02677898203125002 0.10881617777777784
0 0.49271587187500004 0.6519938090277778 0.028691765624999997 0.05100758194444444
0 0.47836998828125 0.6307406479166666 0.009563920312499974 0.02550379027777778
0 0.351952326171875 0.6690494694444444 0.03443011796874997 0.040806066666666634
0 0.373471149609375 0.6673492173611111 0.010520313281250004 0.0306045513888889
0 0.384947855859375 0.6698995951388889 0.008607528906249984 0.022103284722222265
0 0.39355538671875 0.6664990895833334 0.008607529687499981 0.018702779166666676
0 0.43324566132812503 0.6282434020833333 0.0076511367187499955 0.013602020833333325
0 0.435158445703125 0.5967887256944444 0.0076511367187499955 0.018702781944444444
0 0.4394622109375 0.5534322819444445 0.008607529687500027 0.013602022222222211
0 0.45380809375000003 0.5194272229166667 0.008607529687500027 0.013602020833333325