4 0.25792035117187495 0.3051560333333333 0.030322244531250007 0.018749986111111106
4 0.24341840820312505 0.2594529395833333 0.02241209296875 0.021093734722222222
4 0.4622659136718751 0.38601535347222227 0.011865225781250021 0.01640623750000003
0 0.29087931289062496 0.4199997048611111 0.04614254609374999 0.05624996249999994
0 0.388437840234375 0.4129684590277778 0.030322244531250007 0.05624996249999994
0 0.37129917890625 0.42117157708333336 0.022412093749999994 0.06796870416666663
0 0.3567972359375 0.43289032083333334 0.03295896093750002 0.08203119444444443
0 0.41019075429687496 0.4223434527777778 0.015820302343750026 0.028124980555555606
2 0.4635842726562499 0.40945283541666666 0.03559567968749997 0.039843720833333325
0 0.480722932421875 0.4129684590277778 0.014501942968749936 0.046874968055555556
0 0.500498308984375 0.4153122083333333 0.02768552734375005 0.0749999472222222
0 0.510385997265625 0.41882783125 0.036914036718749973 0.08203119305555553
0 0.532798091796875 0.42585907500000003 0.05800777265625001 0.09140618611111112
0 0.431284490234375 0.41648408125 0.03164060390624997 0.03984372083333341
0 0.597397656640625 0.44109344027777775 0.11074211171875001 0.1265624111111111
0 0.32120155703125 0.45281218194444445 0.06987300000000003 0.08906243888888889
0 0.0969899828125 0.5407027465277778 0.193979965625 0.32109352916666667