4 0.31293511796875 0.4138107006944444 0.025949885937499983 0.01456835694444444
4 0.313618010546875 0.4138107013888889 0.01912096953125002 0.01942447777777774
4 0.3026917421875 0.40167040347222227 0.01365783437500001 0.019424476388888855
3 0.493901428515625 0.521859348611111 0.005463133593750058 0.026708655555555558
3 0.50004745390625 0.5206453180555555 0.009560484374999945 0.024280594444444463
3 0.507559263671875 0.5133611409722222 0.008194702343750037 0.019424476388888934
0 0.47273178515625 0.5072909909722223 0.012292051562500017 0.012140295833333346
0 0.48570672773437507 0.5206453180555555 0.010926267968749936 0.024280594444444463
0 0.47887781015625 0.5327856173611112 0.019120968749999977 0.03884895416666667
0 0.26035245429687504 0.5206453208333334 0.13384678046874998 0.13111521666666662
1 0.44678189921874994 0.8071563416666666 0.012292051562500017 0.00971223888888883
1 0.349811271875 0.4490175631944444 0.08331279218750001 0.0752698430555556
2 0.43585563085937495 0.4647999500000001 0.05599712265625003 0.06312954722222225
0 0.443367440625 0.5509960638888889 0.06555760624999998 0.12868715555555552
0 0.05821650078125 0.5182172597222222 0.1147258125 0.1602519277777778
0 0.065728309765625 0.6505465027777777 0.12974943046875 0.32293191388888887
0 0.35815766640625 0.5752926527777777 0.15463692031250004 0.2889710722222221
0 0.6748677390625 0.5509960625 0.2608646437499999 0.42976653333333337
3 0.815543436328125 0.5947011347222222 0.020486750781250153 0.03642089444444447
3 0.893393094921875 0.5837748673611111 0.015023617968750003 0.03399283472222218
3 0.9295863566406251 0.6056274027777778 0.010926267968750025 0.04856119166666662
3 0.8851983929687499 0.5692065090277778 0.009560484375000122 0.05341730972222223
0 0.8653945335937501 0.6371921756944444 0.12018894531250002 0.09712238194444452
0 0.95280467578125 0.6736130680555555 0.0928732765625 0.1262590944444445
0 0.51643685546875 0.5424978541666666 0.034144587499999976 0.043705069444444515
3 0.19547773984375 0.49393666388888896 0.012292051562499995 0.06798566666666667
3 0.1811370125 0.5012208423611111 0.00819470312499999 0.06312954583333329
3 0.1661133953125 0.5157892 0.021852535937500008 0.10197850000000004
3 0.12513988984375 0.4927226347222222 0.008194701562499995 0.08498208333333332
3 0.1463095328125 0.5036489034722222 0.006828917187499983 0.05827342916666664
3 0.103970246484375 0.5024348729166667 0.02321831953125001 0.08983820138888884
3 0.53760649765625 0.5242874083333333 0.005463134375000056 0.05098925000000002
3 0.8660774246093752 0.5716345673611111 0.017755185156249985 0.038848951388888824
4 0.92983689140625 0.4629292993055556 0.018987334374999953 0.06751052083333332
4 0.10870248671875 0.34924639027777776 0.018037967187500004 0.02194091944444444