2 0.9379884347656251 0.23101738333333333 0.12028794453124991 0.4358525027777778
0 0.890240548828125 0.39344181874999995 0.057848400781249865 0.08488513194444443
0 0.39601887031249994 0.18924254166666665 0.009182285937499968 0.014691658333333319
0 0.38959127109375 0.2063828097222222 0.0128552 0.019588877777777784
0 0.38086809921875 0.21862585555555555 0.01377342812500002 0.021221283333333337
0 0.40841495625 0.20066938819444446 0.01193697187499998 0.01795647083333335
0 0.398314441796875 0.21780965277777778 0.013773428906249973 0.019588877777777784
0 0.368931127734375 0.23576612291666668 0.01928279921875 0.026118501388888878
0 0.352862128515625 0.23413371666666669 0.018364572656250022 0.029383313888888908
0 0.3455162984375 0.2398471402777778 0.016528114062500033 0.03101572222222223
0 0.32806995546874995 0.24392815555555558 0.029383314062500034 0.04570737777777778
0 0.307868928125 0.2553550013888889 0.034892685937500015 0.042442566666666674
0 0.29960486875000003 0.2594360159722222 0.04040205781249999 0.03428053194444441
0 0.258284583984375 0.28310590902777777 0.05693017109375002 0.07835550694444444
0 0.21742341132812498 0.3190188486111111 0.06519422890625 0.08162031666666666
0 0.44560321445312495 0.22025826527777778 0.014691658593749945 0.014691658333333319
0 0.442848529296875 0.23739853263888888 0.02387394296875005 0.0195888763888889
0 0.16035714218750002 0.34443774375 0.1055962859375 0.11426844583333337
0 0.460617889453125 0.236698925 0.021119257031249995 0.029383316666666638
0 0.465209032421875 0.24322854930555554 0.019282800781249953 0.03917775416666665
0 0.4771460035156251 0.25139058263888886 0.026628630468750015 0.03917775416666665
0 0.499642604296875 0.26689844166666665 0.040402057031250035 0.060399033333333324
0 0.507447546875 0.2807738979166667 0.03030154218750001 0.0587666291666667
0 0.5308623761718749 0.29138453680555554 0.05142080078125 0.0767231013888889
0 0.568968862109375 0.32403266527777774 0.07437651484375003 0.09631197499999998
0 0.30222345859375005 0.32158405624999997 0.0752947453125 0.10120919305555552
3 0.414247345703125 0.23425031388888892 0.007345828906250062 0.021221283333333337
4 0.030626710937500003 0.2054111270833333 0.03672914375 0.0701934736111111