0 0.007910153515625 0.6124551444444445 0.013710932031249998 0.15187494444444438
0 0.8846565054687499 0.6490176326388889 0.22886710781250005 0.25124990972222216
0 0.42451157070312495 0.58151765625 0.07277341171875 0.11624995694444439
0 0.598911625390625 0.5749551590277778 0.06960935078125 0.0918749680555556
0 0.167695253125 0.5912497972222222 0.080156221875 0.10624997222222221
0 0.5426365296875 0.5690622993055555 0.03269530156249996 0.050624979166666625
0 0.556874805078125 0.5728122993055556 0.02742186328124996 0.07312497361111106
0 0.7465678234374999 0.5993301520833334 0.15187494687499994 0.16312494305555553
0 0.350909477734375 0.57776765625 0.00632812421875002 0.01499999305555559
0 0.3414172921875 0.5749551569444444 0.010546868750000016 0.02062498888888895
0 0.329288391015625 0.5768301590277777 0.009492183593749991 0.020624993055555527
0 0.311358708984375 0.5749551590277778 0.02214843046874999 0.03187498749999994
3 0.317460826953125 0.5708033694444444 0.008437496093750019 0.026249986111111116
3 0.66761695390625 0.5614283701388888 0.008437495312499977 0.0749999736111111
4 0.243105384765625 0.5027676743055556 0.02003905546875 0.022499995833333328
4 0.283710837890625 0.4889730409722222 0.008437496093750019 0.013124995833333328
5 0.32115223046874997 0.4662051965277778 0.0031640593750000166 0.020624993055555527
5 0.47619123906249994 0.4690176951388889 0.005273435937500004 0.02624999027777777
5 0.235722573828125 0.5224551770833332 0.011601558593750028 0.020624993055555527
1 0.38285142773437497 0.5567408736111111 0.027421864843749998 0.050624986111111055
0 0.071718723828125 0.6021872993055556 0.10968746171875002 0.11812495972222226
3 0.23361319960937496 0.5603123090277778 0.007382810156249997 0.031874987500000014