5 0.53813026640625 0.3632323763888889 0.03691405781250001 0.02499999722222223
5 0.12372602148437499 0.44526361597222225 0.009667966406250006 0.051562493055555575
5 0.27006389375 0.4929198604166667 0.007031248437500004 0.028124995833333263
5 0.6827103265625001 0.5147948590277778 0.006152342187500004 0.03437499583333326
5 0.7697220347656251 0.4421386166666667 0.009667967968750002 0.045312494444444455
5 0.6167923660156249 0.5210448569444444 0.007910155468750003 0.02812499722222223
5 0.396626378515625 0.5460448534722222 0.0070312492187500466 0.043749993055555575
5 0.55351112421875 0.5226073569444444 0.009667967187500005 0.03437499722222223
5 0.11142133593749999 0.44213861597222226 0.013183592187499982 0.04843749305555557
5 0.2630326453125 0.4921386097222222 0.005273435937500004 0.02343749444444438
5 0.6928177468750001 0.5171386090277779 0.008789060937500004 0.03281249583333327
5 0.7877396109375 0.5187011069444444 0.0052734375 0.02343749722222223
4 0.8123489824218751 0.5022948597222222 0.010546874218749914 0.04374999444444438
5 0.85805210078125 0.48120111250000003 0.012304685937500004 0.04218749722222223
4 0.49726113125 0.42104486944444447 0.050097650000000014 0.03124999722222223
4 0.49154824140625 0.4444823680555556 0.022851560937500005 0.009375
4 0.49242714765624995 0.4718261138888889 0.049218743750000016 0.03906249722222223
4 0.746431021875 0.5085448583333333 0.04394530625000002 0.009375
5 0.764448597265625 0.5312011055555556 0.004394530468750002 0.01718749722222223
5 0.78861851640625 0.5194823569444444 0.010546873437500003 0.02812499722222223
4 0.730171258203125 0.5413573527777777 0.013183591406250006 0.00937499722222223
0 0.36672358710937497 0.6265624222222222 0.019335935156250005 0.02968749722222215
0 0.45637201328125 0.5999999256944445 0.02812499687500001 0.023437495833333342
0 0.5038329453125 0.6062499243055556 0.019335935937500003 0.020312498611111115
0 0.4849364628906249 0.6242186722222223 0.025488278906250005 0.03437499722222215
0 0.46955560546874997 0.6382811708333334 0.022851560937500005 0.04374999444444438
0 0.433520453125 0.607031175 0.04218749374999993 0.015625
0 0.44670404570312494 0.6546874173611111 0.03515624609375001 0.07968748749999996
0 0.41066889453124994 0.6664061666666667 0.08261717812499998 0.10624998611111115
0 0.293334925 0.6648436673611111 0.17138669687499997 0.20937497361111101
0 0.5227294265625 0.6156249236111111 0.025488278125000007 0.03593749722222223
0 0.60183097890625 0.6359374208333334 0.039550776562500015 0.057812494444444376
0 0.5490966105468751 0.6015624256944445 0.010546872656250006 0.020312495833333343
0 0.561401296875 0.605468675 0.014062498437500005 0.021875
0 0.577661060546875 0.6015624256944445 0.016699216406250005 0.020312495833333343
0 0.6268798046875 0.6281249215277778 0.020214842187500005 0.05156249305555549
0 0.6216063675781249 0.5921874263888889 0.011425780468750002 0.01093749722222223
0 0.647973551171875 0.5585936805555556 0.009667967968750002 0.018749997222222228
0 0.657641519140625 0.5687499284722223 0.007910155468750003 0.010937498611111115
0 0.7723387707031251 0.6265624229166666 0.02812499609375001 0.045312495833333265
0 0.808813375390625 0.6281249222222223 0.0325195273437501 0.04218749722222215
0 0.78991689375 0.6218749222222223 0.014062498437500005 0.02656249722222215
0 0.665551674609375 0.65859366875 0.06416014765625003 0.13124998194444448
1 0.579438855859375 0.5921385986111111 0.022851560156250006 0.03593749722222223
4 0.84398960390625 0.5991698479166666 0.015820310937500005 0.028124998611111115
0 0.127241646484375 0.6999510840277777 0.25400387421875 0.4984374374999999
0 0.7139114953125001 0.7093260840277777 0.14589842031249994 0.18593747916666672
3 0.9898880226562501 0.6702635909722222 0.017578123437500003 0.20468747361111117
4 0.86709157890625 0.5216305097222222 0.02242057968750011 0.017329916666666712
5 0.26319811835937496 0.4921696506944444 0.0038992320312499994 0.031193851388888857
5 0.62290221328125 0.5190310215277778 0.005848846875000024 0.02946085972222221