4 0.45396168867187503 0.3910309416666667 0.013191558593749963 0.011216011111111139
4 0.4482262289062501 0.4053058680555556 0.0166328359375 0.013255286111111136
4 0.26641213515624995 0.4700528423611111 0.006309006250000015 0.01223565138888887
5 0.190007609375 0.4639350340277778 0.004588368750000016 0.012235648611111098
5 0.25510508437499996 0.4644448527777778 0.004014823437500014 0.011216011111111139
0 0.273517730859375 0.504908157638889 0.03326566953125001 0.049962234722222276
0 0.11260620234375 0.5113481555555555 0.012618012500000008 0.027530208333333344
0 0.10256914609375001 0.5149168868055556 0.017779926562500013 0.036706945833333296
0 0.08421567421875001 0.5144070694444445 0.025809571875000003 0.04588368333333332
0 0.075038936328125 0.5189954354166667 0.022368296093750007 0.04078549583333329
0 0.054678052734375 0.5215445305555556 0.025236025781249997 0.052001508333333314
0 0.149026376171875 0.5021714208333333 0.023515388281249994 0.023451661111111043
0 0.294025239453125 0.5001520604166667 0.01261801328125003 0.02141238472222224
0 0.307790344921875 0.49811278611111115 0.006882552343750037 0.025490933333333347
0 0.31381257734375 0.49658332708333336 0.01089737500000001 0.028549845833333382
0 0.328438002734375 0.4986226034722222 0.024088933593750018 0.034667670833333296
0 0.35109306953125 0.5052502479166667 0.021221203124999997 0.03160875972222223
0 0.366578813671875 0.5047404263888888 0.01892701953125 0.03466767222222218
0 0.386939696875 0.5077893805555556 0.0412953140625 0.040765580555555576
0 0.5331939375 0.5159564388888889 0.07513453124999998 0.08361026944444443
0 0.611769744140625 0.5103484333333334 0.12904785859374995 0.12337612500000006
0 0.023450415234375 0.5236236347222222 0.04690083046875 0.0703549805555556
3 0.484094362109375 0.5077794236111111 0.017779927343750047 0.06525679166666667
3 0.46574088945312503 0.5098187006944445 0.013191558593750052 0.05913896805555557
4 0.11192033789062501 0.4547582805555556 0.006882552343750015 0.008157100000000068
4 0.114214521875 0.4680135666666667 0.009176735937500013 0.006117824999999992
5 0.160384979296875 0.4751510263888889 0.005161914843749993 0.01631419722222221
0 0.18761042226562502 0.5053238784722223 0.011911772656249986 0.018529423611111106
0 0.172720705859375 0.5053238784722223 0.011911772656250008 0.018529423611111106