5 0.6231505671875001 0.30194077430555555 0.00631642500000007 0.02495378472222222
5 0.551915315234375 0.34249067152777773 0.005614602343749997 0.0187153375
4 0.7965590136718751 0.2864337791666667 0.023160230468749977 0.042421430555555556
4 0.75690589375 0.31325909722222217 0.04070585937500004 0.09856744722222222
4 0.709181784765625 0.3413321006944445 0.03649490703125 0.05489832361111115
4 0.4240402429687499 0.4067466604166667 0.024463612500000044 0.041351987499999944
4 0.256253898046875 0.30434702569444444 0.0077200757812499795 0.026201473611111106
4 0.18922959609375 0.28563168888888885 0.056146012499999995 0.09357668611111111
4 0.1551910734375 0.07913913472222221 0.0863244921875 0.15720883333333333
0 0.54145810234375 0.38977810277777775 0.01193102656249998 0.022458402777777782
0 0.531632550390625 0.38977810416666664 0.010527377343749932 0.027449161111111113
0 0.6092544390625 0.3960165527777778 0.018949278124999934 0.022458402777777782
0 0.67487508984375 0.3991357729166667 0.037898557812499956 0.021210715277777816
0 0.475907637109375 0.40163115069444444 0.027371180468750023 0.03867836527777773
0 0.37709066562500004 0.40537421597222223 0.08351719218750002 0.09607206527777773
0 0.429727552734375 0.40599806041666664 0.03298578203124993 0.08983362083333332
0 0.0891317921875 0.4360283673611111 0.1754562875 0.24704245138888886
0 0.28304609531249997 0.3603326305555556 0.02877483125000002 0.0249537805555556
0 0.308662714453125 0.3653233902777778 0.022458407031249995 0.02495378333333337
0 0.32901564453125 0.3646995451388889 0.016843803125 0.026201473611111147
0 0.22339094765625003 0.3447365173611111 0.04561863750000002 0.03618298472222226
0 0.6332568242187501 0.41859971180555555 0.04561863593750006 0.06612752361111107
0 0.582935995703125 0.3976385298611111 0.01684380390625 0.02370609305555552
0 0.518718992578125 0.3951431520833334 0.024563878906250024 0.036182987500000034
3 0.45320358945312494 0.4030035986111111 0.021054753906250046 0.10106281944444445
4 0.0704101484375 0.3901289805555555 0.05045677500000001 0.14127896944444443
0 0.009231308984375 0.38788645694444446 0.01639845078125 0.10988364444444447