5 0.227157797265625 0.35262920347222226 0.0065463335937500314 0.0256034402777778
5 0.27612437890625 0.39219815625000004 0.003927799999999993 0.0256034402777778
5 0.347479423046875 0.3654309229166666 0.005237067968749986 0.023275856944444465
5 0.2615915203125 0.020948270138888888 0.015711203125000007 0.041896540277777776
5 0.012438034765625 0.3503016180555556 0.006546333593749999 0.030258611111111163
4 0.628317150390625 0.17922408541666665 0.02225753671874999 0.0418965402777778
4 0.40456345507812497 0.034913784027777776 0.11521548203124996 0.06517239583333333
5 0.68487749375 0.34331886180555554 0.01963900312500009 0.03956895138888884
5 0.6465159921874999 0.3479740326388889 0.031422404687500016 0.05818963472222226
5 0.16824078945312498 0.3921981555555556 0.01440193515624999 0.020948269444444476
3 0.608547253515625 0.4794826138888889 0.00785560234374998 0.04655171111111116
3 0.62229455546875 0.47599123402777777 0.019639004687499996 0.0954310041666667
3 0.66811889453125 0.52254294375 0.03535020468750005 0.1745689125
3 0.771550975390625 0.5318532868055555 0.037968738281249956 0.21646545138888887
3 0.803628012109375 0.54698259375 0.03404093828124992 0.20017235416666668
3 0.831777250390625 0.5632756930555556 0.056298474218749915 0.2094826972222222
0 0.29982210625 0.4352584888888889 0.015711203125000007 0.02327585555555558
0 0.3188064765625 0.4282757333333333 0.019639003125 0.032586197222222224
0 0.343682546484375 0.43060332013888886 0.027494605468749978 0.041896540277777755
0 0.36855861679687496 0.48530157847222216 0.03535020390625001 0.10939651805555563
0 0.271018237109375 0.4503877923611111 0.036659472656250004 0.05818963472222226
0 0.196651881640625 0.43991365972222224 0.04189653828124999 0.032586197222222224
0 0.174132490625 0.43293090347222224 0.028803871874999998 0.027931026388888905
0 0.235275258203125 0.4503877951388888 0.03273166953124997 0.044224126388888944
0 0.31186736875000004 0.510905017361111 0.09164867812500002 0.14198271527777778
0 0.43572400976562503 0.49461191875000005 0.10212281171875 0.1745689125
3 0.953582678125 0.5318532861111112 0.028803870312500025 0.17922408055555555
3 0.9038305382812499 0.5434912125 0.028803870312500025 0.21181028055555554