0 0.25275612812500003 0.4334914493055556 0.012053576562500012 0.03520409583333341
0 0.23898060898437498 0.4342567555555555 0.013775516406249988 0.042857161111111076
0 0.22563557812499999 0.4357873701388889 0.012914545312500003 0.055102065277777806
0 0.2054027890625 0.4319608361111111 0.02238521406249998 0.06887758333333333
0 0.17182496640625 0.4334914520833334 0.06715564375000001 0.0964286152777778
0 0.389650320703125 0.44420574027777776 0.030994913281250015 0.04744899999999998
0 0.428393960546875 0.44114451458333337 0.05510206640625004 0.08112248472222221
0 0.1319328578125 0.44709204583333334 0.08351406874999999 0.08724493611111117
0 0.701119974609375 0.47311245902777777 0.10331637265625 0.09030616250000002
0 0.8172038027343749 0.47919345138888886 0.13000643671875006 0.09948983888888886
0 0.853795018359375 0.6330200506944444 0.28412002578125 0.3887756847222223
2 0.32080689414062497 0.3483260451388889 0.13096307265624998 0.3397960708333333
3 0.52394792734375 0.44092812708333334 0.012053578124999919 0.0780612541666667
5 0.7658804347656251 0.2901627555555556 0.020663275781250066 0.06122451666666665
5 0.789126619140625 0.2970505131944445 0.02582909296874991 0.05663267916666667
5 0.019419638281250002 0.3177137875 0.0189413328125 0.033673486111111116
4 0.039221944531250004 0.22051986597222217 0.03616073125 0.01989796805555556
4 0.037930491015625 0.26873417222222223 0.023246183593750004 0.018367349999999998
4 0.7443561890625 0.15929534930555556 0.04132654687499997 0.05357145416666668
4 0.75296588671875 0.22587701111111108 0.048214307812500044 0.030612258333333347
5 0.40212070390625004 0.058274895833333326 0.016358425 0.09642861388888889
5 0.4146047656249999 0.06516265208333334 0.010331637499999945 0.07346942083333333
5 0.20625008125000002 0.11873410694444445 0.01205357812500001 0.06734696944444446
5 0.21916462812499998 0.12256063541666666 0.012053576562499968 0.06581635416666667
4 0.49405315156250007 0.28775522847222224 0.02324618281249995 0.018367351388888883
5 0.507398181640625 0.35994914930555555 0.013775516406250077 0.02602042083333333
3 0.02388115234375 0.43239815277777777 0.020663273437499997 0.0903061638888889
4 0.9417677578125 0.22782567430555553 0.06079766562499991 0.18437984861111112