4 0.10494136914062499 0.5499105194444444 0.04746091953125 0.1349999527777777
5 0.13341792148437498 0.6539729868055556 0.007382810156249997 0.020624993055555527
5 0.23519523007812498 0.6483479888888889 0.01054687109375001 0.016874994444444506
5 0.27949208984374996 0.6108480020833333 0.008437496875000016 0.020624993055555603
5 0.3074412984375 0.5995980055555555 0.0052734375 0.024374991666666703
5 0.19669915 0.6099105020833333 0.005273435937500004 0.018749993055555574
5 0.20724602148437504 0.5967855069444444 0.007382810156249997 0.029999988888888947
4 0.1861522796875 0.6370979923611111 0.013710932812499998 0.020624993055555603
4 0.18509759140624998 0.6558479868055554 0.013710932812499998 0.020624993055555527
0 0.188261652734375 0.6811604777777778 0.024257803906250007 0.029999988888888947
0 0.248378819140625 0.6689729798611111 0.011601558593750028 0.020624993055555527
4 0.23624991757812502 0.6720533333333333 0.01054687109375001 0.029999988888888947
0 0.26261709570312497 0.6689729798611111 0.01265624609375 0.020624993055555527
0 0.30902332929687504 0.6642854826388889 0.01054687109375001 0.018749995833333345
0 0.281074120703125 0.7252229618055556 0.07910153515624999 0.11062495972222214
0 0.368613152734375 0.6715176194444444 0.02003905546875 0.014999991666666625
0 0.39919907890624995 0.7824104423611111 0.15925775625 0.2174999236111111
4 0.38707017773437496 0.6483479888888889 0.010546871093749965 0.016874994444444506
5 0.372304556640625 0.6411158444444445 0.006328122656249979 0.016874994444444427