5 0.831406284765625 0.14226552152777777 0.022412094531250128 0.0914061875
5 0.085215391015625 0.018984358333333333 0.02768552890625 0.037968716666666666
4 0.69231946640625 0.4199997034722222 0.031640603124999965 0.02343748194444449
4 0.6857276734375001 0.39656222013888887 0.026367170312499955 0.023437484722222183
4 0.7087989472656251 0.3766403597222222 0.022412094531250037 0.025781233333333375
4 0.6745216261718749 0.36492161875 0.025048810156249955 0.02578123194444445
4 0.07005426914062499 0.24890607222222222 0.13974599765625 0.14999989722222223
0 0.068769693359375 0.5501971736111112 0.03420975546874999 0.05366734444444437
0 0.10630912734375 0.5535933618055555 0.06723628281249999 0.07499994861111109
0 0.170249512890625 0.5348433736111111 0.03955075390624998 0.023437483333333297
0 0.19134324882812498 0.5840620909722222 0.055371055468749986 0.07968744583333331
0 0.22166549296875 0.5500777402777778 0.015820301562500028 0.04453121944444444
0 0.28758341640624996 0.5524214881944445 0.02109373593749999 0.03046872916666672
0 0.6409034859375 0.5910933354166666 0.11337882812500003 0.11718742083333338
2 0.38843783867187504 0.5313277527777778 0.10678703671874996 0.13359365833333334
0 0.24605512499999999 0.5547652368055556 0.040869112499999985 0.06796870416666663
0 0.31131386875 0.5489058666666666 0.03427732031250001 0.04687496944444444
0 0.131357937890625 0.6051558270833334 0.10151360234375 0.13124990972222222
0 0.524887940625 0.6309370597222222 0.23203109062499996 0.20156236111111106
0 0.9065527171875001 0.6157026951388889 0.18588854375000013 0.2320310902777778
0 0.02144577265625 0.5880251569444445 0.0428915453125 0.10636356388888892
0 0.926067453515625 0.6247435166666667 0.1442715617187499 0.24435183333333324
4 0.876839657421875 0.3743262131944445 0.028269427343749952 0.04852376805555557