5 0.6771527140625 0.18564262083333333 0.02324615781250001 0.029735347222222232
5 0.31382346992187504 0.12518340902777778 0.007748753906249961 0.028204737500000004
5 0.5023758628906251 0.11064258541666666 0.009470667968750046 0.035857798611111096
4 0.665529634765625 0.08954085625 0.025829091406250004 0.016836743055555548
6 0.58201556640625 0.29770421736111113 0.012053576562500012 0.047449004166666635
4 0.6663906042968749 0.15765313194444444 0.013775516406249988 0.018367355555555537
0 0.4304848874999999 0.22270418125000002 0.006887759374999991 0.022959193055555556
0 0.4378031296874999 0.22576540625000002 0.006026787500000008 0.016836743055555558
0 0.443399433984375 0.22576540763888886 0.00860969765624997 0.01989796805555556
0 0.45157864609375 0.2311225527777778 0.01808036406249993 0.027551036111111118
0 0.46406270898437507 0.2311225527777778 0.008609697656250059 0.027551036111111118
0 0.47095046757812503 0.2341837798611111 0.008609697656250059 0.027551031944444464
0 0.479990648046875 0.23494908402777778 0.0077487289062499794 0.03214287083333333
0 0.49721004375 0.23877561875000003 0.028412003124999963 0.03673470972222223
0 0.3934631875 0.29387768402777775 0.13086740468749997 0.22040826249999995
0 0.158848924609375 0.23571439166666666 0.09212376640625002 0.048979613888888884
0 0.054241095703125006 0.2418368423611111 0.029272974218750004 0.06428574305555554
0 0.269483539453125 0.22423479583333333 0.01549745546875001 0.032142872222222216
0 0.6297993906249999 0.2885205388888889 0.06973855156250001 0.0872449361111111
0 0.7313938234374999 0.28852053749999995 0.15755746875000004 0.1729592611111111
0 0.876897715234375 0.3198981027777778 0.24193250703124997 0.22653071388888893