4 0.537010693359375 0.32566507083333335 0.011936971093749981 0.008162033333333341
4 0.56960780859375 0.3281136826388889 0.0128552 0.006529626388888864
4 0.49982243671875004 0.37790207708333334 0.020201029687499972 0.02122128472222218
4 0.53104220859375 0.3460701527777778 0.025710401562499995 0.035912938888888926
4 0.560884637109375 0.35015116736111107 0.032138000781250044 0.034280534722222256
4 0.55721172421875 0.40565298541666667 0.008264059374999988 0.008162031944444455
4 0.46355240742187503 0.38851271805555554 0.05050257265624998 0.029383313888888866
0 0.4471773203125 0.4312273576388888 0.020201028124999975 0.057134223611111104
0 0.515126237109375 0.4208887944444445 0.022037486718749923 0.037545344444444434
0 0.47839709374999995 0.43231563749999996 0.055093714062499986 0.09304716111111107
0 0.3296440625 0.4102781534722223 0.0128552 0.039177754166666606
0 0.298271253515625 0.4012999194444445 0.019282800781249998 0.014691655555555547
0 0.23674993828125 0.39477029236111116 0.01377342812500002 0.01142684583333333
0 0.220221822265625 0.39395408888888883 0.015609883593750018 0.013059252777777806
0 0.2046119375 0.39477029236111116 0.017446343750000003 0.014691659722222283
0 0.150436449609375 0.3882406680555555 0.01193697265625 0.011426849999999987
0 0.12380781992187502 0.38089483749999997 0.04132028515624999 0.02285368888888889
0 0.08570133554687501 0.38252724374999997 0.03856560078125 0.013059251388888922
0 0.028465086718749998 0.3966747493055556 0.056930173437499995 0.09794438194444442
0 0.38795157812500003 0.44564694027777774 0.12763377656250002 0.1697702638888889
0 0.5445095515625 0.4611548020833333 0.08080411562499998 0.11263604027777774