4 0.40996257187500007 0.4618421090277778 0.020982731250000032 0.028421054166666692
4 0.390478609765625 0.45917763472222217 0.019983553906249972 0.030197366666666645
4 0.371494233203125 0.4582894770833333 0.019983553906250017 0.028421051388888844
4 0.35450821445312497 0.4520723694444445 0.015986842968750015 0.030197366666666645
4 0.334524659765625 0.4520723694444445 0.019983553906250017 0.030197366666666645
0 0.39097819726562505 0.5133552659722223 0.026977796093750016 0.035526315277777734
0 0.372993001171875 0.5373355270833333 0.02497944140624999 0.07993420972222225
0 0.3420184921875 0.5462171076388889 0.06294819062500001 0.11901315694444448
0 0.244598671875 0.5550986888888889 0.159868421875 0.22203947500000001
0 0.102315784375 0.5932894784722222 0.20463156875 0.3268421069444445
0 0.569331406640625 0.49914473819444444 0.42165296171875 0.5861842125