4 0.2935253296875 0.4002367041666667 0.00959715000000001 0.02132699999999998
5 0.4050921984375 0.4062793520833334 0.00479857500000005 0.019194301388888925
4 0.318717846875 0.40947840069444447 0.00959715000000001 0.008530801388888894
4 0.4710726035156251 0.3646917013888889 0.011996436718750036 0.0383886
4 0.8027741031250001 0.21966810069444442 0.05398396874999998 0.11090040138888888
0 0.306721409375 0.4382698520833333 0.014395725000000015 0.03625590138888894
0 0.275530672265625 0.45213240208333333 0.043187177343749994 0.04265400138888885
0 0.348708940234375 0.47879115277777784 0.09357221328124998 0.12582930000000003
0 0.408691129296875 0.455331451388889 0.03119073671875001 0.07464449999999997
0 0.44048168828125 0.46599495069444447 0.07077898124999997 0.09597149861111108
0 0.4566768785156251 0.48945465069444444 0.05998218671875 0.11729849861111113
0 0.49626512343750007 0.5065162506944445 0.08397506249999998 0.15568710138888892
0 0.66121613828125 0.5150470520833333 0.30830844374999994 0.3945495013888889
3 0.14177039296875 0.49052100277777777 0.0803761328125 0.298578
2 0.1119729953125 0.38601870069444444 0.223945990625 0.3710898013888889
4 0.015807799609375 0.0938388 0.020393946093750004 0.042654000000000004
4 0.988290942578125 0.13148428541666668 0.022412094531249947 0.17109363194444444