5 0.17877270078125002 0.30908612222222226 0.010135390624999996 0.03049279999999999
5 0.2181447984375 0.35829041736111106 0.00779645468750001 0.023562620833333308
5 0.20800940742187501 0.3575973972222222 0.009355746093749983 0.022176580555555523
4 0.15187493203125 0.31532328680555555 0.021830073437500007 0.0180184736111111
4 0.135892199609375 0.3097791409722222 0.010135391406249994 0.02079054583333332
4 0.16395943710937502 0.2910676486111111 0.011694682031249992 0.022176580555555565
4 0.32082411914062503 0.2739732076388889 0.011694682031250014 0.01940450972222223
4 0.31614624609374997 0.36614462986111107 0.014813264062500008 0.031878837499999965
0 0.276426091015625 0.48026163263888894 0.13643796015624998 0.1898869902777778
3 0.715909470703125 0.5315449694444444 0.08342206640624994 0.35205325277777777
0 0.88382563046875 0.5138235027777778 0.23077506562499997 0.4074947083333334