0 0.332746250390625 0.46231173541666665 0.02149176484375004 0.03820758194444444
0 0.35352162265625 0.45594380624999997 0.020058979687499968 0.03566040972222216
0 0.369282248828125 0.46358532430555555 0.02865568515625001 0.0458490986111111
0 0.39937071875 0.46358532430555555 0.03152125468749998 0.0458490986111111
0 0.74037338515625 0.5896703416666667 0.2779601546874999 0.24707569166666674
0 0.911591109375 0.6788213638888888 0.1733668999999999 0.36933995277777776
0 0.12355974101562502 0.5527363458333333 0.22208156796875 0.22924548888888882
4 0.2295857796875 0.39099091597222224 0.02722290000000003 0.04839627083333337
4 0.25107754531250004 0.36169843958333336 0.01576062812500001 0.056037784722222185
5 0.27973322968750003 0.37316071388888883 0.007163921875000012 0.03311323611111108
5 0.415847741015625 0.35787767916666663 0.012895058593749998 0.02801889444444446
5 0.38432648398437497 0.4190098104166667 0.010029489843749984 0.022924551388888877
0 0.4253525589843751 0.4003275256944444 0.07475712578125 0.1422279819444444
0 0.50797885625 0.4411306354166667 0.12984132343749993 0.19585492638888888
0 0.604376202734375 0.5110788229166666 0.16262953671874997 0.17720207638888885