5 0.24411816718749998 0.21656504305555555 0.01614197968750002 0.06238445833333333
5 0.337811825 0.2826925673611111 0.014036503124999999 0.06487983472222222
5 0.218852461328125 0.22217964305555554 0.020352928906249977 0.08609055277777777
5 0.27675303632812503 0.3993515020833333 0.01263285234375 0.05365063194444441
5 0.5164263253906249 0.21906042152777777 0.013334680468750016 0.062384456944444444
5 0.7427649359374999 0.3132609520833333 0.015440153124999956 0.06363214583333333
5 0.759959651953125 0.43802986805555555 0.017545628906250065 0.02620147222222218
3 0.1865685046875 0.5334780881944444 0.014738328125 0.07985210416666667
3 0.1630573625 0.5459549791666667 0.023862056249999996 0.11478740277777777
0 0.082347469140625 0.5347257770833332 0.14878693046875 0.11229202638888888
3 0.29464957734374997 0.5334780875 0.013334678125000022 0.08733823888888889
3 0.36202479179687497 0.5253681104166666 0.013334677343750023 0.06363214861111115
3 0.72954726484375 0.5533111506944445 0.030178482812500018 0.13225505138888896
3 0.760778483203125 0.5389627243055556 0.023862053906249958 0.09856744305555559
3 0.42890288437499996 0.5111960708333333 0.006316428124999973 0.03243991666666667
3 0.42223554414062503 0.513067604861111 0.005614600781250001 0.031192229166666703
3 0.4176736816406249 0.51431529375 0.0049127757812500224 0.026201470833333296
3 0.412760905078125 0.5155629826388889 0.00491277734374993 0.031192229166666703
3 0.44434303750000004 0.5130676034722221 0.006316424999999981 0.026201470833333376
4 0.463643228515625 0.37733684375 0.015440152343749958 0.04741218750000004
4 0.6165909921875 0.24944870416666667 0.061058787499999934 0.026201472222222223
4 0.5993962769531249 0.42474902847222223 0.01122920234375 0.01497226805555556
4 0.5562340308593751 0.4521981909722222 0.01193103046874997 0.0074861319444444515
4 0.7394103937500001 0.3505115277777777 0.03017848125000002 0.013724583333333326
4 0.2892396796875 0.38357528750000003 0.013334679687500017 0.012476891666666667
4 0.287836028515625 0.30933778194444445 0.01754562890624998 0.021210716666666664
4 0.287485115625 0.33366771944444445 0.016843803125 0.02495378055555556
5 0.47136330546874994 0.4743892409722222 0.005614601562499999 0.011229201388888851
5 0.5940824546875 0.46191234999999997 0.005614601562499999 0.013724580555555595
0 0.559191722265625 0.5219796736111112 0.032283957031250046 0.05365063055555552
0 0.57733891875 0.5169889194444445 0.0070182515625000445 0.028696852777777733
3 0.657296852734375 0.5232273652777778 0.011931028906249974 0.046164499999999956
3 0.641856698828125 0.5201081416666666 0.01052737890624993 0.044916808333333336
3 0.627118370703125 0.5176127652777778 0.010527377343750022 0.03743067777777777
3 0.6183455562500001 0.5176127631944445 0.0084219015625 0.029944540277777775
3 0.6113273046875001 0.5151173833333333 0.005614601562499999 0.02495378055555556
3 0.617994643359375 0.5194842965277778 0.0049127757812500224 0.028696848611111075
3 0.6071163546875 0.5095027833333333 0.005614601562499999 0.02620147222222226
3 0.49096429179687495 0.5163650743055556 0.004912777343750019 0.024953781944444448
5 0.534176671875 0.21700878611111113 0.011931028124999975 0.05864138888888889
3 0.9596331050781248 0.6215274541666667 0.04210950859375 0.28197774999999997
3 0.9824424226562499 0.5870377555555556 0.031582132812499886 0.18840106111111107
4 0.015453860937500003 0.10171103541666666 0.02947665625 0.033687606944444434
4 0.013348385546875003 0.1403893986111111 0.02526570546875 0.03618298611111111
5 0.26301667734375 0.44983664791666667 0.006863701562500024 0.01663927083333334
5 0.27393619921875 0.4515005729166667 0.007487671875000013 0.02218569583333334
3 0.3903071046875 0.5147298041666667 0.011855481250000022 0.051027099999999985
3 0.38905916054687506 0.5230494423611111 0.008111647656249988 0.05657352638888887
3 0.46080385117187495 0.5119002638888889 0.006863699218749986 0.02662283611111107
3 0.42835727187499995 0.5085724076388889 0.006863699999999984 0.031059970833333336
3 0.436780903125 0.5096816930555556 0.006239726562500003 0.03327854166666668
3 0.4539401515625 0.5119002625 0.005615754687500018 0.02884140277777776
3 0.45113227382812504 0.5102363354166667 0.0049917804687499515 0.032169256944444495
6 0.49863218164062495 0.5326944104166667 0.021839044531250008 0.023294984722222266