4 0.127472037890625 0.3028489569444444 0.01793184765625 0.0291067638888889
4 0.32901039765625 0.09563651180555556 0.20582640937500002 0.1607802263888889
4 0.515345669921875 0.3153232847222222 0.015592911718750014 0.03465090833333334
0 0.376706828125 0.3444300527777778 0.017931846875 0.018018472222222255
0 0.41997715390624996 0.36937870833333336 0.02338936406249994 0.03742298333333329
0 0.368910371484375 0.3707647430555555 0.02416901015625004 0.04573920555555553
0 0.38879133242187497 0.4047226340277778 0.06393093203125004 0.09979461805555559
2 0.460908543359375 0.3492811791666666 0.03196546328125001 0.049897311111111065
4 0.097203921484375 0.22037979166666666 0.056134474218749994 0.06375767500000001
0 0.05393359765625 0.32294648819444444 0.0179318453125 0.01940450972222223
0 0.09252604843750001 0.32225347083333333 0.017152200000000006 0.023562619444444464
0 0.118254350390625 0.32156045347222223 0.01871149296875001 0.02217658472222222
2 0.32586666640625 0.3255396368055556 0.03784258281249997 0.024667756944444442
2 0.186479824609375 0.3255396375 0.01387561328125 0.020182708333333348