4 0.6270281285156251 0.5731959708333333 0.022036086718749993 0.049484544444444445
4 0.054669787109375 0.4288660506944445 0.03247423203125 0.041237118055555536
4 0.060468757421875 0.3608248027777778 0.05103093671875001 0.03298969722222221
5 0.029154318749999998 0.4969072986111111 0.02551546875 0.0412371194444445
5 0.281989412109375 0.07319589027777779 0.04639176015625002 0.08865980833333334
5 0.241976518359375 0.038144336805555554 0.03131443828125002 0.0639175375
5 0.38521107734375 0.56391761875 0.016237115624999986 0.03092784027777782
5 0.45479871796874993 0.5649485486111112 0.013917526562500004 0.02886598611111116
5 0.390430151171875 0.5907217479166667 0.010438146093750022 0.01855670416666663
0 0.32764180703125 0.6438145388888888 0.04059278906250001 0.0752577444444444
0 0.34735830546875 0.6329897965277778 0.02667526250000001 0.05154640416666664
0 0.372873772265625 0.6185568034722222 0.01739691015624998 0.03092784027777774
0 0.400708828515625 0.6309279381944445 0.03131443828124998 0.05154640138888888
0 0.44826038359375 0.6288660840277778 0.028994851562500035 0.05154640138888888
0 0.426804194921875 0.6257732986111111 0.016237116406250075 0.053608258333333304
0 0.492332555078125 0.6278351541666667 0.047551555468750006 0.05773196944444439
4 0.6831186703125 0.5494846250000001 0.019716498437500007 0.024742272222222222
0 0.2597938578125 0.6377026069444445 0.06726805000000002 0.07422681666666667
5 0.906958912890625 0.021649489583333334 0.03943299765624993 0.035051551388888894