0 0.06892674960937499 0.7460080833333333 0.13513291171875 0.3125197722222222
0 0.27999718281249997 0.6271655291666666 0.2678740921875 0.28062999999999994
3 0.42828462578124993 0.5229922708333333 0.023917329687499933 0.13181106111111107
3 0.43785155703124995 0.529370225 0.00956693124999992 0.09779530277777779
3 0.45459368749999995 0.5272442409722221 0.03348426250000003 0.1062992402777778
4 0.38284169921875 0.3933071958333334 0.03348426250000003 0.05952757499999998
4 0.3804499671875 0.35397647708333335 0.0430511921875 0.019133862500000022
0 0.5640154703125 0.599527725 0.19731796875000002 0.3529134833333333
0 0.64174679140625 0.5272442416666667 0.025113195312500024 0.080787425
4 0.6483240554687499 0.4613387111111111 0.009566931250000011 0.025511819444444386
4 0.73920990859375 0.4613387111111111 0.009566931250000011 0.021259849999999938
4 0.732632643359375 0.44220484583333336 0.02032972890625002 0.008503938888888897
4 0.7876425003906251 0.3933071972222223 0.025113196093750022 0.03826772777777773
4 0.79182803359375 0.34653552847222224 0.03348426249999994 0.046771665277777826
4 0.787044567578125 0.28169299166666667 0.03826772734375004 0.023385833333333314
4 0.715890512109375 0.3146457555555555 0.02032973046874993 0.025511819444444424
2 0.699148381640625 0.5017324236111111 0.05620572421874996 0.11055121111111106
3 0.735622308984375 0.5176773097222223 0.011958664843750012 0.08291340833333333
3 0.7505706402343749 0.5229922701388888 0.01315453203125001 0.06803151249999999
3 0.7451892410156249 0.5240552638888889 0.007175199218750006 0.07015749999999998
3 0.7571479046875 0.5176773090277778 0.011958662500000017 0.0616535597222222
4 0.74040577421875 0.4581497347222222 0.011958662500000017 0.023385833333333276
4 0.50482008046875 0.4028741270833333 0.019133864062500016 0.01488189305555557
0 0.4832944828125 0.5240552638888889 0.021525595312500024 0.03188977500000002
3 0.79338640390625 0.5158023500000001 0.03152125468750002 0.1400944666666666
3 0.771178247265625 0.5119815916666667 0.02435733359375005 0.12226426111111116