5 0.293453333984375 0.3452541763888889 0.010296608593750011 0.01830508055555554
5 0.547579348828125 0.2834745256944444 0.009438557031249939 0.016779659722222225
5 0.751795424609375 0.2506779236111111 0.014586861718750033 0.0396610111111111
4 0.655407723046875 0.3335592659722222 0.012870760156249971 0.012203387500000003
4 0.6463981917968751 0.3663558722222222 0.018877114843750053 0.013728811111111048
5 0.632383355078125 0.38771180069444444 0.012012710156249985 0.019830506944444437
4 0.13921872265625 0.26008469513888893 0.027457621875000005 0.024406773611111078
4 0.14822825625 0.2928812993055555 0.035180078125000014 0.022881351388888877
4 0.14779923046875001 0.31042366875 0.020593217187500002 0.018305081944444464
4 0.141063533203125 0.36305077777777783 0.018877114843749987 0.0793220166666667
5 0.303320916796875 0.38783891180555563 0.007722457031250007 0.016779659722222187
5 0.5105401574218751 0.38326264027777773 0.005148303906250007 0.012203386111111077
5 0.585190566796875 0.38021179166666663 0.013728810156250049 0.015254233333333329
3 0.585104756640625 0.4538134729166667 0.012870760156249971 0.06254236249999995
3 0.6065560234375 0.45533889375 0.0163029640625 0.06559320416666665
3 0.6691937492187501 0.4774575354166667 0.02316736562499999 0.10983048749999998
0 0.784830376171875 0.4502541611111111 0.030889824218749952 0.04728813055555558
5 0.4543378382812501 0.38135586041666664 0.007722456250000054 0.012203387500000041
0 0.49423719414062506 0.4103389048611111 0.01716101328124999 0.021355929166666638
0 0.43846389960937504 0.4255931409722222 0.012012710156249985 0.03966100972222222
0 0.470640801171875 0.4118643277777778 0.014586861718749945 0.015254233333333329
0 0.471069825 0.4301694090277778 0.025741520312499943 0.02440677361111112
0 0.4950952453125 0.4370338138888889 0.020593217187500023 0.04118643333333338
0 0.5161174867187499 0.4469490673611111 0.030031771875000057 0.04881355138888889
0 0.43932195000000007 0.44720331180555556 0.01716101406249999 0.0350847375
0 0.41787068359375007 0.4395761923611111 0.030889824999999947 0.050338973611111094
0 0.46720859726562497 0.5112710958333333 0.09352752421875002 0.13881353333333332
5 0.1513601421875 0.38669484166666673 0.01716101406249999 0.03508473888888888
5 0.171524332421875 0.38669484027777784 0.018019063281250004 0.03203389166666671