0 0.145246369140625 0.5268294840277777 0.29049273828125 0.22875490694444445
0 0.36262851796874995 0.48350469166666665 0.09748078437499999 0.15596925555555557
0 0.7924827984375 0.4873049076388889 0.3586573265624999 0.23288935416666667
0 0.310476298046875 0.4765727229166667 0.030219042968749978 0.05892171805555554
0 0.29341716171875004 0.46530827708333333 0.013647309374999982 0.04679077638888892
0 0.2685595609375 0.4809052027777778 0.034118274999999976 0.043324794444444516
0 0.27099658046875 0.4514443444444445 0.017546542187500024 0.012130941666666612
0 0.276358023828125 0.44104639375 0.014622116406250019 0.025994873611111143
4 0.649222025390625 0.23308738611111113 0.015596925781250003 0.025994877777777762
4 0.6848025113281251 0.21142499097222225 0.032168660156249994 0.0311938513888889
5 0.68918914765625 0.30587303819444445 0.027294620312500052 0.05025675972222222
5 0.65257351171875 0.3110720152777778 0.012793182812499993 0.043324794444444474