5 0.3917337359375 0.4797652875 0.007910151562499967 0.021093733333333295
3 0.24407758671875 0.5629683548611111 0.007910151562500013 0.04218747083333333
0 0.301426180859375 0.5582808583333333 0.014501944531250022 0.032812477777777835
0 0.29813028515625 0.5676558527777777 0.013183584375000024 0.037499974999999984
0 0.32713417109375 0.5571089854166666 0.026367168750000003 0.02109373472222226
0 0.318564840625 0.5840620895833333 0.01186522656250002 0.046874968055555556
0 0.39568881171875 0.5735152229166667 0.03427732031250001 0.06328120694444447
0 0.3620706703125 0.5852339659722222 0.04350582968750003 0.07734369583333331
2 0.456992480078125 0.5547652368055556 0.04350582890624999 0.07734369583333331
4 0.45567412109375 0.5058064472222222 0.014501942187500028 0.0263010861111111
0 0.347568726953125 0.5910933375 0.06459956484375003 0.1265624111111111
0 0.274399831640625 0.5782027208333334 0.036914036718749973 0.0632812055555556
0 0.8804416917968749 0.8489056590277777 0.2381105976562501 0.2999997930555555