4 0.42188720976562505 0.3462082909722222 0.011996436718750036 0.025592401388888873
4 0.489067260546875 0.3643362402777778 0.014395725781250058 0.014928899999999995
4 0.485468329296875 0.3749997402777778 0.02159358828125004 0.01919430000000004
4 0.54485069609375 0.3664689409722222 0.020393943749999987 0.010663501388888916
4 0.53525354609375 0.37606609027777776 0.027591806249999972 0.02132700000000006
0 0.39489522578125 0.42405184027777776 0.017994656250000008 0.023459700000000003
0 0.363104666015625 0.42298549027777776 0.03119073828125001 0.034123200000000034
0 0.335512858984375 0.4219191402777778 0.019194299218750023 0.023459700000000003
0 0.29292550742187495 0.42511818958333336 0.04198753046874999 0.04691939861111112
0 0.199353294140625 0.4037911895833334 0.09477185703125002 0.08957339861111116
0 0.480069932421875 0.4389807402777777 0.01319608203125 0.023459700000000003
0 0.4992642328125 0.44857789027777784 0.025192520312499946 0.042654000000000046
0 0.54245140859375 0.4549759902777778 0.025192518749999948 0.0383886
0 0.44947901640625004 0.4549759902777778 0.05758289999999997 0.08957339999999997