3 0.11604413984374999 0.4701081916666666 0.022231332812500004 0.07488448888888889
3 0.02286256875 0.49298956597222227 0.0230794171875 0.06240374305555558
0 0.48110603203124996 0.43682619652777777 0.12519750781250005 0.25377522083333337
0 0.5840722074218749 0.4368261958333333 0.06435386015624997 0.07488449166666666
0 0.337772437109375 0.44826688125 0.044462666406250004 0.04784286805555556
0 0.371704471484375 0.4451466944444445 0.03276196328124996 0.03328199444444443
0 0.394520840625 0.44742804999999997 0.026911612500000005 0.03784470555555552
0 0.919866269140625 0.45554731736111115 0.16026746171874998 0.26209571527777775
0 0.7917596613281249 0.4597075680555555 0.14742883984375005 0.13728823333333334
0 0.7075146097656251 0.44306656944444445 0.08892533203125001 0.10400623611111115
0 0.6390655039062499 0.4368261958333333 0.05499329687500003 0.06656399166666663
0 0.6174192070312501 0.40458426041666673 0.016380982812499934 0.022881370833333314
0 0.543704787109375 0.42642557152777777 0.011700702343750003 0.04576274305555551
0 0.550725208203125 0.41706501041666666 0.011700702343750003 0.022881370833333314
5 0.605718505078125 0.3494609576388889 0.00468028046875002 0.024961495833333323
4 0.62788888515625 0.33787167916666666 0.021061264062499953 0.016640999999999986