4 0.594145381640625 0.31280500625 0.06336250859375 0.1334403625
4 0.45913449570312503 0.67673326875 0.02144577265625003 0.09878052916666667
7 0.378712848046875 0.8231710694444445 0.21933176484375 0.31887047777777777
4 0.040454525390624996 0.66373583125 0.01657173359375 0.034659834722222234
0 0.016571733203125 0.7512519131944445 0.03314346640625 0.1369063458333334
0 0.036555294140625 0.7521184097222222 0.022420580468749996 0.07971761944444451
0 0.047765584765625 0.7460529381944443 0.027294621093750006 0.05718872638888889
0 0.056051451171875 0.7347884916666667 0.032168658593749996 0.0623877027777778
0 0.070186165234375 0.7365214840277777 0.019496157031250006 0.0415918013888889
0 0.077497223828125 0.7365214840277777 0.016571733593750006 0.03812581805555561
0 0.091631937109375 0.7339219951388889 0.017546539843749997 0.03292684027777789
0 0.268072157421875 0.7971761944444444 0.15207002421875 0.24261884166666675
0 0.20081041640625 0.772047813888889 0.054589239062499996 0.15423626388888892
0 0.1754654125 0.7581838798611111 0.03704269843750001 0.11264446249999993
0 0.157918871484375 0.7451864416666666 0.027294621093750006 0.07971761944444443
0 0.148658196484375 0.7347884916666667 0.026319811718749996 0.06585368611111109
0 0.138910118359375 0.7304560131944444 0.028269428906250015 0.05372274583333329
0 0.104791843359375 0.7252570375 0.018521349218750004 0.015596925000000143