4 0.35106939062500003 0.39558648055555556 0.016528114062500033 0.035912938888888926
4 0.6704599113281249 0.3449818798611111 0.017446342968750007 0.045707379166666666
4 0.6755101671875 0.38905685277777785 0.011018742187500052 0.01632406388888883
4 0.5042605359375 0.3759976027777778 0.028465087500000052 0.02285368888888889
4 0.506053266015625 0.38551997708333335 0.03773482734374998 0.02883919027777782
5 0.5216194246093749 0.41055021736111114 0.00826405859374999 0.01795647361111116
5 0.506009538671875 0.4154474361111111 0.008264057031249994 0.021221283333333375
4 0.595012123828125 0.42932287500000005 0.007345828906250062 0.014691658333333397
0 0.5009592796875 0.46022199861111107 0.014691657812500036 0.011426844444444445
0 0.48305382382812495 0.46430301874999996 0.010100513281250034 0.013059251388888922
0 0.541361340234375 0.4683840319444444 0.018364572656249932 0.0244860944444444
0 0.515309879296875 0.4634401854166667 0.011018742968749962 0.014691656944444433
0 0.5883090523437501 0.47078601180555557 0.01928280156249995 0.03917775138888891
0 0.598409566796875 0.4748670277777778 0.021119257031249995 0.04733978333333329
0 0.424221606640625 0.4636034118055556 0.01469165703124995 0.016324062499999945
0 0.40218411953125 0.46686822291666663 0.02020102812500002 0.0195888763888889
0 0.332157712890625 0.47192868680555555 0.025710400781249997 0.031015720833333343
0 0.292214769921875 0.48335553125 0.030301544531250002 0.031015720833333343
0 0.22977522500000003 0.48335553333333336 0.02662862968749997 0.02448609722222225
0 0.250894481640625 0.48417173472222225 0.04315674296874996 0.0359129416666667
0 0.13406137421875 0.4864571006944445 0.0449932 0.039177751388888835
0 0.03741781484375 0.4970677402777778 0.0748356296875 0.04733978333333337
0 0.008034500390625001 0.52318624375 0.016069000781250002 0.053869412500000005
0 0.5262105667968751 0.4754966680555556 0.02479217265624998 0.0359129416666667
0 0.621181638671875 0.4742140520833333 0.04499320078124995 0.06366384861111109
0 0.6482693816406251 0.4489117548611112 0.022037485156249925 0.0195888763888889
0 0.497286372265625 0.5059293743055556 0.06348895859374996 0.08465193194444451
0 0.392673905859375 0.5425419201388889 0.11661503046874996 0.12896010416666664