0 0.11599904843750002 0.5137796819444445 0.0215255953125 0.021259850000000018
0 0.13632877929687498 0.5180316506944445 0.019133863281249996 0.0340157569444444
0 0.152472975 0.5190946437499999 0.01315453124999999 0.040393712499999956
0 0.162637839453125 0.5190946437499999 0.019133863281250017 0.057401593055555526
0 0.18356550390624998 0.51696865625 0.04185532656250002 0.0786614375
0 0.20568903437500002 0.5159056659722222 0.0430511921875 0.11055121250000002
0 0.19253450078125 0.5339765375000001 0.021525596875000018 0.07015749999999998
0 0.26667822304687505 0.5137796812500001 0.14111224296875 0.1700787875
0 0.305543883203125 0.5456694541666667 0.11121558203124997 0.1403149972222222
0 0.41815464531249996 0.577559225 0.1745965046875 0.2168504555555556
0 0.746419986328125 0.5669292854166667 0.5010680523437501 0.2976378791666666
0 0.064576788671875 0.5208662875 0.009566932031249998 0.012755908333333347
0 0.056205725000000005 0.5229922722222222 0.009566931249999999 0.017007877777777795
0 0.046638791796875 0.5251182576388889 0.007175199218750006 0.021259848611111132
0 0.038865659765625 0.5261812486111112 0.013154530468750003 0.027637800000000032
0 0.025711128125 0.5261812486111112 0.010762798437499999 0.027637800000000032
0 0.01195866484375 0.5283072347222222 0.0239173296875 0.03188977222222225