0 0.017395034765624998 0.7260538854166667 0.03432202734375 0.14796607083333327
0 0.983131079296875 0.6741894902777777 0.03003177421875005 0.18152538888888892
5 0.11263866171874999 0.3627595638888889 0.008580507812500016 0.043750191666666695
5 0.20316300781249996 0.3439353159722222 0.014586860937499991 0.057966087499999985
5 0.231478680859375 0.37520649722222227 0.007722457031249963 0.05033897500000002
5 0.395795386328125 0.3195285409722222 0.008580507031249952 0.04576270416666668
5 0.495758290625 0.34774887430555557 0.007722456249999965 0.04118643194444442
5 0.795217979296875 0.4194437743055556 0.011154658593749912 0.022881354166666687
5 0.618459538671875 0.4324098770833333 0.009438558593750025 0.03966101249999999
3 0.016966009375 0.5063929138888889 0.033463976562500004 0.16016946388888892
0 0.344614591796875 0.4798546256944445 0.017161011718749997 0.036610159722222195
0 0.325308453125 0.48366818541666673 0.023167368750000028 0.032033890277777824
0 0.3042862109375 0.48061733958333336 0.018877115625000006 0.03813558750000002
0 0.279831766796875 0.4646003930555556 0.03861228203125 0.01830507777777773
0 0.28498006953125 0.4981597048611111 0.0643538015625 0.05796608750000003
0 0.27253833398437505 0.5309563145833334 0.07550845703125 0.11440676250000005
0 0.16957225351562502 0.5660410479166667 0.21279656953125 0.2272880875
0 0.3712141640625 0.48671903194444444 0.025741520312499988 0.03813558333333336
0 0.395239583203125 0.48748174513888887 0.029173725781250014 0.03966100972222222
0 0.452728979296875 0.5019732694444444 0.020593216406249937 0.05644067222222225
0 0.48107815703125 0.4980545736111111 0.03267293437499994 0.042501586111111087
0 0.526521339453125 0.5103630958333334 0.02574152265624994 0.04881355000000001
0 0.42551652031250004 0.5118885201388889 0.058347446875 0.08847455972222222
0 0.494589600390625 0.5279054666666667 0.055773294531249996 0.09305083333333333
0 0.56452073125 0.5202783486111111 0.051483040624999976 0.07169490277777774
0 0.639171139453125 0.4951088604166667 0.024025417968749973 0.021355926388888866
0 0.623297203515625 0.5500241055555556 0.06778600703125007 0.10677964444444446
0 0.9394275999999999 0.5674575319444445 0.11755294374999999 0.17084742500000002
0 0.702176586328125 0.5838013395833334 0.18533894921875005 0.22271182083333332
2 0.8609159617187501 0.5788982041666667 0.18533894687500005 0.20593216111111115
4 0.306431337890625 0.18141641944444445 0.09524362578125004 0.0716948972222222
4 0.43342283984375 0.22107743124999998 0.0746504109375 0.05949151527777777
4 0.64278721875 0.27599267499999997 0.100391928125 0.0625423611111111