5 0.17246834296875 0.2573114243055556 0.011700701562500004 0.06032361805555557
5 0.188849325390625 0.24815887847222223 0.01638098203124998 0.07280436527777777
5 0.61545690703125 0.39688780000000007 0.014040842187499968 0.03744224722222222
5 0.62949775 0.3844070493055556 0.014040842187499968 0.05408324305555554
5 0.8248994671875 0.4884132868055556 0.01170070312500009 0.02496149583333336
5 0.52068122421875 0.49673378611111113 0.011700701562500004 0.024961497222222167
5 0.36435985 0.46220372638888896 0.007020420312499986 0.02912174722222218
5 0.34914893828125 0.49860590972222224 0.009360562500000036 0.01872112222222226
4 0.025390523046875002 0.2502390048611111 0.050781046093750004 0.05200311805555553
3 0.8167089761718749 0.5547692777777777 0.018721122656249988 0.08112486388888887
0 0.21751604414062503 0.57889871875 0.059673578906250004 0.06032361805555553
0 0.466740991015625 0.5372962229166667 0.019891192968749926 0.018721123611111147
0 0.45621036015625 0.5560173444444445 0.024571473437499946 0.03952236944444441
0 0.483707008984375 0.5549772833333333 0.03042182421875008 0.0457627444444444
0 0.6434215867187499 0.5435365972222223 0.05031301718750001 0.04368261944444443
0 0.548060868359375 0.5508170340277778 0.028081685156250025 0.03744224583333333
0 0.524074428515625 0.5549772819444445 0.03159189453125002 0.037442244444444446
0 0.2824549375 0.5870112104166667 0.126367578125 0.07072424305555552
0 0.50535330546875 0.5495689569444445 0.015210912499999996 0.02912174722222218
0 0.09407364140624999 0.5788987125 0.1661499640625 0.09360561388888884
0 0.58854529375 0.5643378395833333 0.053823228125 0.06032361805555553