4 0.5386066910156251 0.3874935395833333 0.015497444531249993 0.023877545833333378
4 0.41824319609374994 0.38382007152777775 0.012397956249999975 0.016530609722222225
4 0.44967130468749994 0.3728570625 0.015497445312499991 0.036734686111111144
4 0.368568005078125 0.2516325993055556 0.010331630468750009 0.01836734305555553
4 0.46766586640624996 0.4190815388888888 0.008093721874999993 0.01653060833333334
6 0.493163154296875 0.4723468340277778 0.037193869531250014 0.04591835694444445
6 0.722353168359375 0.4484692868055556 0.029961728906249974 0.05326529305555559
6 0.73888377734375 0.44663255347222225 0.025829076562499952 0.04591835694444445
6 0.7621299457031251 0.44112235069444444 0.02686223984374996 0.056938762499999976
6 0.7791771355468751 0.4402039847222222 0.03409438046875 0.055102030555555515
6 0.8039730484375 0.43928561666666666 0.0382270328125001 0.06428570000000002
6 0.8292855433593751 0.43469378125 0.05785713046875003 0.06612243749999994
3 0.6465878667968751 0.4304080715277777 0.01343111953124998 0.04040815416666664
0 0.189413219140625 0.4796937715277778 0.028928564843750015 0.034897951388888834
0 0.161001235546875 0.48244887222222227 0.015497444531249993 0.022040811111111145
0 0.133622415234375 0.4796937701388889 0.010331630468749986 0.023877545833333378
0 0.14395404648437501 0.4870407076388889 0.020663260156249995 0.02755101249999999
0 0.20491066523437498 0.4732652027777778 0.010331630468750009 0.025714280555555528
0 0.4407178359374999 0.4374051611111111 0.018596935937500003 0.02938774999999999
2 0.322633932421875 0.3304081513888889 0.11683078984374999 0.10840802499999995
0 0.32751268671875 0.6134692569444445 0.31924738125 0.47387745000000003