0 0.034118274609375 0.5926831701388888 0.06823654921875 0.11091147083333336
0 0.0428915453125 0.5770862444444445 0.083833475 0.10051351944444444
0 0.351905632421875 0.6013481284722223 0.16181810234375 0.21489097361111117
0 0.362141114453125 0.4999681125 0.06141289296874999 0.012130941666666692
0 0.498614212890625 0.5814187236111111 0.07311058828124999 0.08838257777777782
0 0.9475132265624999 0.6056806083333334 0.09748078593749998 0.16463421388888888
0 0.47619363281249993 0.5649553027777778 0.05166481562500005 0.07971761944444443
0 0.447924205078125 0.5649553034722222 0.02242058046874993 0.05545573750000001
0 0.437688723046875 0.5597563277777778 0.027294619531249963 0.05892171944444442
0 0.41819256601562493 0.55109136875 0.013647310156250026 0.04159180138888882
5 0.59901942109375 0.3318679159722222 0.008773270312499993 0.05025675972222222
5 0.511774119140625 0.19409507361111109 0.013647310156250026 0.07625163611111109
5 0.607792691796875 0.46357528680555554 0.02242058046874993 0.0329268430555555
4 0.604380864453125 0.40378707222222215 0.035093082031250056 0.024261883333333303
4 0.22566801640624998 0.39772160069444445 0.012672501562499994 0.02946085972222221
4 0.09748078437499999 0.38732365069444447 0.04679077656249999 0.032926843055555585
6 0.65994491171875 0.6013481291666666 0.044841160937499944 0.06931966944444438
0 0.15499444765625 0.5320284604166667 0.05069000781249999 0.045057784722222195
0 0.208121475 0.5346279479166667 0.045815968750000005 0.03639282638888888