5 0.44207535820312505 0.44971135277777785 0.0068236554687500115 0.01906290833333336
0 0.20081041640625 0.5727537659722223 0.265147734375 0.29287560138888896
0 0.47131959375 0.5701542777777777 0.12185098125000007 0.1698331888888889
7 0.328510244140625 0.5692877819444444 0.040941928906249994 0.14383831388888887
0 0.874402637890625 0.6568038638888889 0.2476011929687499 0.32233646111111103
0 0.7301310769531251 0.5701542777777777 0.19301195390624998 0.21835695833333327
0 0.348981208984375 0.560622823611111 0.06238770234375002 0.11957643055555557
0 0.38748611914062503 0.5450258972222223 0.03411827578125002 0.08491659444444445
0 0.40259563984374996 0.5268294854166667 0.02924423437499999 0.04852377083333334
0 0.398696409375 0.5129655513888889 0.04289154531250006 0.048523769444444455
0 0.595607594140625 0.5493583777777779 0.06823654921875004 0.07971761944444443
0 0.568800378125 0.5346279472222223 0.057513662500000076 0.07798462777777779
0 0.5341946999999999 0.53029546875 0.027294620312499962 0.04159180138888882
3 0.037812806250000004 0.5156055506944445 0.027287592187499998 0.17464059027777776