0 0.009788018359375001 0.45317733611111116 0.01746666171875 0.0537227444444444
0 0.601456441015625 0.44215106111111113 0.2515004242187501 0.2768023361111111
0 0.407957083984375 0.42025049375 0.08090905078124999 0.10224651249999997
0 0.14914560078125 0.41938399722222214 0.017546542187500003 0.02079590000000001
0 0.282694274609375 0.40638656041666665 0.031193850781249966 0.046790779166666616
0 0.253450040234375 0.3977216013888889 0.011697694531250002 0.015596924999999985
0 0.22615542070312503 0.3968551055555556 0.011697694531250002 0.010397950000000043
0 0.1910623375 0.4046535680555556 0.013647309375000005 0.01906290833333328
0 0.114539922265625 0.4271824604166667 0.02437019765624999 0.025994876388888914
0 0.05507664296875 0.4436458826388889 0.0419167375 0.0415918013888889
0 0.08724530195312499 0.4349809236111112 0.026319811718749996 0.03465983611111112
0 0.36214111484375 0.4109138590277778 0.04581596874999998 0.07932797916666662
0 0.33630870625 0.4081195520833333 0.03704269687500004 0.05025676249999999
0 0.316812550390625 0.4107190402777778 0.019496157031250006 0.031193852777777743
0 0.30657706757812503 0.40032108888888884 0.016571732031249998 0.031193852777777743
0 0.203734839453125 0.4055200638888889 0.009748077343750005 0.013863933333333339