4 0.243701961328125 0.2530167916666667 0.023395388281250006 0.010397950000000005
4 0.317299953515625 0.2720797013888889 0.014622116406250019 0.013863933333333299
4 0.234441287109375 0.2382863625 0.016571733593749992 0.012130941666666692
4 0.8251748417968751 0.12824138819444444 0.030219042968749932 0.038125818055555566
5 0.35239303671875 0.19409507291666664 0.006823656250000009 0.03465983472222221
5 0.52054738984375 0.20449302291666668 0.007798462500000003 0.027727865277777753
5 0.307551875390625 0.3015405611111111 0.00877327109374999 0.01386393611111111
5 0.3445945734375 0.19582806458333332 0.008773270312499993 0.034659834722222234
5 0.5127489273437501 0.20449302291666668 0.007798464062499999 0.027727865277777753
5 0.5756240328125 0.29287560138888885 0.008773270312499993 0.013863933333333339
4 0.56831297421875 0.27034670972222224 0.013647309375000027 0.010397949999999965
5 0.23492869101562502 0.2902761138888889 0.013647310156249981 0.022528891666666696
5 0.61510375078125 0.28421064305555555 0.013647309375000027 0.02079590000000001
5 0.4323272796875 0.2954750888888889 0.004874039062499946 0.015596924999999985
5 0.4878913265625 0.29720808125000003 0.004874039062499946 0.019062909722222205
0 0.057513662890625 0.4098525430555556 0.11502732578125 0.2270219166666667
0 0.14622117734375 0.40205407986111114 0.09748078593750001 0.11784343750000004
0 0.221281380859375 0.38819014722222217 0.07798462734375 0.09011557222222225
0 0.276845427734375 0.37086022916666667 0.06043808515625 0.08318360277777777
0 0.35726707539062497 0.35959578263888886 0.03606788984375 0.039858809722222215
0 0.376763232421875 0.3587292868055556 0.014622117968750015 0.031193851388888937
0 0.389923137890625 0.3535303118055556 0.01754653984375003 0.0277278680555556
0 0.406494871875 0.35093082430555556 0.013647309375000027 0.025994876388888876
0 0.431839876171875 0.35266381597222224 0.027294621093750047 0.02946085972222225
0 0.47521882460937503 0.34919783263888887 0.026319811718749975 0.039858809722222215
0 0.699912033203125 0.38819014722222217 0.14817079296875005 0.17676515833333334
0 0.62095259765625 0.3743262131944445 0.05848847031249997 0.12130942083333333
0 0.5848847078125 0.36999373333333335 0.04289154531250006 0.09531454444444445
0 0.5668507625 0.36739424583333335 0.032168659375 0.06931966944444447
0 0.536144315625 0.361328775 0.048740393749999986 0.0641206944444444
0 0.44743680117187506 0.3439988576388889 0.011697694531250047 0.02252889305555554
0 0.509824503515625 0.34833133680555556 0.01949615703125005 0.031193851388888857