4 0.29213970117187504 0.39626376319444445 0.009360561718749993 0.027041618055555557
4 0.20379940312500003 0.3099385861111111 0.010530632812500018 0.008320497222222221
4 0.36936433203124996 0.4014640722222222 0.007020421874999983 0.016640997222222214
4 0.4553644882812501 0.40042401388888893 0.008190490625000013 0.01872112222222218
4 0.44541889218749997 0.3910634520833333 0.011700701562500004 0.008320501388888839
5 0.4337181902343749 0.3848230784722222 0.007020421093749984 0.020801248611111114
5 0.310860823046875 0.37130226666666666 0.00468028046875002 0.01872112222222226
5 0.2798539640625 0.3817028923611111 0.0058503515625 0.018721120833333375
5 0.33250712031249996 0.3858631402777778 0.0058503515625 0.022881372222222276
4 0.269323332421875 0.3858631402777778 0.017551053906250003 0.010400625
4 0.5858273125 0.37026220138888893 0.014040842187499968 0.008320497222222183
4 0.20087422734375 0.3973038277777778 0.009360560937500017 0.01248074999999997
0 0.45126924257812495 0.4357861326388889 0.009360560156250041 0.018721123611111147
0 0.46765022500000003 0.4316258840277778 0.011700701562500004 0.02704162083333333
0 0.46355498085937497 0.4368261958333333 0.017551053906249958 0.016640997222222214
0 0.4735005765625001 0.4326659458333334 0.011700703125 0.024961497222222247
0 0.48988155859375004 0.4295457611111111 0.030421824999999993 0.03536211944444448
0 0.5156231027343751 0.43682619791666666 0.02808168359374994 0.04992299305555561
0 0.5401945765624999 0.4357861333333334 0.042122525 0.07280436666666669
0 0.570616401171875 0.4451466951388888 0.05616336796874997 0.07904474027777779
0 0.290384595703125 0.41914513402777775 0.017551053906250003 0.018721123611111067
0 0.32314656015625 0.4285056965277778 0.008190490625000013 0.0166409986111111
0 0.35005817421875 0.42538550972222217 0.012870770312499991 0.0228813722222222
0 0.388670489453125 0.4295457583333333 0.017551053906250003 0.01872112222222218
0 0.372289506640625 0.4285056965277778 0.015210911718749998 0.0166409986111111
0 0.20789464804687502 0.4139448229166667 0.02106126328125 0.020801248611111114
0 0.1821531046875 0.41186469652777774 0.01404084218749999 0.016640995833333328
0 0.4050514726562501 0.42538550833333333 0.022231332812499983 0.035362119444444395
0 0.6068885749999999 0.4597075680555556 0.08190491093750003 0.08736523888888893
0 0.33426222890625 0.4233053875 0.018721123437499987 0.022881372222222276
0 0.312615927734375 0.4222653243055555 0.015210913281249993 0.020801245833333346
0 0.260547805859375 0.4160249472222222 0.02106126328125 0.024961497222222167
0 0.14003058007812502 0.4014640756944445 0.028081683593750007 0.03744224305555556
0 0.08152707070312501 0.4035441993055556 0.01638098203125 0.033281995833333314
0 0.009171641015624999 0.3817028881944444 0.018343282031249998 0.031201870833333346
0 0.03900843046875 0.39938394791666665 0.0780168609375 0.06656399027777773
0 0.103173368359375 0.40354420069444447 0.04797287734375001 0.04160249305555557
0 0.887705416015625 0.5314718701388889 0.22231333046875007 0.3099385847222222