0 0.426685784765625 0.47843569166666666 0.014395725781250058 0.012796199999999973
0 0.40749148515625 0.4869664902777777 0.01919430000000002 0.03412319999999996
0 0.38889700703125 0.4869664902777777 0.017994656250000008 0.025592400000000026
0 0.36970270703125 0.49229824027777774 0.025192518749999993 0.023459700000000003
0 0.34930876289062496 0.4869664902777777 0.015595369531249981 0.025592400000000026
0 0.325915709765625 0.4890991902777778 0.043187175781249997 0.0383886
2 0.27493084999999995 0.4709712409722222 0.05398397031250002 0.07037910138888889
0 0.192755253125 0.48056839027777776 0.1367593875 0.05545020000000002
0 0.499864055078125 0.4795020409722222 0.014395725781250058 0.019194301388888845
0 0.48066975351562496 0.48056839027777776 0.011996436718750036 0.02132699999999998
0 0.46507438515625 0.48803284027777777 0.01919430000000002 0.01066350000000003
0 0.47347189140624996 0.5178906416666667 0.040787887500000064 0.05758290000000004
0 0.51246031484375 0.5050944402777778 0.027591807812500056 0.044786699999999985
0 0.57784089765625 0.5232223895833333 0.07197862500000003 0.1066349986111111