4 0.43014817109375 0.36357354861111113 0.011076776562499991 0.015316033333333302
4 0.48245517343749994 0.3405994972222222 0.03938409687499993 0.02188005277777777
0 0.41353300546875005 0.38873561041666665 0.012307529687500018 0.01312802916666666
0 0.40553311093750005 0.3876416083333333 0.013538281250000006 0.01094002500000002
0 0.393840958203125 0.3909236194444445 0.014769036718750028 0.02188005277777773
0 0.412302253125 0.4095216604166667 0.014769037499999981 0.02406805694444445
0 0.33230330625000004 0.3821715986111111 0.017230542187499996 0.013128027777777775
0 0.42337902890625 0.38326560277777777 0.00984602343750005 0.015316036111111151
0 0.343380084375 0.39858163402777774 0.009846023437500007 0.024068059722222222
0 0.32861105078124997 0.39967564027777785 0.022153553124999982 0.030632077777777766
0 0.23753532734375 0.39639363333333333 0.04923011718750003 0.12034029166666672
0 0.10461400468750001 0.41061566527777776 0.03199957656250001 0.05251212777777773
0 0.712277797265625 0.44197707569444444 0.21923814765624988 0.24068058472222226
0 0.508916361328125 0.5433546625000001 0.25968888046875 0.38071292500000004
2 0.36676439101562497 0.3719609041666667 0.051691624218749996 0.11377627500000002
2 0.166151653515625 0.3971229666666667 0.10584475859375 0.1509723666666667
2 0.287380823046875 0.36576155833333335 0.07015292109374997 0.12909231388888887
0 0.055260808984375 0.41353300555555556 0.10953701484375 0.11815228333333334
0 0.015876713671875 0.4671391368055555 0.030768824218749997 0.17285242361111106