4 0.28543473984374995 0.17503774444444445 0.012618012499999987 0.026510572222222212
4 0.3089501265625 0.19033230347222224 0.0412953140625 0.020392745833333354
4 0.245860062109375 0.19441085138888892 0.016059288281249983 0.040785494444444445
4 0.23725687187500002 0.22296069999999998 0.017206379687499985 0.016314197222222247
4 0.27166963359374996 0.19033230555555553 0.014912196874999983 0.05709969444444444
4 0.0359422125 0.1811555673611111 0.0229418421875 0.01835347361111109
5 0.38943776015625 0.17843654652777777 0.008029643749999992 0.03874622361111112
5 0.25236025703125 0.24573261527777776 0.009176737500000032 0.034667674999999995
4 0.470307751953125 0.29841388125 0.011470921093750076 0.008157101388888914
4 0.46801356796875 0.3106495270833334 0.009176737499999987 0.012235645833333366
5 0.10840020078124998 0.26068729583333333 0.014912198437500001 0.0224320222222222
5 0.6075764414062499 0.1889728 0.006882551562499994 0.0326283972222222
3 0.06423715664062499 0.3425981673611111 0.016059288281249993 0.07749244027777774
3 0.07857580703125 0.37318728888888886 0.014912196875000006 0.10196374166666666
3 0.14051877890625 0.3459969597222222 0.019500565625 0.07341389444444443
3 0.102091195703125 0.3378398590277778 0.025236027343750002 0.09380664027777776
0 0.03728049296875 0.3830437881944445 0.0745609859375 0.2997733986111111
0 0.438571530078125 0.3364803416666667 0.01147091953124999 0.03262839444444445
0 0.450615998046875 0.3466767159722222 0.028677300781249925 0.05302114305555554
0 0.5567220164062501 0.34973563125 0.013765106249999982 0.026510573611111077
0 0.5796638566406249 0.35483381319444446 0.027530210156249967 0.04078549305555552
0 0.5406627257812501 0.3548338159722222 0.02294183906250007 0.048942595833333276
0 0.622106262109375 0.39765858611111116 0.10323828515624997 0.15090633611111112
0 0.22693304296875 0.35075526458333334 0.10667956406249998 0.12235648750000003
0 0.39842330703125 0.3466767159722222 0.082590628125 0.1386706875
0 0.49363195156249995 0.3721676513888889 0.0780022609375 0.1325528611111111
0 0.8083175499999999 0.4737915111111111 0.3464218078125 0.4853474027777779
4 0.9734988078125 0.24131418680555555 0.022941840624999977 0.028549845833333344