4 0.518373345703125 0.13233552569444443 0.03796875078125002 0.051513156944444444
4 0.521870466796875 0.28509868541666666 0.014987664843750003 0.02664473750000001
4 0.68323765625 0.29220394930555554 0.039967104687500046 0.07638157916666664
5 0.61879069765625 0.33661184375 0.010990953125000046 0.02664473750000001
4 0.48190336250000004 0.4156578965277778 0.008992600000000017 0.010657893055555532
0 0.41995434921874997 0.47072368611111115 0.0369695734375 0.03552631388888893
0 0.35800533554687497 0.4858223708333333 0.07693667734375001 0.04085526388888891
0 0.3020513875 0.49115131874999995 0.048959704687500015 0.037302631944444505
0 0.21062663320312502 0.49203947638888884 0.025978617968750006 0.03197368333333333
0 0.188644726171875 0.4973684243055555 0.03197368515624999 0.03552631527777782
0 0.23760443007812498 0.4920394756944445 0.06194901328125 0.04618420972222223
0 0.1416833765625 0.50092105625 0.06394736875 0.04263157916666671
0 0.6662516359374999 0.46273026597222217 0.09592105312500002 0.05861842083333334
0 0.903056735546875 0.4378618458333334 0.10791118515624998 0.05151315833333333
0 0.48290253984375 0.4760526340277778 0.08692845468749999 0.06394736805555555
0 0.9000592031250001 0.4547368451388889 0.09592105312499992 0.12789473749999997
3 0.977495470703125 0.5133552659722223 0.04496299296875002 0.4014473708333333