0 0.21591993710937502 0.5172980298611112 0.06726174140624999 0.07105265972222223
0 0.5790358601562501 0.5349086979166666 0.10332963125000001 0.14439981250000003
3 0.758400504296875 0.5025676006944445 0.03899231328125001 0.13863933749999996
3 0.46644555312499997 0.48697067361111107 0.012672503125000035 0.041591802777777784
0 0.40893189101562505 0.48003870972222223 0.00877327109374999 0.01386393333333326
0 0.380175058984375 0.4843711881944444 0.019496157031250006 0.019062909722222167
0 0.35093082382812496 0.4887036666666667 0.019496157031250006 0.027727866666666677
0 0.26173590664062496 0.4947691361111112 0.043866352343750005 0.05372274166666663
0 0.53614431484375 0.5129655513888889 0.04679077812500001 0.09704753611111114
0 0.51421113828125 0.5086330701388888 0.02826942812500004 0.08491659583333333
2 0.48935353945312504 0.4748397340277778 0.031193852343750005 0.06931966805555557
2 0.46205891914062497 0.46617477430555554 0.019496155468749964 0.031193851388888937
0 0.43378949218749996 0.4757062263888888 0.013647310937500023 0.01906290833333336
0 0.32656062734375 0.48610417708333337 0.019496156250000007 0.03639282361111111
0 0.396746793359375 0.4791722111111112 0.00974807890624998 0.022528891666666655
0 0.4493864164062501 0.4757062263888888 0.009748078124999981 0.01906290833333336
4 0.697475012890625 0.25648277569444444 0.028269427343750042 0.0485237652777778
4 0.69942463046875 0.29547508958333335 0.04191673749999998 0.025994876388888914
5 0.395284581640625 0.4531773375 0.004874039843749988 0.01906290833333336