0 0.46277722890625006 0.30571344305555553 0.00841413124999999 0.01308864722222221
0 0.4738207765625 0.32067189791666667 0.009465898437500009 0.020567876388888903
0 0.486441972265625 0.32441151180555555 0.022087094531249997 0.024307490277777788
0 0.49433022187500003 0.32441151180555555 0.012621196874999985 0.024307490277777788
0 0.5132620175781251 0.3431095819444444 0.02734592734375001 0.035526333333333326
0 0.5458667765625 0.35806803680555555 0.044174189062499994 0.054224401388888864
0 0.48696785625 0.3636774583333333 0.04207065624999995 0.05796401666666663
0 0.403878308984375 0.3730264930555555 0.03996712421875 0.05796401666666667
0 0.955424650390625 0.3618076520833333 0.08624484765625003 0.11031861249999998
0 0.9676645460937501 0.48596283888888886 0.05995068593749995 0.15519398055555556
4 0.0489071390625 0.09021818749999999 0.026294160937499998 0.05983382499999999
4 0.43122423593750003 0.2622404277777778 0.021035328124999975 0.018698066666666652
4 0.58530801796875 0.24634706875 0.015776496874999955 0.03178671805555556
4 0.69995055859375 0.1883830534722222 0.024190628125000037 0.020567876388888903
4 0.6862775953125 0.21362544861111107 0.030501226562499983 0.018698072222222233
4 0.8432537343750001 0.2285839034722222 0.0178800296875 0.03365652361111107
4 0.84062431796875 0.28093849930555553 0.029449459375000053 0.041135754166666656
4 0.8422019679687501 0.34170722708333334 0.01998356250000004 0.028047106944444483
4 0.841676083984375 0.31646483194444447 0.016828263281249888 0.014958455555555538
5 0.40808537421875 0.29355969652777775 0.010517664062500032 0.022437684722222233