0 0.08364147109375 0.5396255583333334 0.1649289109375 0.5028187277777778
0 0.61106307578125 0.48659877013888886 0.3817928812499999 0.4591496097222223
0 0.346825901953125 0.4223427784722222 0.10176464609375002 0.12352122638888885
0 0.1545258109375 0.4036274416666667 0.0568478375 0.07361366111111114
0 0.493156445703125 0.3930220854166666 0.10246647265625004 0.15720883472222222
2 0.41923086679687505 0.3406191402777778 0.07158616484375 0.1771718611111111
4 0.346474989453125 0.29320695069444447 0.019651103906250002 0.01247689027777778
4 0.34787863945312497 0.31691304652777774 0.019651103906250002 0.03493529583333333
5 0.5345641289062499 0.24891398541666668 0.011229203124999998 0.021210715277777778
4 0.7076810035156249 0.13100736041666666 0.028073007031249996 0.0773567263888889
4 0.706979178125 0.2039971763888889 0.028073006249999997 0.06363214722222223
4 0.716102905078125 0.2507855201388889 0.02526570546875 0.022458404166666668
4 0.5543322074218751 0.28384928333333337 0.014738327343749979 0.008733824999999997