0 0.50682998046875 0.7116839604166666 0.011597940625000015 0.03092784027777774
0 0.451159868359375 0.7250860256944445 0.01159793828125002 0.028865984722222276
0 0.383891816015625 0.7333334486111112 0.044072172656249985 0.053608255555555456
0 0.358376347265625 0.7426117993055555 0.025515467968750018 0.047422687499999935
0 0.34677840781249997 0.7405499451388888 0.030154643750000033 0.047422687500000095
0 0.32938149765625 0.7415808715277779 0.02319587968750003 0.04536083194444447
0 0.47968344765625004 0.7209623131944445 0.05240798281250001 0.0824742402777778
0 0.42564440000000003 0.729209736111111 0.051030935937500035 0.06185567777777771
0 0.290528398046875 0.7477664409722221 0.07770619921875 0.0742268152777777
3 0.22673972890625 0.7415808736111111 0.022036085937499995 0.0701031055555555
0 0.5375645214843751 0.731271590972222 0.06842784609374997 0.15670105416666663
3 0.16353095468749998 0.7477664409722223 0.01623711562500001 0.0824742402777778
1 0.08292527109375 0.6704468402777778 0.1635309546875 0.2865979861111112
0 0.0632087734375 0.7931272743055555 0.126417546875 0.28865984305555564
0 0.72255166640625 0.7621994333333333 0.3780928453125 0.47422688055555556
3 0.9017398386718749 0.68384890625 0.04059278984375005 0.11958764861111114