4 0.302743184765625 0.3221590152777778 0.018696728906250026 0.0204545388888889
4 0.302743183984375 0.3426135576388889 0.015820307031250015 0.020454540277777787
4 0.12656247031249998 0.3276987909722222 0.017258518749999997 0.05880680416666668
4 0.020134938671874998 0.23139199236111113 0.040269877343749996 0.07926134583333332
0 0.17905713437499998 0.38693172569444445 0.012943889062499991 0.02045454027777775
0 0.16970876757812497 0.3907669534722222 0.017258517968749998 0.023011359722222284
0 0.12728157539062498 0.4061078611111111 0.01582030859374999 0.023011361111111166
0 0.11074216249999999 0.41505671875000005 0.03451703749999999 0.03579544583333332
0 0.09204543359375 0.4240055833333333 0.034517037500000014 0.04346589999999995
0 0.0697531796875 0.4342328541666666 0.018696729687500004 0.05369316944444446
0 0.05824750078125 0.43678966736111113 0.024449567187500004 0.053693170833333345
0 0.035018251562500005 0.4456793041666666 0.0392674515625 0.07147244444444441
0 0.14525920117187502 0.39971581458333333 0.02588777734375001 0.03068180972222226
0 0.317844387890625 0.3971589958333333 0.04026987734374998 0.030681808333333373
0 0.29627123828124996 0.40610785763888896 0.031640618749999974 0.038352262500000005
0 0.39119309296875004 0.3946021805555555 0.034517037500000035 0.040909080555555574
0 0.008408655078125 0.4470287034722222 0.01681731015625 0.07386799027777778