4 0.7478820300781249 0.1882512902777778 0.026911613281250003 0.05200311944444446
4 0.3190513140625 0.3192991486111111 0.018721121875000035 0.03120187222222223
4 0.2055545078125 0.3005780256944445 0.018721121875000014 0.05616336805555559
4 0.171622472265625 0.30577833541666666 0.01638098203125 0.029121745833333337
3 0.710439784765625 0.4399463819444444 0.059673578906250045 0.2059323472222222
3 0.044084825 0.39210351388888887 0.014040842187500003 0.05200311944444446
0 0.12423463164062501 0.3848230770833333 0.03159189453125 0.03744224583333333
0 0.06280594726562501 0.3827429534722222 0.02340140234375 0.04160249305555557
0 0.033554194140625 0.3869032013888889 0.025741544531250004 0.04160249444444446
0 0.08854749101562501 0.39522369930555556 0.051483086718749994 0.06240374305555558
0 0.19736401718750002 0.4024573534722222 0.08658519374999998 0.07705818194444447
0 0.36628404804687503 0.3951221131944444 0.040941928906250036 0.03639282638888888
0 0.40527636210937495 0.3951221131944444 0.03119385078125001 0.03639282638888888
0 0.43549540507812506 0.3933891215277778 0.02924423515625003 0.039858809722222256
0 0.009748078515625 0.38039168402777773 0.01949615703125 0.032926843055555585