5 0.410800637890625 0.5383926708333333 0.0031640617187500553 0.014999994444444395
5 0.518906069140625 0.5158926812500001 0.00632812421875002 0.01499999305555559
5 0.4150193863281251 0.5383926708333333 0.00316406015624997 0.014999994444444395
5 0.33330211835937507 0.57064433125 0.007382808593750001 0.024374990277777737
4 0.583241983203125 0.5212498173611111 0.012656244531249961 0.028124990277777803
3 0.8553722484374999 0.5087693534722222 0.013710932812499976 0.024374990277777817
3 0.132384221875 0.612831817361111 0.010546873437500003 0.048749984722222216
3 0.10707172890625001 0.6315818111111111 0.012656245312500003 0.071249975
3 0.09388813984375 0.6306443090277778 0.013710931250000013 0.08812496527777777
3 0.08281392578124999 0.6334568104166667 0.014765620312500005 0.08999997083333335
3 0.060665496875 0.6334568097222222 0.023203117187499993 0.09374996666666667
3 0.31587879609374997 0.5904908624999999 0.007382810937499995 0.02062499166666664
3 0.30849598554687496 0.5942408611111112 0.007382810156249997 0.028124988888888838
3 0.30164051953125004 0.6083033569444444 0.012656245312500003 0.04499998611111111
3 0.35662926601562506 0.59381229375 0.008437497656250015 0.03562499027777777
6 0.54014482734375 0.586312288888889 0.012656245312499958 0.028124988888888838
6 0.610281521875 0.6013122840277778 0.02636717968750002 0.058124979166666674
3 0.3640120765625 0.5938122868055555 0.006328123437499977 0.0356249875
6 0.8031652367187501 0.5584568388888889 0.035859360937500105 0.04124998611111113
0 0.42978500585937496 0.5846247930555555 0.011601558593750028 0.02249999166666667
0 0.419238134765625 0.5874372944444444 0.011601557031249942 0.02062499166666664
0 0.40183579726562496 0.5893122937499999 0.027421866406249995 0.01687499305555554
0 0.441913907421875 0.5836872909722222 0.02742186640624995 0.02437498750000005
0 0.55265605625 0.5730801583333333 0.014765620312499995 0.03562498888888888
0 0.5616208972656249 0.5777676569444444 0.015820307031250015 0.037499986111111064
0 0.5753318296875 0.5768301576388889 0.01792968124999996 0.05437498194444438
0 0.58904276328125 0.5805801569444444 0.024257804687499985 0.05062498611111113
0 0.5958982285156249 0.5899551541666667 0.021093741406250022 0.04312498888888893
0 0.6296482171875001 0.5871426555555556 0.023203117187499966 0.05999997777777782
1 0.5041404484375 0.5665176604166666 0.016874993750000032 0.03374998749999997
2 0.475684881640625 0.5434568423611111 0.030585927343750006 0.022499993055555556
0 0.44035286367187504 0.5650193340277778 0.014765619531249996 0.016874995833333312
0 0.480958316796875 0.6043943194444444 0.06433591484375008 0.09562496666666663
0 0.31589978125 0.6165818159722223 0.023203117187499966 0.029999990277777756
2 0.18670060781250003 0.6100193180555555 0.1191796453125 0.16687494166666664
2 0.68820433828125 0.5678318305555556 0.10124996406250002 0.1349999527777777
0 0.8848825023437501 0.6009372888888889 0.20671867656250004 0.1781249361111111