5 0.151069451171875 0.37966523680555553 0.012338442968749997 0.05214023750000002
0 0.25145950703125 0.5064369861111111 0.04262371093749997 0.05384047500000003
0 0.306982499609375 0.49247834444444444 0.028041914843750026 0.03788774166666668
0 0.32380764804687495 0.49546948263888896 0.010095088281250008 0.023929098611111106
0 0.33278106171875 0.49347539027777776 0.005608382812500023 0.023929099999999988
0 0.34231531249999997 0.48649606875 0.015703471874999986 0.017946823611111128
0 0.355775431640625 0.48849016180555555 0.01121676640625 0.0139586430555555
0 0.3697963890625 0.48250788680555556 0.01458179531249999 0.021935009722222214
0 0.38606070078125 0.48350493263888883 0.015703473437499983 0.019940918055555555
0 0.43821866289062494 0.5503070069444445 0.14020957578124996 0.19342689722222228
0 0.49598500742187496 0.4864960694444444 0.01570347265624994 0.021935008333333332
0 0.511688480859375 0.49247834444444444 0.01570347265625003 0.029911375000000046
0 0.524026921875 0.49148129930555556 0.011216765624999958 0.039881834722222224
0 0.533000335546875 0.4944724381944444 0.01794682578125002 0.049852295833333296
0 0.543656263671875 0.49646652916666667 0.016825149218749936 0.04586411111111109
0 0.563846441796875 0.49846062222222226 0.03028526953124997 0.05384048055555558
0 0.636755422265625 0.5463188236111112 0.16712981484375006 0.18545053055555555
0 0.8190278699218749 0.5064369875 0.15479137109375002 0.08973413055555553
0 0.8739900238281251 0.49048425347222224 0.07627400859374997 0.09372230972222219
0 0.9822318167968749 0.5104251715277778 0.03477197421874987 0.08574594583333332
4 0.601966442578125 0.38785084444444445 0.013460119531250037 0.033899561111111136
4 0.607574825390625 0.4277326805555556 0.01121676484374996 0.033899561111111136
5 0.6507593753906249 0.37688333819444453 0.01233844296875004 0.05184638472222226
5 0.6518810519531251 0.43404729791666674 0.014581796093750033 0.019940918055555555
5 0.7629270359375 0.36824226875 0.010095087500000054 0.039881834722222224
5 0.8537828414062499 0.22234122986111113 0.025798560937499992 0.1056868625
5 0.8902373316406249 0.3070901284722222 0.020190178906250012 0.055834570833333354
5 0.85714787109375 0.3649187902777778 0.030285267187500152 0.05184638611111111
5 0.8150849980468751 0.3689069743055556 0.01570347265625003 0.04387001805555554
4 0.8206933808593749 0.3050960368055556 0.024676885156249995 0.027917284722222234
4 0.77358296328125 0.2891433013888889 0.02019017968749992 0.023929099999999988
4 0.1718034640625 0.36292469652777776 0.023555209374999997 0.023929101388888874
5 0.0411281390625 0.39383311875 0.01346011875 0.04187592638888889
5 0.036319451171875 0.5089947868055555 0.01052737734375 0.033812384722222234
5 0.15299788281249999 0.44841949375 0.015440153125 0.019963026388888888