0 0.28230428554687503 0.5063297340277778 0.02255570078125002 0.02864215972222218
0 0.2715634734375 0.5091939479166666 0.018259376562499964 0.03818954583333339
0 0.3329139609375 0.4977370847222222 0.01585547656249999 0.015275819444444495
0 0.41144974257812506 0.4990555340277778 0.024703863281250005 0.032461115277777786
0 0.441524008984375 0.5019197479166667 0.044037319531249966 0.0534653652777778
0 0.387282919921875 0.49741884444444445 0.01074081015624997 0.013366341666666651
0 0.3765421109375 0.4993283229166667 0.012888971874999999 0.017185298611111142
0 0.36311609609374995 0.49455462986111104 0.009666728124999979 0.015275818055555529
0 0.350227124609375 0.4993283229166667 0.01611121484375002 0.017185298611111142
0 0.24604126835937504 0.5107851868055555 0.044037321093750005 0.055374840277777795
0 0.30994908867187504 0.5076481805555555 0.036518753906249965 0.042008500000000025
0 0.45924634765625 0.5155588812499999 0.058000373437499954 0.06492222916666661
0 0.7233168359375 0.5855275923611111 0.31148348906250006 0.3379774875
0 0.07042902617187499 0.5031472770833334 0.12888971953125 0.07446961527777782
0 0.9252440625 0.5163772326388889 0.14607501562500005 0.1451202791666666
0 0.5677285281250001 0.47982437499999997 0.062296698437500006 0.022913727777777778
5 0.167096314453125 0.14921200416666666 0.017185294531249996 0.07637909166666665
5 0.43776472734375 0.2389574409722222 0.012888973437499996 0.05346536527777776
5 0.32981958671875 0.43590639374999995 0.009666728124999979 0.022913726388888892
5 0.389968122265625 0.44545378194444446 0.009666728906250022 0.022913730555555546
5 0.351838247265625 0.46291185902777776 0.006444486718749998 0.019094773611111136
5 0.3835236359375 0.46291186041666665 0.009666728125000024 0.011456868055555545
5 0.1864297734375 0.15084867916666667 0.017185296875000013 0.06874118333333334
5 0.452264819921875 0.23991217916666663 0.011814891406250005 0.047736933333333356
5 0.084392077734375 0.4266317881944445 0.010740808593750007 0.026732681944444416
5 0.09566992734375 0.4256770493055555 0.009666728125000001 0.02864215972222226
5 0.5317468140624999 0.41803914305555556 0.007518567187500036 0.02482320555555554
5 0.6821181546874999 0.36361903611111107 0.01396305312499999 0.04200849999999999
5 0.545172827734375 0.41681162083333334 0.00859264765625003 0.0190947694444444
5 0.716488745703125 0.35980008125 0.03544467265624993 0.06110327361111116
4 0.53658017890625 0.3521621736111111 0.025777945312499995 0.015275819444444455
4 0.524765288671875 0.3769853784722222 0.02148161953125003 0.019094770833333285
4 0.420579430078125 0.4610023819444444 0.00859264765625003 0.011456866666666659