0 0.5174556988281249 0.36855443541666666 0.011865225781250021 0.01874998750000003
0 0.58205526484375 0.3697263076388889 0.03032224531249996 0.044531218055555516
0 0.54448204765625 0.37792942638888893 0.050097621875 0.07499995000000001
0 0.45944792578125 0.3708981826388889 0.03295896093750006 0.07499994861111112
0 0.40539523007812495 0.37324193055555555 0.09887688671874999 0.14062490277777775
0 0.21159653554687502 0.4447262597222222 0.27553692109375 0.24609358055555558
0 0.6117183300781249 0.3837887993055556 0.03164060390625005 0.08203119583333335
0 0.6400630359375 0.39785128680555554 0.08041986562500006 0.1195311652777778
0 0.6815913289062501 0.4177731513888889 0.08701166093749997 0.16406238888888888
0 0.8360205390625 0.4160153402777778 0.32695290156249995 0.4101559666666666
0 0.9250097355468749 0.5976558402777777 0.14633778984374998 0.39843722777777774
4 0.350683352734375 0.20449204722222222 0.01845701796874999 0.03281247777777775
4 0.66313431015625 0.20214829791666666 0.021093735937500035 0.04218747083333333
4 0.663134309765625 0.26425763124999996 0.013183585156250021 0.021093734722222222