5 0.6063304804687499 0.4367139145833333 0.003899232812500042 0.020795898611111124
5 0.6828528949218751 0.43324793194444444 0.004874038281250037 0.013863933333333339
5 0.7491398296874999 0.46357528680555554 0.010722885937499971 0.015596926388888871
4 0.69893722578125 0.43671391388888886 0.021445773437500027 0.013863933333333339
4 0.302190431640625 0.3240694520833333 0.00779846171874996 0.05198975416666664
0 0.9684715957031251 0.5476253840277778 0.06141289453124994 0.11091147083333336
0 0.8090905113281248 0.5242299965277777 0.06238770234374993 0.06412069583333332
0 0.660432315625 0.5086330722222223 0.03801750625000002 0.06065471111111115
0 0.5814728796875 0.5138320472222222 0.02826942812499995 0.03639282777777776
0 0.334359091015625 0.5103660631944444 0.14622117734375 0.06412069305555555
0 0.41819256562499996 0.4991016187500001 0.07798462812499998 0.04852376805555557
0 0.46010930312500004 0.5043005916666666 0.044841160937499944 0.02426188611111115
0 0.483504691015625 0.49736862569444446 0.04289154609374997 0.03812581805555561
0 0.5020260406249999 0.4982351222222222 0.027294620312499962 0.019062911111111053
0 0.60486826875 0.5112325597222223 0.022420579687500018 0.03465983333333335
0 0.623389617578125 0.5060335840277778 0.018521349218749972 0.020795901388888892
0 0.551741240234375 0.49910161666666664 0.007798461718750005 0.006931966666666669
2 0.6384991390625 0.4921696486111111 0.013647309375000027 0.024261883333333383
0 0.23346647929687497 0.5112325597222223 0.032168658593749996 0.05892171666666665
3 0.738416944140625 0.5025676013888889 0.0068236554687500115 0.04159180000000002
3 0.766686369921875 0.5051670875000001 0.00877327109374999 0.03985880833333337
3 0.6979624171875001 0.5060335840277778 0.009748078124999981 0.020795901388888892