3 0.25812711484375 0.2587202138888889 0.009064159375000002 0.04834218611111108
5 0.55774795078125 0.2828913069444444 0.010071289062500011 0.042970830555555554
5 0.269709096484375 0.2605106652777778 0.012085546093750033 0.048342186111111116
5 0.24956651953125003 0.2605106652777778 0.010071289062499966 0.044761283333333304
5 0.5471730980468751 0.28468175763888887 0.007049902343749981 0.035809026388888894
5 0.567315675 0.2864722090277778 0.007049901562500072 0.035809026388888894
5 0.008862721484374999 0.4064324465277778 0.01611406171875 0.039389929166666664
5 0.67004281875 0.4162799291666666 0.01712119062500008 0.01969496388888885
4 0.6680285609375 0.36614729236111115 0.021149706250000032 0.0161140625
4 0.007956311718750001 0.3007958201388889 0.015912623437500002 0.021485415277777756
4 0.008459876171875 0.27125337361111107 0.01691975234375 0.023275866666666662
0 0.034544507421874995 0.5604112597222222 0.06747763359375 0.16830242222222216
0 0.1629534375 0.5004311409722222 0.13898378281249996 0.0734085041666667
0 0.25611285703125 0.49058365833333334 0.029206737500000024 0.03938992777777778
0 0.35430792109375 0.4834218534722222 0.010071289062500011 0.01432360972222221
0 0.36639346757812497 0.4834218534722222 0.016114061718749982 0.028647220833333303
0 0.379486142578125 0.48431707916666666 0.02215683515625 0.030437672222222212
0 0.3915716890625 0.49864068958333335 0.036256639062500005 0.04476128194444442
0 0.42480694101562494 0.4861075305555556 0.022156835156250044 0.023275866666666662
0 0.728456292578125 0.49774546319444446 0.14200516953125 0.10026527361111116
0 0.973692170703125 0.4941645611111112 0.05035644296875006 0.12175068888888892
0 0.8674400757812499 0.5863728034722222 0.256817859375 0.24529182916666667
0 0.554222999609375 0.5962202854166667 0.27293192109375 0.4153847041666666
0 0.32107266875 0.5102786229166666 0.13294100937500003 0.08594166249999999
0 0.44192813164062505 0.48431707916666666 0.012085546093749944 0.023275866666666662