0 0.517756048828125 0.5132707805555555 0.01755105234375005 0.01872112222222218
0 0.53998738125 0.5143108402777778 0.019891192187500017 0.024961497222222247
0 0.546422768359375 0.5111906555555555 0.014040841406249971 0.0228813722222222
0 0.46042261054687506 0.5132707805555555 0.08073484140625001 0.11440686111111108
2 0.3662319625 0.46854809791666663 0.07722462968750006 0.1289677347222222
0 0.38027280390625 0.4945496576388889 0.074884490625 0.10192611249999999
0 0.23810927890625 0.49974996944444444 0.21178270000000002 0.2412944694444445
0 0.613409284765625 0.48856929861111115 0.10179610390625005 0.20645238055555556
2 0.8012055457031251 0.4940296256944445 0.24337459453124993 0.3036982125
0 0.9328384406250001 0.6084364868055556 0.13221792968749996 0.21633297361111123
0 0.017947167187499998 0.4992299388888889 0.035894334374999996 0.08320498888888891
5 0.21901031523437497 0.32761964791666665 0.012870772656249984 0.05616336805555555
5 0.440153576171875 0.34322058125 0.008190489843750015 0.029121745833333337
5 0.5811470308593749 0.3317798965277778 0.009360561718750039 0.039522370833333334
5 0.5724568292968749 0.33802027083333336 0.007020422656249981 0.03744224722222225
5 0.5162934605468751 0.4617876923611111 0.009360561718750039 0.018721123611111147
5 0.453694708984375 0.45242713125000006 0.005850350781249958 0.0166409986111111
3 0.522904357421875 0.4992299388888889 0.005850352343750043 0.016640997222222214
4 0.31437103359374996 0.4066643861111111 0.0210612625 0.01872112222222218
4 0.625609698046875 0.3681820798611111 0.03978238515624995 0.020801248611111114