4 0.7714209746093751 0.3871872270833333 0.026367169531250047 0.018749987499999954
4 0.75164559765625 0.4211715798611111 0.06328120625000003 0.058593709722222165
4 0.70616223046875 0.36257786805555553 0.027685528125000046 0.016406236111111108
4 0.67386244765625 0.4082809631944444 0.08701165937499997 0.09374993472222223
4 0.45303740390625 0.46687467222222223 0.019775376562500037 0.03749997500000006
4 0.062144118359375 0.36843723958333335 0.029003886718750004 0.0609374569444444
4 0.5298290269531251 0.5020308972222222 0.02042903984374993 0.023437483333333377
0 0.319224019921875 0.4891402819444445 0.02636716953125 0.025781233333333296
0 0.33768103789062504 0.49148402986111106 0.01582030234374998 0.02578123194444441
0 0.273740652734375 0.4797652888888889 0.04614254609374999 0.025781233333333296
0 0.15772510703124998 0.4551559312500001 0.10415031874999998 0.056249962500000014
0 0.11026420234375 0.44695281041666673 0.02504881093750001 0.02109373472222218
0 0.05555232578125 0.44109343888888886 0.094921809375 0.037499974999999984
0 0.027776162890625 0.42820282430555556 0.05555232578125 0.053906212500000016
0 0.44051299882812495 0.49851527638888893 0.010546867968750017 0.025781233333333296
0 0.46160673476562497 0.5043746444444445 0.021093736718750034 0.023437483333333377
0 0.5637795152343751 0.5278121298611111 0.014501942968750025 0.023437484722222183
0 0.65738296640625 0.5653121041666667 0.06459956406249993 0.08906243888888889
0 0.6112404203125 0.5336715006944445 0.006591792187500012 0.03046872916666664
0 0.597397656640625 0.5360152499999999 0.02373045234375004 0.03984372499999998
0 0.74703134296875 0.5934370854166666 0.14370107343749988 0.19218736805555559
0 0.526865478515625 0.5746870979166666 0.09360345078125007 0.13124990972222222
0 0.38909701835937505 0.5477339916666667 0.11865226328124998 0.1523436444444444
0 0.9566503390625 0.5111715229166667 0.0435058296874999 0.02578123194444449
2 0.21705123867187498 0.4478903166666666 0.08041986640625001 0.0773436972222222