4 0.45231084062499993 0.4557768236111111 0.013647309374999939 0.017329916666666632
4 0.45133603203125006 0.44451237777777775 0.013647309374999939 0.012130941666666612
4 0.554665664453125 0.4332479319444444 0.00974807890624998 0.02079590000000001
4 0.858805712109375 0.3569962958333333 0.02144577265625003 0.017329916666666632
4 0.8407717671875 0.3474648416666667 0.01267250156249986 0.01906291111111109
4 0.8446709976562501 0.3838576673611111 0.018521346874999976 0.02252889305555562
5 0.867578982421875 0.42804895555555555 0.017546539843749896 0.024261883333333383
5 0.380662463671875 0.13863933750000001 0.014622117968750015 0.07625163611111112
5 0.39723419765625 0.1499037847222222 0.010722887499999967 0.0675866777777778
5 0.66823077890625 0.23048789930555558 0.012672503124999946 0.05892171805555554
5 0.6882143394531249 0.2313543951388889 0.015596925781250003 0.05718872638888889
0 0.41624295 0.48783717013888894 0.007798462499999914 0.02946085694444444
0 0.430377664453125 0.4878371708333333 0.0068236554687500115 0.015596925000000065
0 0.471806996875 0.48870366597222226 0.00974807812500007 0.013863931944444453
0 0.45182343671874997 0.5077665756944444 0.047765584375 0.06585368472222221
0 0.186188298828125 0.5285624770833333 0.09553116953124999 0.12824139027777776
2 0.175465412109375 0.4670412701388889 0.11112809453125001 0.09878052916666667
0 0.10921009609375001 0.510335717361111 0.029181000000000002 0.03991950138888893
2 0.32509841718750004 0.4193839986111111 0.195936378125 0.3604622805555555
0 0.48545430703125003 0.48523768263888895 0.009748078124999981 0.020795898611111124
2 0.50542255390625 0.46867635486111114 0.03219928593749995 0.07085684583333333
2 0.593837030859375 0.4835154534722222 0.08614119609374997 0.1143989736111111
3 0.522497005078125 0.509499567361111 0.011697692968749961 0.058921718055555614
3 0.532732487890625 0.5043005923611111 0.012672502343749947 0.05545573472222224
3 0.54637979765625 0.5172980305555556 0.008773270312499993 0.07105266111111111
0 0.7973928179687501 0.6394739465277779 0.26514773437500005 0.41591801250000004
0 0.109635483203125 0.4850369840277778 0.028315672656249992 0.028983045833333342
3 0.78063111875 0.18834212569444447 0.01973516562500004 0.03661016250000001
3 0.796934081640625 0.1898675486111111 0.012870760156249971 0.03355931666666666