0 0.337761637890625 0.6058174625 0.03576005859375 0.03739613611111115
0 0.294639214453125 0.6076872715277778 0.03365652421874996 0.04113575416666669
0 0.29200979921875 0.6161014020833333 0.026294159374999994 0.020567876388888903
0 0.3824617140625 0.6123617895833333 0.022087095312499992 0.02430749305555556
0 0.36195226796875 0.6076872673611111 0.027345929687500003 0.02991690972222219
0 0.5554772878906251 0.5684213201388889 0.018931794531250025 0.014958454166666652
0 0.540752559375 0.5702911298611112 0.012621196875000074 0.014958456944444502
0 0.522346646875 0.5749656472222223 0.019983560937500044 0.02056787777777779
0 0.5186654628906251 0.5927288159722223 0.014724730468749937 0.026177301388888925
0 0.48448305625000004 0.5899241041666667 0.017880031249999994 0.024307491666666674
0 0.50131131796875 0.59646843125 0.030501224999999986 0.04113575138888892
0 0.559684355078125 0.5880542965277779 0.018931794531250025 0.020567876388888903
0 0.582823216015625 0.5852495847222222 0.02524239296875006 0.02617730000000004
0 0.61963504140625 0.5889892013888889 0.03365652343750005 0.04861498611111112
0 0.64698096796875 0.59646843125 0.039967121875 0.056094212500000004
0 0.6937845746093749 0.5983382361111111 0.07257188359375003 0.09722996388888884
0 0.53812314453125 0.5927288131944445 0.026294160937499988 0.04113575694444446
0 0.467807861328125 0.6066188138888888 0.03440215078124993 0.05395729722222226
0 0.875911490234375 0.6534975416666667 0.24666635546875 0.461842325
5 0.513963191796875 0.5017315409722223 0.008414130468749993 0.026177301388888925
5 0.5223773242187499 0.5017315409722223 0.006310601562500029 0.026177301388888925
5 0.5676032796875 0.4948755819444445 0.0021035343750000378 0.013711913888888934
5 0.563396215234375 0.48957779930555556 0.006310600781249942 0.024307495833333328
5 0.5712844628906251 0.49051270069444447 0.005258832031250016 0.02991691250000004
5 0.603363340234375 0.4764891472222222 0.006310599218749946 0.028047102777777787
5 0.6117774703125 0.4802287618055555 0.006310596874999952 0.03178671805555556
5 0.6117774703125 0.47648914652777774 0.006310596874999952 0.03178671805555556
4 0.7666398703125 0.47265859027777773 0.031353849999999996 0.05709969444444446