4 0.2810686578125 0.5435526340277778 0.016986018749999988 0.014210526388888903
4 0.42245229296875 0.5231250027777777 0.01199013124999997 0.012434211111111182
4 0.976995881640625 0.21404605347222222 0.045962171093750115 0.04796052638888892
4 0.9757567140625 0.14388157916666666 0.04748055156250004 0.07460526111111111
3 0.487898427734375 0.5915131618055556 0.016986021093750026 0.02131579027777772
3 0.463418575390625 0.6083881618055555 0.017985196093749954 0.055065790277777735
3 0.439937901953125 0.6083881618055555 0.010990953906249957 0.04796052916666669
3 0.42544982578125 0.6066118451388889 0.009991776562499943 0.044407895833333315
4 0.424450647265625 0.5506578979166666 0.009991777343749942 0.03552631527777782
0 0.27857071328125 0.5986184263888888 0.01398848749999999 0.024868422222222207
0 0.31903740546875003 0.5990499555555555 0.022981085937500013 0.03283674722222227
0 0.33896161015625 0.5968421097222222 0.013108010937500003 0.021315788888888913
0 0.3525098578125 0.60217105625 0.01398848749999999 0.02486842083333332
0 0.363500812890625 0.6012828986111111 0.017985197656249997 0.030197366666666645
0 0.38248518710937496 0.6110526361111112 0.03597039609374999 0.04618421111111104
0 0.26408263828124995 0.613717107638889 0.0329728625 0.04440789305555555
0 0.11520516875 0.6305921083333333 0.0669449015625 0.09592105277777783
0 0.069242998828125 0.6181578979166666 0.05495477109375 0.05684210416666665
0 0.186646371484375 0.6217105305555555 0.10791118515624998 0.14565789722222217
0 0.9560131496093749 0.6332565819444445 0.08792763203125009 0.10835526388888886
0 0.836111834375 0.6421381625 0.1758552640624999 0.11190789444444446
0 0.6162927546875 0.6421381604166666 0.23980263281249997 0.16875000138888888
0 0.952516028515625 0.85796053125 0.09492187421875009 0.2806578958333333