0 0.10992964921875 0.6179002631944445 0.21680039999999998 0.4690332013888888
0 0.205711839453125 0.5587612958333333 0.24318352109375 0.30996976666666665
0 0.33533324375 0.4901542638888889 0.08029644375 0.05156452777777779
0 0.42565309570312504 0.4707811520833333 0.03555985234375001 0.05302114305555558
0 0.53462684296875 0.47209211736111106 0.026383117187499926 0.04282477361111114
0 0.567892512109375 0.5026812395833333 0.08373772265624994 0.14886705972222222
0 0.665395339453125 0.5071967916666666 0.15944579921875005 0.25694862222222226
0 0.47604322109375 0.5284635041666668 0.12388594375000003 0.20392748055555557
0 0.828774033203125 0.5785714104166667 0.33839216171875003 0.5098186986111111
4 0.12445948945312502 0.2870279243055555 0.02638311796874999 0.04486404305555555
4 0.123885943359375 0.24726207083333332 0.025236025781249994 0.04078549722222221
4 0.336556826171875 0.36462234374999997 0.013765102343749992 0.01631419861111117
4 0.4971497156250001 0.33097430625 0.011470921874999984 0.014274920833333324
4 0.41570617890625006 0.3483081416666666 0.009176735937499991 0.012235655555555565
4 0.40366171210937496 0.3595241520833333 0.03555985234374996 0.010196370833333291
4 0.0229418421875 0.28611025208333335 0.022941840624999998 0.030589120833333303
4 0.025236024218749997 0.23003019513888887 0.0160592875 0.020392745833333354
4 0.055633964453125004 0.31771902083333337 0.012618011718749999 0.016314197222222247
5 0.0699726171875 0.33097430833333336 0.011470921874999995 0.04282477222222225
5 0.034986307421875 0.35972807638888893 0.019500564843750002 0.06117824166666668
5 0.47455198710937496 0.3385196138888889 0.008029644531250036 0.028549844444444458
5 0.47512553437499994 0.3364803402777778 0.0068825546874999866 0.024471297222222237
5 0.48372872539062506 0.33749997916666663 0.005735461718750034 0.030589119444444455
5 0.43153603515625 0.3446374423611111 0.006882553124999991 0.020392748611111088
4 0.708902901171875 0.29263593541666666 0.02523602578125006 0.01019637361111114