0 0.22660804335937498 0.5228700784722222 0.022368296093749997 0.02447129861111108
0 0.29916161640625 0.5294977215277777 0.026383117187500017 0.03160875694444438
0 0.32439764335937504 0.5289879027777779 0.02753021171875001 0.030589119444444417
0 0.35020721484375 0.5294977222222222 0.0378540390625 0.033648036111111106
0 0.079891717578125 0.5404432923611111 0.018691110156250003 0.054581668055555595
0 0.00516191484375 0.54683155625 0.0103238296875 0.0866691791666667
0 0.043876271875 0.5514199256944445 0.0705461625 0.08157099305555554
0 0.139371687109375 0.53561554375 0.04244240703125 0.0560800569444445
4 0.71276128125 0.4228395666666666 0.016059289062499982 0.03160875833333334
4 0.74201212890625 0.4213101097222222 0.02753020937499997 0.030589122222222265
4 0.54858387265625 0.4627235708333334 0.01259167968749999 0.021176099999999958
4 0.5350923734374999 0.45852687499999994 0.013191559374999962 0.04588368333333332
4 0.27165226132812503 0.4524090520833333 0.01835347265624998 0.029569487499999998
4 0.37499483164062497 0.12181480694444444 0.01950056328125003 0.03466767777777778
4 0.26974913515625004 0.48100524652777776 0.020074112499999998 0.032628395833333296
5 0.08076571679687501 0.4580170569444445 0.00688255390625 0.02039274722222228
5 0.37499483359374997 0.18137089861111108 0.024088934375000016 0.08870845277777775
7 0.5731756179687499 0.6253776069444444 0.0734138953125 0.1570241611111111
4 0.40886115117187494 0.48493212638888883 0.007722455468749967 0.013728811111111128
5 0.8888547250000001 0.36152535625 0.01801906406249998 0.03966101249999995
5 0.894003029296875 0.4156778861111112 0.018019064843749887 0.04423728055555556
5 0.88070324375 0.4156778861111112 0.012012709374999986 0.04423728055555556