4 0.455423812109375 0.3535032930555556 0.016092714843749967 0.044701983333333375
4 0.48911793359374994 0.37943044444444446 0.039225990624999964 0.021456952777777774
4 0.549465613671875 0.38837084166666663 0.019110099218750065 0.04291390555555555
5 0.15619989843749998 0.12015893055555556 0.027156456250000006 0.10728476388888888
5 0.43631371289062504 0.35529137222222223 0.01810430546874997 0.059006619444444415
4 0.012371262499999999 0.39909931527777776 0.009052153125 0.03933774444444451
4 0.007845186328125 0.45363574027777787 0.012069536718750001 0.02682119166666668
4 0.012371261328125 0.36244368958333334 0.02313327734375 0.026821190277777796
5 0.177321587109375 0.4759867319444444 0.015086921093750006 0.04291390555555555
5 0.676698637890625 0.36244369027777784 0.018104303906250063 0.0768874166666667
3 0.1556970015625 0.6109867263888888 0.012069535937499997 0.04112582499999999
3 0.09987539765625 0.5913178534722222 0.01911009843750001 0.0733112541666666
3 0.72849706328125 0.5796953375 0.023133276562499992 0.132317875
3 0.7576651082031249 0.57701321875 0.025144867968749995 0.12695363749999997
3 0.8366199898437501 0.6154569256944444 0.03822019687499996 0.20741721249999992
5 0.5776278640625 0.4706224944444445 0.009052153125000028 0.046490063888888815
5 0.026955284765624997 0.45452977916666665 0.01810430390625 0.057218541666666706
0 0.047574075 0.6038344097222221 0.09353890468750001 0.15556290833333333
0 0.023937900390625 0.7173774513888889 0.046266555468750005 0.38622515
2 0.28192423203125 0.5269469944444445 0.11365479687499999 0.22350992777777776
0 0.37395444453125004 0.6421028673611111 0.2051821109375 0.2721385680555556
0 0.507725133984375 0.5850595756944444 0.07241721640624998 0.08940397083333333
0 0.608304601171875 0.6315496395833334 0.17701986171875 0.1966887347222222
5 0.769734644921875 0.39731123819444447 0.019110099218749975 0.0715231763888889
4 0.78482156484375 0.2971787909722222 0.029168045312500012 0.021456951388888888