5 0.31472413554687495 0.35263679444444446 0.008829935156249968 0.01794018611111115
5 0.365811619140625 0.3582431020833334 0.010091353906249979 0.020182706944444424
4 0.42888258671874996 0.37842581319444435 0.011352775000000027 0.024667759722222213
4 0.6127344625 0.30554380416666665 0.018921290624999986 0.03139532777777777
4 0.617780140625 0.33469660833333337 0.016398451562500062 0.02691028055555557
0 0.19753827734375 0.4162123277777777 0.03935629062499999 0.058305605555555536
0 0.1709223265625 0.420697375 0.0416268390625 0.06727569999999995
0 0.140648261328125 0.4251824215277778 0.056763872656250006 0.07624579305555557
0 0.0763158734375 0.40948475625 0.08956077656250001 0.14352149305555556
0 0.337177403515625 0.39378709375 0.01387561328125 0.017940184722222183
0 0.379434953515625 0.39939340277777785 0.017659871093750022 0.020182708333333306
0 0.29996553125 0.39602961875 0.01513703125000001 0.022425234722222204
2 0.22730777734375002 0.4083634965277778 0.05802529062500002 0.06054812916666666
1 0.28381936015625 0.3851533826388889 0.020182710937499994 0.06503317638888886
1 0.258590971484375 0.3837518055555555 0.04541109609375003 0.07680642500000003
2 0.32355406953125 0.3817895972222222 0.018921290624999986 0.031395327777777815
0 0.3254462 0.4030935680555556 0.017659871874999976 0.029152802777777726
0 0.311570586328125 0.4120636625 0.03027406484374997 0.042607941666666704
0 0.028697291015624998 0.44177710000000003 0.057394582031249995 0.1210962583333334
4 0.21759484218749997 0.34646985625 0.011352773437499986 0.020182709722222192
4 0.22011768125 0.31395326805555557 0.01639845156249997 0.03588037500000003
4 0.571044547265625 0.3498336416666667 0.021444128906250005 0.02691028055555557