0 0.051422257812500004 0.5835828395833333 0.10284451562500001 0.09992128749999994
0 0.635363879296875 0.5786930840277777 0.013154530468750014 0.012755909722222233
0 0.6003249691406249 0.5733781208333333 0.02870079453124994 0.027637802777777803
0 0.557273776171875 0.5786930840277777 0.019133864843750015 0.02551181805555558
0 0.5345523136718751 0.5776300909722222 0.03348426171874994 0.04039371250000004
0 0.49807838593750003 0.5701891277777777 0.017937996875000018 0.029763788888888833
0 0.447254061328125 0.5723151118055556 0.09088585234374999 0.09354333472222223
0 0.319894281640625 0.5723151131944445 0.06338092265625002 0.06803151527777776
0 0.352182676953125 0.582945036111111 0.06816438828125002 0.0637795472222222
4 0.671239873046875 0.5127875541666667 0.03707186015625004 0.025511819444444465
4 0.6891778703125 0.5638111715277778 0.008371065625000007 0.021259848611111132
0 0.7274455976562499 0.58719700625 0.013154531250000013 0.021259848611111052
0 0.703169485546875 0.5888978006944444 0.021525596093749932 0.02551181805555558
0 0.670283158203125 0.5814568541666667 0.025113196093750022 0.040393711111111154
0 0.74143721328125 0.5793308708333333 0.023917329687500023 0.040393711111111154
4 0.931938763671875 0.5612599986111112 0.015546264843749925 0.04251969444444441
2 0.8386611789062499 0.5336221944444445 0.17340063906249997 0.25937015