0 0.28314055390625 0.6379531361111112 0.010323829687499985 0.02651057222222227
0 0.56761938984375 0.5859516284722223 0.01032382968750003 0.020392745833333316
0 0.552133646875 0.5750754923611111 0.009176737500000077 0.01631419861111109
0 0.548692369140625 0.5822129576388889 0.011470921093750076 0.026510573611111157
0 0.19940283203125 0.648489388888889 0.06079588125000002 0.05709969444444446
0 0.7918758898437501 0.5866313798611111 0.08947317968750008 0.13459213750000001
0 0.5876935015625 0.5968277520833334 0.03900113281249995 0.048942595833333276
0 0.686343417578125 0.635573973611111 0.13994523203125003 0.15090633888888894
0 0.53664790390625 0.5968277534722222 0.01491220000000002 0.020392748611111088
5 0.158107518359375 0.4731117541666666 0.012618013281249984 0.05709969444444446
5 0.35139253359375 0.4452416618055556 0.011470920312499988 0.05302114305555558
5 0.42136514921875 0.5162764000000001 0.009176735937499991 0.0387462194444444
5 0.4947790421875 0.47990933888888887 0.013765106249999982 0.04078549444444448
5 0.5888405917968751 0.4656344145833333 0.00917673671874999 0.036706943055555524
5 0.876760703515625 0.47787006041666663 0.009176738281250074 0.028549845833333306
5 0.28830246875 0.5104984631944445 0.009176735937499991 0.028549845833333306
5 0.36749350546875 0.4443933756944445 0.010091354687499976 0.03363784861111109
5 0.596441122265625 0.46681861041666667 0.008829935156249923 0.03363785138888886
0 0.9427007417968749 0.5744597277777778 0.11100490390625009 0.09194345555555551
1 0.019341756640625 0.6568977743055555 0.03784258203125 0.10198419027777775
0 0.394614023046875 0.6148251493055555 0.01639845234374997 0.024667756944444442
0 0.3775848609375 0.6125826243055557 0.01513703125000001 0.024667756944444442
0 0.07484421015625001 0.6664031833333334 0.07316232500000001 0.06503317500000003
1 0.49615828124999994 0.5789447743055556 0.03531974218749996 0.05606308472222218
0 0.484174796875 0.6069763180555556 0.03153548281250007 0.035880374999999985
0 0.34731079726562497 0.6249165048611112 0.030274064843750014 0.04485046805555552
0 0.26847208476562495 0.5542770208333333 0.02901264453125001 0.12782383333333328
5 0.8821526117187499 0.5038202430555556 0.010091356249999883 0.026910277777777717
3 0.97045196796875 0.5744597277777778 0.012614195312499988 0.1053985944444445
3 0.9559456457031249 0.5860460993055555 0.026489807031249944 0.12857133750000002
3 0.928825128125 0.5834298222222223 0.022705549999999873 0.1412789694444444
4 0.142330148046875 0.5172753840277778 0.03405832421874999 0.017940187500000034
4 0.153052212109375 0.5419431402777778 0.020182710156249995 0.04036541944444447
4 0.7074460285156251 0.49372889166666667 0.021444128906250005 0.020182711111111157
4 0.542200087890625 0.5307305243055556 0.021444128906250005 0.017940187500000034
0 0.267841375 0.6439779534722222 0.03279690468749998 0.038122895833333344