5 0.3264612859375 0.07594862986111112 0.02701334687500001 0.09426879861111112
5 0.269933357421875 0.3169565979166667 0.010004942968750008 0.032015818055555555
5 0.027313482421875 0.31695659722222225 0.023011367968749998 0.08537551666666666
5 0.22591160664062498 0.3978854715277778 0.010004942968750008 0.04090909861111108
5 0.050324852734375 0.3507510729166667 0.017008403906250004 0.04624507083333336
5 0.075837458203125 0.34541510138888887 0.022010875781249994 0.04268775833333333
4 0.02481224609375 0.24936764722222224 0.024011864062500003 0.03201581944444444
4 0.32496054374999994 0.011249993750000001 0.01600790781249999 0.022499987500000002
4 0.419007009765625 0.3978854708333333 0.012005932031250045 0.03379447777777776
4 0.22441086523437503 0.4307906173611111 0.009004449218749988 0.01778656527777779
0 0.262929897265625 0.46814240625 0.01200593203125 0.017786568055555563
0 0.25292495390625 0.47081039027777777 0.01600790937500003 0.023122536111111144
0 0.17738763046875 0.48592897152777775 0.0730360859375 0.12094864861111113
0 0.089344130859375 0.5117194909722222 0.16708255234375 0.20810281805555553
0 0.30695164765625 0.46280643611111116 0.006002965624999979 0.014229252777777803
0 0.387991687109375 0.4628064354166666 0.022010875781250005 0.03557313194444439
0 0.526560151953125 0.4610277784722222 0.05302619921874996 0.049802381944444425
0 0.285941266796875 0.4708103895833333 0.034016807031250006 0.05513835138888889
0 0.34697141875000004 0.4645850923611112 0.02801384062500003 0.04624507083333332
0 0.45152307656249996 0.4974902388888889 0.12105981250000002 0.14762849722222218
0 0.02691329140625 0.5873123958333333 0.0538265828125 0.19209490833333334