0 0.39919907890625 0.45562484097222217 0.009492184374999945 0.013124995833333328
0 0.378632680078125 0.45656233958333337 0.01054687109375001 0.01499999305555559
0 0.34962878398437497 0.4640623368055556 0.009492185156250032 0.01499999305555559
0 0.396562361328125 0.47906233263888887 0.01898436796874998 0.02624999027777777
0 0.36755846523437496 0.4781248319444444 0.015820307031250015 0.02437498888888893
0 0.23624991718750002 0.4678123375 0.021093742187499976 0.018749997222222228
0 0.185624934765625 0.46968733541666663 0.02320311640624999 0.02624999027777785
0 0.291620991796875 0.4734373340277778 0.03691404921874999 0.03749998749999995
0 0.41712876015625006 0.47718733125 0.00949218437499999 0.02624999027777777
0 0.458788901953125 0.46968733611111113 0.01054687109375001 0.014999994444444473
2 0.3206248875 0.4593748388888889 0.03585936250000001 0.07312497500000004
0 0.28265615078125006 0.4987498256944444 0.05695310468749999 0.06562497638888895
0 0.142382762890625 0.4978123263888889 0.10124996484375 0.08999996944444445
2 0.43716781523437503 0.48281233125 0.03902342421874998 0.0599999791666667
0 0.094921841015625 0.4659373368055556 0.04007811171875 0.03374998750000005
0 0.03533201796875 0.4706248354166667 0.045351546874999996 0.020624993055555527
0 0.22517570234375 0.23624991805555556 0.13394526562499998 0.45187484444444437
4 0.5679490203125 0.4246873520833333 0.03902342499999998 0.07499997638888888