5 0.40249885507812505 0.36586965208333333 0.007003460156249997 0.02667984861111109
5 0.27293483984375 0.36498032361111116 0.008003953125000018 0.024901191666666694
5 0.39499514765625 0.3649803256944445 0.008003954687500014 0.032015818055555555
5 0.52405891484375 0.39343883125 0.010004943750000005 0.03201581805555552
0 0.36698130546875 0.4628064354166666 0.01600790781249999 0.03557313194444439
0 0.379987732421875 0.46903173333333337 0.01200593203125 0.023122536111111064
0 0.393494405859375 0.4699210618055555 0.015007414843750056 0.021343879166666666
0 0.40750132656250004 0.46191710625 0.021010381250000033 0.04802372638888891
0 0.42500997578124994 0.4725890472222222 0.0240118640625 0.04446641388888884
0 0.44602035703125004 0.4770356881944445 0.03401680781250001 0.04980238472222227
0 0.239418280078125 0.4565811375 0.07903905234375 0.07648223333333333
2 0.10054025937500002 0.4572915256944444 0.200717978125 0.2742709902777778
0 0.60159722421875 0.4894862833333333 0.12906376562500005 0.17430834444444443
4 0.9422655421874999 0.20845854583333331 0.03801878281249991 0.0640316361111111
4 0.48103765859375003 0.40766808125 0.014006920312499994 0.010671940277777736
4 0.4270109644531249 0.3658696513888889 0.03601779609374996 0.016007908333333317
3 0.785263738671875 0.4657027979166667 0.01713866015624994 0.058593709722222165
3 0.7654883613281249 0.4832809104166666 0.01713866015625003 0.0374999736111111