5 0.35547887773437503 0.25242169444444446 0.011865225781250021 0.03984372222222221
5 0.28758341640624996 0.3028122847222222 0.010546867187499975 0.03281247777777775
5 0.15113331484375 0.3742966111111111 0.011865226562499998 0.03984372222222225
5 0.499839130078125 0.37195286180555553 0.013183585156250021 0.02578123194444449
5 0.47149442265625 0.38367160486111107 0.01186522656250002 0.02578123194444441
4 0.41810090468750005 0.36843723958333335 0.013183584375000024 0.03749997361111114
4 0.273740652734375 0.4106247097222222 0.009228510156250013 0.023437483333333377
4 0.25989788867187497 0.40359346527777784 0.010546867968749974 0.028124980555555526
4 0.24144087070312503 0.3895309763888889 0.01582030234374998 0.037499974999999984
4 0.22562056796875002 0.4035934659722222 0.013183584375000024 0.02343748194444441
5 0.334385141796875 0.39304659791666663 0.00922851015624997 0.02578123194444441
5 0.300767001953125 0.41765595555555557 0.010546867968750017 0.023437483333333377
5 0.36668492421875 0.4117965861111111 0.007910150000000015 0.021093736111111146
4 0.5057717425781251 0.4387496902777777 0.019775377343750032 0.03281247777777775
0 0.026548439453125 0.4598434256944444 0.047460903906250004 0.05624996249999994