1 0.104791843359375 0.42718246111111113 0.20958368671875 0.2790116666666667
0 0.22225618867187497 0.5606228229166667 0.03314346640625003 0.05372274305555559
0 0.7530390609375 0.5207640145833333 0.016571732812499997 0.02252889305555554
0 0.768635985546875 0.5164315354166666 0.012672502343750036 0.020795901388888892
0 0.7764344484375 0.5216305104166666 0.01072288593750006 0.031193851388888937
0 0.7861825281250001 0.521630511111111 0.008773270312499993 0.027727866666666677
0 0.7944683937500001 0.5242299979166666 0.009748078124999981 0.032926840277777814
0 0.8071408964843751 0.5276959805555556 0.011697694531249959 0.04679078055555558
0 0.824200034765625 0.53029546875 0.024370196093749998 0.04852376805555557
0 0.838334746875 0.5337614513888889 0.027294620312500052 0.05892172222222219
0 0.85636869296875 0.5441594020833334 0.03801750624999993 0.0693196680555555
0 0.7150215550781249 0.5164315347222223 0.014622117968750015 0.013863933333333339
0 0.69503799453125 0.5181645270833334 0.013647310937500023 0.017329918055555518
0 0.673104817578125 0.5216305104166666 0.012672502343750036 0.01039795138888885
0 0.6462976015624999 0.5242299979166667 0.009748078124999981 0.02946085972222221
0 0.638986543359375 0.5233635020833334 0.010722885156249973 0.027727868055555563
0 0.6302132726562499 0.5268294854166667 0.008773270312499993 0.034659834722222234
0 0.603893461328125 0.5320284583333332 0.05751366328124998 0.07971761944444443
0 0.477168440234375 0.5450258979166667 0.06921135703125003 0.0953145458333333
0 0.328997648046875 0.57448675625 0.24272715390624997 0.2478178152777778
0 0.533219891015625 0.5502248729166667 0.09943040078125005 0.10917847916666663
0 0.11121873007812502 0.6290759979166667 0.22207491953125 0.33620039583333333
0 0.9114453359374999 0.5450258965277778 0.11112809375000002 0.12997437916666674