3 0.040168471875 0.3956488152777778 0.009563921875000003 0.022103283333333303
0 0.02677898125 0.4245531138888889 0.0535579625 0.05610834166666668
0 0.017215059375 0.4777710326388889 0.03443011875 0.11901769583333335
4 0.13341670898437502 0.3587533361111111 0.012433096093750007 0.023803538888888868
4 0.36725460078125 0.3468515652777777 0.015302274999999987 0.023803538888888868
4 0.24866196875000002 0.2482369048611111 0.028691764062500003 0.04420657083333334
4 0.24695911679687504 0.11162099027777778 0.03293719921874998 0.04301518611111111
4 0.721980486328125 0.17682628888888888 0.021997021093750034 0.06801011111111109
4 0.9099115519531249 0.2941437305555556 0.011476705468749949 0.05100758333333333
4 0.922822845703125 0.1402708527777778 0.02773537265624988 0.015302275000000008
4 0.9123025312500002 0.07906175486111111 0.010520314062499914 0.07311086805555556
4 0.248088142578125 0.28989309999999996 0.021040628906250004 0.035705308333333324
5 0.74110833046875 0.3170971444444444 0.01625866718750002 0.02890429722222222
0 0.5082268027343749 0.38680750694444443 0.011476705468750037 0.025503791666666664
0 0.51692997734375 0.3995594027777778 0.012433096874999983 0.027204044444444422
0 0.528406684765625 0.39870927638888887 0.021997021093750034 0.03230480277777777
0 0.5465781359374999 0.40125965625 0.02964815781250003 0.04080606805555552
0 0.40790126875 0.3995594041666667 0.01817145156249995 0.03400505833333338
0 0.30461091210937496 0.39530877083333327 0.029648158593749984 0.025503791666666664
0 0.2778319296875 0.3910581388888889 0.01625866718750002 0.020403033333333317
0 0.25392212578124995 0.38850775972222223 0.025822589062500033 0.02210328611111115
0 0.227621340625 0.4114611736111111 0.032517334375 0.04760707777777782
0 0.159239299609375 0.42081256111111115 0.06599106171875 0.059508847222222196
3 0.208971693359375 0.4335644583333333 0.021997021093750013 0.11561718888888887
3 0.66851813984375 0.4114611722222222 0.01338949062500001 0.06120910000000003
3 0.9902484953125 0.4352647097222222 0.017215059375000053 0.14282123333333338
3 0.955340180078125 0.42761357361111113 0.025822588281249993 0.11051643055555552
3 0.905129590234375 0.43101407986111107 0.026778982031249933 0.14112097916666666
3 0.9476890425781249 0.4233629416666667 0.010520313281250004 0.07481112222222223
3 0.932386767578125 0.43186420694444444 0.03156094140625001 0.1462217388888889
3 0.971120651953125 0.41741205694444444 0.04016847265625003 0.1921285638888889
3 0.8424859023437499 0.4310140791666666 0.03538651250000004 0.12071794722222222
3 0.754976016796875 0.4344145847222222 0.02295341328124998 0.1173174416666667
3 0.7281970359375001 0.42846370000000006 0.024866196875000045 0.11901769444444446
3 0.809012176171875 0.41231129930555555 0.021997021093750034 0.1139169375
3 0.780320409765625 0.43356445763888884 0.025822588281249993 0.12581870416666668
3 0.6325578167968751 0.4063604138888889 0.017215058593749964 0.07141061666666673
3 0.650729269140625 0.4233629416666667 0.02295341328124998 0.08501263888888885
6 0.66268417109375 0.4352647104166667 0.014345882812499955 0.054408087500000035
3 0.68181201484375 0.4038100347222222 0.014345882812500044 0.06630985833333337
0 0.58770299921875 0.4046601604166667 0.06025270781249992 0.07481112083333336
0 0.35960346328125 0.4284637006944444 0.09563921718750001 0.13602022083333332
0 0.46289381953125003 0.4590682520833334 0.12815655312499996 0.2006298291666666
5 0.535898433203125 0.1705920298611111 0.009563922656250057 0.04760707916666666
5 0.420789864453125 0.07333477777777778 0.020448441406249972 0.07436330555555556
5 0.39610577031250005 0.0680101125 0.01817145156250004 0.06460960833333335
4 0.24799617734375 0.15035448680555558 0.03229856875000001 0.03445180694444445
5 0.24045984453124997 0.1605624291666667 0.021532379687499992 0.10590740833333334