0 0.018162283984375003 0.5013217222222223 0.03555985390625 0.07545316666666667
3 0.051427954296875 0.43810420208333334 0.014912196093750002 0.01835347638888894
4 0.07379625039062501 0.3677492222222222 0.016059288281249993 0.04894259166666666
0 0.041104126562499996 0.4962235340277778 0.079149353125 0.08972809027777776
0 0.093296815234375 0.49044559027777773 0.05735460390625 0.08361026666666672
0 0.15179851171875 0.4853474027777777 0.08947318281250001 0.07341389166666666
3 0.680990326171875 0.4479606944444444 0.016059288281249983 0.04894259444444439
3 0.8524805945312501 0.42145012222222217 0.044736590625000086 0.08157099444444442
0 0.886319810546875 0.5757552534722222 0.22483004765625 0.3385196180555556
0 0.7305064640625 0.5132174875 0.15485742812500006 0.17537763333333328
4 0.537221449609375 0.4214501194444444 0.01147091953124999 0.02039275000000005
2 0.609488250390625 0.4224697576388889 0.11470920703124995 0.2671449986111111
0 0.42710061015624995 0.5091389347222223 0.08029644374999996 0.13459213611111112
0 0.254463253515625 0.4418428701388889 0.01491219609375003 0.01631419861111109
0 0.274537365234375 0.4520392409722222 0.04129531640625004 0.02447129861111108
0 0.31353849453125 0.44999996736111114 0.032118578124999964 0.036706945833333296
0 0.3525396265625 0.4612159777777778 0.020647657812499977 0.03058912222222219
0 0.385231751171875 0.4673338041666666 0.024088933593749973 0.026510574999999963
3 0.2644047234375 0.4741313916666666 0.010323826562499994 0.0489425916666667
3 0.89207319453125 0.5411406861111111 0.10553247187500006 0.40785495833333335