4 0.7272067773437499 0.4424998465277778 0.03480467499999999 0.0749999736111111
4 0.6734177328125 0.51937481875 0.013710932812499976 0.033749990277777815
4 0.59748025859375 0.5606248034722222 0.01792968124999996 0.03749998750000003
0 0.444023282421875 0.57495515625 0.01687499453125003 0.024374990277777737
0 0.45351546640624996 0.5646426631944444 0.014765620312499995 0.02624999027777777
0 0.4318943796875 0.5824551548611111 0.01371093124999998 0.028124990277777803
0 0.42187485195312496 0.5890176527777778 0.021093742968750016 0.03749998611111115
0 0.5104685714843751 0.5552676673611111 0.008437496093749974 0.01499999305555559
0 0.5141599757812501 0.564642663888889 0.01371093124999998 0.022499994444444442
0 0.5204880984375 0.5683926618055556 0.01582030781250001 0.029999990277777756
0 0.527343565234375 0.5796426555555556 0.021093742968750016 0.03374998888888885
0 0.5363084062500001 0.5918301527777777 0.026367178124999936 0.03187498611111113
0 0.546327933203125 0.5993301513888889 0.03585936171874993 0.0318749888888889
0 0.177187438671875 0.6028122902777778 0.16453119453125004 0.15187494722222222
0 0.5516013687499999 0.6131247861111111 0.03585936250000001 0.037499988888888836
2 0.383906116015625 0.5953122916666668 0.06328122890625001 0.06562497777777776
2 0.496230294921875 0.5287498152777779 0.009492183593749991 0.02249999166666667
0 0.077929656640625 0.59017556875 0.10124996484375 0.09562496527777782
2 0.8674801656250001 0.47437483402777775 0.09175778124999993 0.03374998750000005
0 0.836894238671875 0.6449997729166667 0.32378894921874996 0.33374988194444444