3 0.10674145898437501 0.49996811388888884 0.010722886718749991 0.09531454722222218
3 0.08968232148437501 0.4982351208333333 0.021445772656249994 0.0953145444444445
3 0.13696050195312498 0.497368625 0.020470963281249997 0.07278565277777777
3 0.289030526171875 0.4809052041666667 0.018521349218750018 0.07105266111111111
3 0.31778735742187497 0.4783057166666667 0.015596924218750008 0.0623877027777778
3 0.384074291015625 0.48523768333333334 0.015596925781250003 0.07625163611111113
3 0.34020793828125 0.48697067499999996 0.013647309375000027 0.07971761944444443
3 0.9328911085937499 0.4748397326388889 0.011697693750000049 0.05892171805555554
0 0.635574715234375 0.49043665833333333 0.06628693359375007 0.07971761944444451
1 0.7530390605468751 0.4427793861111111 0.1121029007812501 0.14037233055555556
0 0.8339481121093749 0.4861041784722222 0.0731105882812499 0.11611044305555554
0 0.55369085625 0.5268294847222222 0.1286746359375 0.1732991722222222
4 0.202760031640625 0.29460859375 0.019496157031250006 0.038125818055555566
4 0.21104589882812502 0.3292684270833333 0.012672502343749992 0.027727865277777753
4 0.19544897304687497 0.33966637847222225 0.012672502343749992 0.04505778472222224
4 0.9450762066406251 0.32233646041666664 0.028269427343749952 0.03465983194444442
5 0.64386058203125 0.35266381597222224 0.008773270312499993 0.02946085972222225
5 0.7900817589843749 0.3500643284722222 0.00877327109374999 0.027727868055555563
4 0.548329413671875 0.34833133680555556 0.022420580468750017 0.0415918013888889
4 0.9782196734374999 0.12824138819444444 0.04191673749999989 0.04505778472222224
4 0.20714666718750002 0.45144434513888887 0.012672501562499994 0.05372274583333329