0 0.03898227421875 0.5752051166666667 0.06081234843750001 0.04158109166666664
0 0.333298446484375 0.5932235902777778 0.07562561171875001 0.1025666944444444
0 0.44439793007812495 0.5661958798611112 0.02494865546874996 0.040195056944444474
0 0.532887691796875 0.6029258451388889 0.06159199453125001 0.07207389305555552
0 0.7083079265625001 0.6652974833333333 0.20972463593750001 0.2716631388888888
0 0.182826866796875 0.58144228125 0.09121852109374999 0.0679157847222222
0 0.3867041625 0.5856003902777778 0.03430440156249999 0.04851127499999998
0 0.50598992265625 0.5807492618055556 0.028067237499999998 0.030492801388888876
0 0.49897311328124994 0.5731260604166667 0.028067237499999998 0.045739201388888914
0 0.48532931718750005 0.5696609722222222 0.011694682812500013 0.030492802777777762
0 0.4783125078125 0.5661958798611112 0.011694682812500013 0.026334693055555566
0 0.47207534375 0.5641168256944444 0.008576099999999975 0.01940450972222223
0 0.400737781640625 0.5620377708333333 0.015592910156249973 0.03187883888888889
0 0.4104833507812501 0.5606517326388889 0.010135390624999996 0.020790545833333358
0 0.41633069179687504 0.5599587159722222 0.009355746093750028 0.016632437500000048
0 0.42061874062500004 0.5578796604166666 0.005457518750000024 0.01524640138888892
5 0.27248609960937503 0.5287728965277777 0.01169468203124997 0.02079054583333328
5 0.38826345390625 0.4615501305555556 0.009355745312499986 0.030492802777777762
5 0.453753675 0.4740244576388889 0.00779645468750001 0.02217658194444449
5 0.5570567023437499 0.5273868597222222 0.008576100000000064 0.015246400000000035
5 0.550429715625 0.5260008243055556 0.00779645468750001 0.02079054861111113
5 0.2989940453125 0.5336240243055556 0.008576099999999975 0.016632437500000048
4 0.30055333632812503 0.4989731145833334 0.008576100781250017 0.008316218055555583
4 0.3067905 0.5190706409722222 0.011694682812500013 0.006930181944444453
4 0.5551075890625 0.46293616666666665 0.017152201562500035 0.011088291666666725
4 0.545362019140625 0.5072893319444444 0.017931846093750002 0.011088291666666647
3 0.094726926953125 0.5918375534722222 0.022609719531249996 0.10533876805555553