4 0.14893865234375 0.3194531 0.025312498437500008 0.022499997222222252
4 0.16454802460937498 0.39370309305555556 0.041343744531250004 0.07499999444444445
4 0.543391744921875 0.4274530902777777 0.02953124765624997 0.046499991666666636
5 0.6847198496093749 0.4109530881944445 0.018562499218749993 0.03149999027777781
5 0.21137613632812496 0.2264531090277778 0.016874999218749975 0.07949999583333332
5 0.19453950234375 0.2249531076388889 0.016031249999999986 0.06449999583333334
5 0.23039887421875 0.22795310694444446 0.018562499999999992 0.07649999444444444
0 0.10568807382812499 0.6044530763888889 0.21137614765624999 0.37949996944444436
0 0.464501126953125 0.53920308125 0.03374999921874995 0.053999995833333335
3 0.79187608984375 0.5122030840277778 0.032062498437499976 0.1289999902777778
3 0.913376080078125 0.4994530826388889 0.020249997656249973 0.10649999027777773
4 0.181568069921875 0.4860558138888889 0.019891192968750016 0.02080124722222223
4 0.40329636640625 0.5006166881944444 0.009360560937499995 0.02496149583333336