4 0.5322515250000001 0.6099492541666667 0.013775517187499985 0.032142872222222174
4 0.25269462890625 0.5410716708333333 0.022385214062500002 0.052040838888888885
0 0.433756587890625 0.62678599375 0.006887758593749993 0.010714287500000018
0 0.430743194140625 0.6321431409722222 0.011192607031249935 0.012244904166666654
0 0.4268688296875 0.6428574312499999 0.010331637500000036 0.015306129166666614
0 0.42514688984374993 0.6566329479166667 0.015497456250000052 0.021428581944444382
0 0.4217030109375 0.6872452069444445 0.008609698437500058 0.030612258333333385
0 0.4109408890625 0.6903064319444444 0.02152424374999997 0.04591838611111111
0 0.40405313046874997 0.6956635770833333 0.016358425000000044 0.04132654861111102
0 0.40060925234375 0.6994901104166666 0.016358425 0.04285716250000004
0 0.48024895585937505 0.6872452055555556 0.01205357734375001 0.027551030555555578
0 0.49316350234375 0.6880105131944444 0.02410715468750002 0.038265323611111055
0 0.495315926953125 0.6948982715277777 0.02152424453124997 0.04285716249999996
0 0.5108133828125 0.6941329645833333 0.028412003124999963 0.050510226388888906
0 0.53939753671875 0.6953367284722223 0.049075276562500034 0.08483741527777772
0 0.6025066375 0.7201533847222222 0.10159443281250002 0.12397964722222217
0 0.39174124765625 0.7017860298611112 0.01721939687499998 0.06428574305555554
0 0.37279991210937496 0.6994901104166666 0.03616073046874999 0.07806125972222218
0 0.330387920703125 0.7208933270833333 0.07793622265624997 0.09025543472222226
0 0.068447071484375 0.7652283958333332 0.13517225546874997 0.20319217222222213
0 0.8644136273437499 0.7355711173611111 0.260012871875 0.2510205208333334
3 0.673278350390625 0.6832656041666667 0.022385188281249933 0.11020413333333338
3 0.7494741890625001 0.681734988888889 0.018080365625000018 0.12551025833333326
3 0.738281580859375 0.6863268291666667 0.019802303906249995 0.11938780833333328
3 0.72493655 0.6825002979166668 0.015497456250000052 0.13010210138888892
3 0.693511153125 0.6779084576388889 0.016358425000000044 0.10255106527777778
3 0.7085781246093751 0.6840309104166667 0.015497457031249962 0.12397964861111122
4 0.5893506261718751 0.5755403583333333 0.011192607031250024 0.015306130555555578
0 0.452912657421875 0.6511816881944444 0.011483936718749987 0.015311915277777801
5 0.46439659257812504 0.6103499159722222 0.005741967968749951 0.017863901388888888
5 0.422767325390625 0.6160918833333333 0.004306475781250008 0.014035922222222217