0 0.152070023828125 0.48437118749999997 0.15596925546874998 0.15423626388888892
0 0.27343360117187504 0.47050725416666667 0.07506020546875 0.09184856388888889
0 0.68675212734375 0.4731067409722223 0.14524636875 0.18369712361111104
0 0.610229711328125 0.4592428076388889 0.07993424296875 0.14210532083333333
0 0.566363358203125 0.4592428076388889 0.03899231328125001 0.06585368472222221
0 0.5434553738281249 0.4583763118055556 0.024370196093749998 0.04679077638888892
0 0.53029546875 0.4549103277777778 0.01754654218749998 0.036392825
0 0.519085177734375 0.45057784930555556 0.014622117968750015 0.034659834722222234
0 0.507387483984375 0.4514443444444445 0.014622117968750015 0.022528891666666655
0 0.4952023859375 0.4471118652777778 0.011697695312500044 0.013863933333333339
0 0.32851024375 0.46444178263888886 0.03704269687500004 0.045057784722222195
0 0.35921669140625 0.4566433194444444 0.02631981250000002 0.036392825
0 0.37481361679687497 0.45317733680555555 0.01462211796874997 0.02946085972222221
0 0.38748611796875 0.456643320138889 0.01462211562500002 0.032926843055555585
0 0.398209005078125 0.4540438326388889 0.012672502343750036 0.027727868055555563
0 0.40503265976562497 0.44711186458333335 0.012672502343749947 0.024261881944444418
0 0.41575554609375 0.4471118652777777 0.008773270312499993 0.02079590000000001
0 0.42452881679687504 0.4479783611111111 0.012672502343750036 0.015596924999999985
0 0.43525170312500006 0.44537887361111106 0.006823654687500014 0.017329916666666712
0 0.47083218984375 0.45057784861111116 0.025345004687499985 0.024261883333333303
0 0.9187563945312501 0.48350469027777776 0.13354867499999995 0.12130941944444444