5 0.5094612046875 0.3689571020833333 0.004798576562499957 0.021326998611111175
5 0.44168133203125004 0.3742888513888889 0.0035989312499999926 0.023459700000000003
5 0.4741904625 0.38601870208333333 0.003836429687500065 0.021326998611111096
5 0.5070619171875 0.38815140138888893 0.007197864062499981 0.017061599999999937
0 0.5202579999999999 0.4052130013888889 0.00959715000000001 0.017061600000000017
0 0.491466546875 0.40734570138888887 0.00959714999999992 0.012796199999999973
0 0.490129479296875 0.4626914798611111 0.04051303671874997 0.05524135694444444
0 0.564644815625 0.46066320208333333 0.040787887499999974 0.059715601388888866
0 0.71460028671875 0.49372004999999997 0.08157577500000004 0.09597149999999996
0 0.836364127734375 0.505114438888889 0.20993765703124997 0.22539527222222225
0 0.6210280730468749 0.38815140000000004 0.014395725781249969 0.03412319999999996
0 0.44108151054687494 0.4190755499999999 0.014395725781249969 0.014928899999999995
0 0.46747367265625 0.41267745208333334 0.00959715000000001 0.019194301388888845
5 0.14656896874999997 0.11303310069444444 0.03718895625 0.07251179861111111
5 0.63906025078125 0.2133932902777778 0.01687005468749998 0.042900583333333325
0 0.51038599765625 0.40593721875 0.015820301562500028 0.018749987499999954
4 0.720004994140625 0.15867175902777778 0.021093735156250036 0.06796870416666666