4 0.405136794921875 0.3785827027777778 0.033932033593750036 0.06864411666666667
4 0.34195300624999997 0.3775426409722223 0.022231332812500025 0.05824349305555556
4 0.4566198828125 0.4326659458333334 0.012870771874999942 0.0228813722222222
4 0.4513545667968749 0.45658738125 0.016380982031250026 0.029121748611111067
4 0.48645667187499997 0.4555473180555555 0.011700701562500004 0.01872112222222226
4 0.6918039859375 0.4534671930555556 0.01287077187500003 0.0228813722222222
4 0.5946881625 0.4565873805555556 0.010530631250000066 0.016640997222222214
4 0.86848458125 0.45034700625 0.01755105312499996 0.0166409986111111
4 0.8690696167968749 0.47634856597222225 0.01638098359375011 0.031201870833333346
4 0.344878181640625 0.4701081909722222 0.018721122656249988 0.01456087361111113
2 0.333177480078125 0.4628277555555556 0.09243554296875 0.07904474166666667
0 0.5138558207031251 0.4773886284722222 0.017551052343749964 0.01456087361111113
0 0.49045441757812497 0.47738862777777774 0.015210911718749998 0.01872112222222218
0 0.464127838671875 0.46698800416666664 0.02106126328125004 0.0228813722222222
0 0.42376041796874997 0.47218831597222216 0.015210912499999996 0.0166409986111111
0 0.43429104882812497 0.4711482534722222 0.012870771093749945 0.018721120833333296
0 0.395678733984375 0.4690681284722222 0.015210911718749998 0.014560870833333281
0 0.65660438125 0.45762744375 0.015210912499999996 0.024961498611111053
0 0.646073749609375 0.4815488777777778 0.019891192968749926 0.027041622222222214
0 0.596930802734375 0.5127507479166666 0.03861231484375001 0.060323615277777756
0 0.54603275 0.5304318090277778 0.08658519218750005 0.12480748472222218
0 0.11261925312499999 0.5418724944444444 0.224653471875 0.39522369999999996
3 0.8139909949218751 0.5200311854166667 0.023401403906249917 0.07488449027777777
0 0.9883314496093749 0.7051622875000001 0.02106126328125004 0.20385222500000005