0 0.498711423046875 0.42164955416666666 0.009278353906250026 0.01855670555555559
0 0.514948539453125 0.4247423368055556 0.025515467968750018 0.03711340694444445
0 0.469136675 0.44742275555555555 0.06378867031249999 0.10309280277777776
2 0.440141825390625 0.4051547076388889 0.03827320234374998 0.04329897916666662
0 0.41462635703125006 0.4371134743055555 0.040592790625000055 0.057731968055555506
0 0.387951094140625 0.43195883194444445 0.031314436718750026 0.055670108333333385
2 0.3780928453125 0.4123712027777778 0.04407217187499999 0.06597939444444449
2 0.318943351171875 0.4000000659722222 0.09046393359375 0.12371135972222223
0 0.792719203125 0.43608254652777784 0.12641754687499995 0.08453609583333327
0 0.858827461328125 0.42577326597222226 0.07306702265624984 0.06391753472222221
3 0.53582483046875 0.41649491250000004 0.006958764062500044 0.02886598333333339
3 0.71849238671875 0.4226804826388889 0.012757734374999963 0.06185568194444444
3 0.7283506359375 0.42164955416666666 0.011597940625000015 0.05154639999999999
3 0.87443824375 0.43601811458333334 0.04277335000000004 0.15670105972222217
3 0.0933634171875 0.4369072923611111 0.0127577328125 0.051546398611111106
3 0.20354384804687503 0.42350522777777777 0.01043814609375 0.04123711666666673
4 0.011018042968749999 0.3254819638888889 0.022036085937499998 0.020035988888888863
4 0.014497425 0.2505155055555556 0.015077321874999999 0.03917526111111111
4 0.47261605703125 0.16804126527777777 0.08234537499999997 0.026804127777777766
4 0.661662480078125 0.2391752972222222 0.04059278984375005 0.02886598333333335
5 0.00347938203125 0.2773196326388889 0.0069587640625 0.04742268749999998
5 0.079445889453125 0.23608251319444445 0.012757733593749997 0.05979382361111113
5 0.09394331445312501 0.23092787291666667 0.013917527343750003 0.04536083194444447
5 0.40592790273437496 0.18350518472222224 0.013917527343749958 0.053608255555555574
5 0.419265533203125 0.18762889652777778 0.012757733593750053 0.04948454305555556
5 0.687371270703125 0.29621998125000004 0.025515467968750018 0.04536083194444444
5 0.563273313671875 0.3415808131944445 0.009278353906250026 0.028865984722222234
5 0.390657292578125 0.3646048666666667 0.0057989695312500086 0.018556700000000013
5 0.0051785128906250005 0.3739499701388889 0.01012499921875 0.028499998611111167
4 0.690468703125 0.19024997777777777 0.03881249687500006 0.022499999999999985