4 0.19661668203125 0.4949996520833333 0.010546868750000016 0.02343748194444441
6 0.6890235703125 0.6414839277777777 0.07514643281250004 0.31171853333333327
4 0.420078442578125 0.4645309236111111 0.01713866015624994 0.018749986111111148
4 0.418760083984375 0.44109343958333336 0.019775377343749945 0.023437484722222183
0 0.411509112890625 0.5360152499999999 0.09755852734375003 0.10546867777777773
0 0.5262062999999999 0.4938277777777778 0.01054686718749993 0.025781230555555527
0 0.562461156640625 0.48328091111111116 0.009228508593750018 0.01874998888888884
0 0.56971212890625 0.4879684069444445 0.015820301562500028 0.028124980555555526
0 0.5782814593750001 0.4926559041666667 0.019775378124999944 0.037499974999999984
0 0.58750996796875 0.4938277784722222 0.019775376562499947 0.0398437236111111
0 0.598716015625 0.4938277777777778 0.02109373437500004 0.049218713888888904
0 0.615854675390625 0.4985152756944444 0.03955075390624998 0.05859370972222225
0 0.6422218449218751 0.5067183944444444 0.039550755468749976 0.0656249555555555
0 0.490610620703125 0.49148402986111106 0.013183585156250021 0.02109373472222218
0 0.5446633171874999 0.5055465201388889 0.036914037499999976 0.058593709722222165
0 0.319224020703125 0.5535933618055555 0.10546867734375001 0.12187491527777783
0 0.09764916171875 0.6321089333333333 0.1952983234375 0.28359355555555565
2 0.8722753984375 0.37523411319444444 0.2544431859375 0.7504682263888889
5 0.48710634375 0.4375430243055556 0.007040562500000025 0.016092715277777832
5 0.546951126171875 0.43486090555555557 0.006034767968750021 0.017880794444444507