4 0.701901205859375 0.22235309166666667 0.023823546093750016 0.04235296944444444
4 0.68850046015625 0.2461766402777778 0.020845601562499993 0.0158823638888889
4 0.722002320703125 0.2964707888888889 0.013400744531250019 0.026470605555555533
4 0.55002610078125 0.21308838055555554 0.11018389843750001 0.04500003055555556
2 0.5139929925781249 0.3930885034722222 0.05062503515625005 0.07147063750000003
2 0.47825767500000005 0.3864708520833333 0.03573531875000002 0.0847059402777778
2 0.43805544101562505 0.3560296555555556 0.04169120546874998 0.05029415277777779
2 0.40604255234375 0.36926495833333334 0.02531251718750003 0.05029415277777783
2 0.343654650390625 0.39441203472222225 0.11911772890624998 0.11647066666666671
2 0.41289183046875 0.3904414409722222 0.06104783593749996 0.039705909722222224
2 0.5531529515625 0.4023532166666667 0.03126840468749999 0.058235336111111105
2 0.574743039453125 0.40500027430555563 0.023823544531249928 0.04764709027777777
2 0.138474359375 0.35735318402777777 0.27694871875 0.30176490972222225
2 0.2858825484375 0.38117673194444446 0.04466914843750001 0.16941188055555553
0 0.652467374609375 0.40764733680555565 0.026801488281250042 0.04764709027777777
0 0.5929085109375001 0.41294145763888884 0.02084560312499999 0.031764729166666686
0 0.5556842214843749 0.44470618402777784 0.04764709140625003 0.06882357638888889
0 0.44028892187499996 0.42352970069444446 0.04913606249999995 0.04764709027777777
0 0.37283849218750004 0.4314708847222222 0.08636035312500004 0.07941181944444445
0 0.627154834765625 0.4367650034722222 0.05955886328124995 0.1005883041666667
7 0.51652423984375 0.5413239006944445 0.04913606250000004 0.15617657916666675
0 0.098625762109375 0.6419122027777777 0.19505528046875 0.43676500277777774