0 0.44296859609375006 0.5324998145833334 0.010546873437500003 0.024374990277777817
0 0.436113129296875 0.5484373076388889 0.009492183593749991 0.02624999027777777
0 0.36583269765625 0.5611809993055555 0.017452500000000003 0.04463759027777772
0 0.31602381328125 0.5572498055555556 0.024257806250000024 0.04874998333333333
0 0.3433006609375 0.5666515854166666 0.04113279843750002 0.050624981944444473
0 0.48199201914062506 0.4649998375 0.00843749765624997 0.011249997222222181
0 0.482519362890625 0.5090623229166666 0.009492185156249989 0.016874995833333312
0 0.4619529640625 0.5278123138888888 0.010546873437500003 0.016874991666666735
0 0.48410139374999994 0.5512498083333333 0.014765620312499995 0.018749997222222228
0 0.49570295117187496 0.4687498368055556 0.008437496093749974 0.013124993055555558
0 0.49675763945312496 0.4828123305555555 0.008437499218749967 0.014999994444444473
0 0.49939435546874994 0.5006248236111112 0.009492182812499994 0.02062499166666664
0 0.502031075 0.5156248215277779 0.010546871875000008 0.020624993055555527
0 0.50414045 0.5362498104166666 0.010546873437500003 0.01687499027777785
0 0.5062498230468749 0.5521873076388889 0.006328122656249935 0.022499993055555556
0 0.51310528984375 0.5503123069444444 0.008437496874999973 0.03374998888888893
0 0.5220701296874999 0.5549998055555556 0.017929679687499967 0.0393749861111111
0 0.5516013687499999 0.5446873090277778 0.049570293749999994 0.0824999708333333
0 0.55740215078125 0.5596873048611111 0.04640623437500002 0.08249997361111107
0 0.58957010703125 0.5699998006944444 0.06433591718749998 0.1031249652777777
0 0.14791687578125 0.5753318298611111 0.1434374484375 0.1537499458333333
0 0.2797527671875 0.5753318305555556 0.07382809843750002 0.07124997777777776
0 0.635709675390625 0.5912693243055556 0.11285152421874996 0.13312495416666664
2 0.400457384765625 0.5171873076388889 0.06685252578125 0.13687495138888886
0 0.047988264453125 0.6168747840277777 0.09597652890625 0.15749994583333335
0 0.940075562109375 0.7965634520833333 0.11984887578125 0.33483390138888885