4 0.448147681640625 0.3009059333333333 0.023218319531249955 0.016996416666666687
4 0.43312406484375005 0.3312566777777778 0.05326555624999996 0.04856118888888889
4 0.492535644921875 0.3567513027777777 0.008194700781250041 0.021852536111111102
4 0.49321853671875004 0.3919581659722222 0.01775518437499999 0.03399283472222218
4 0.465219975390625 0.41988084999999997 0.010926267968750025 0.016996416666666726
4 0.51985131484375 0.4223089097222222 0.010926268750000023 0.02185253611111114
4 0.41741755234374994 0.40895458055555556 0.016389401562499996 0.024280597222222235
4 0.403076827734375 0.4125966708333334 0.009560483593749992 0.021852536111111064
4 0.33410476054687505 0.36767757152777786 0.010926267968749981 0.019424476388888855
4 0.14357796796875003 0.3458250347222222 0.0423392875 0.07769790277777773
5 0.1729423125 0.3579653319444444 0.013657835937500007 0.024280594444444425
4 0.034315289453124995 0.39317219305555556 0.009560483593749997 0.02185253611111114
4 0.047290232421875 0.40652652083333335 0.008194700781249998 0.01942447777777782
4 0.075971686328125 0.40652652083333335 0.010926267968750004 0.01942447777777782
1 0.14630953515625 0.42716502777777776 0.0314130203125 0.04127701111111111
0 0.13128591640625 0.4283790576388889 0.023218320312499995 0.03399283194444449
0 0.108750487890625 0.42109487916666666 0.03277880390625 0.01942447500000005
0 0.12650567421874997 0.4478035340277778 0.0355103703125 0.03399283472222218
0 0.09372687070312499 0.4405193569444445 0.03277880390624999 0.02913671388888888
0 0.0629967421875 0.4259509979166667 0.028681453125000006 0.019424476388888855
0 0.18728303867187499 0.43080711805555555 0.01775518515625001 0.01942447777777782
4 0.19957508984375 0.41138264236111105 0.01502361875 0.01456835694444444
4 0.17294231249999997 0.38467398472222225 0.024584103125000013 0.024280594444444383
4 0.194111955859375 0.3834599555555555 0.02048675234374999 0.026708652777777786
4 0.23440256875000004 0.4138107006944444 0.010926268749999978 0.01456835694444444
4 0.225524975 0.41502473194444445 0.009560482812499993 0.02185253611111114
4 0.269230046484375 0.41623876111111113 0.009560483593749992 0.01942447777777782
4 0.34434813789062496 0.41623876111111113 0.009560483593749992 0.01942447777777782
4 0.3928334515625 0.41866682083333334 0.010926268750000023 0.014568358333333404
4 0.370980916015625 0.41988085069444453 0.010926267968750025 0.012140298611111117
0 0.322495602734375 0.4259509979166667 0.009560483593749992 0.019424476388888855
0 0.33000741132812494 0.4295930874999999 0.010926267968749981 0.016996416666666646
0 0.299960175 0.42837905833333334 0.010926268750000023 0.024280597222222235
0 0.254206426953125 0.43080711805555555 0.012292050781250018 0.01942447777777782
0 0.24054859374999998 0.43080711805555555 0.012292051562500017 0.01942447777777782
0 0.210501356640625 0.42473696736111116 0.017755185156249985 0.016996415277777763
0 0.28698523125 0.4295930861111111 0.009560484375000034 0.021852536111111064
0 0.27401028828124996 0.4308071173611111 0.010926267187499982 0.01456835694444444
0 0.31088644374999996 0.4295930875 0.01365783437500001 0.026708655555555558
0 0.4201491210937499 0.4441614451388889 0.016389401562499996 0.03156477361111109
1 0.431075388671875 0.4283790576388889 0.021852535156249964 0.03399283194444449
0 0.22757365156249998 0.43323517638888887 0.02458410312499999 0.024280594444444463
0 0.37029802421875 0.45265965277777775 0.03960772031250004 0.05827342777777784
0 0.43653852304687496 0.4635859208333334 0.03277880390624999 0.04127701111111111