5 0.812128977734375 0.23916386180555554 0.01638940234374999 0.07526984583333338
0 0.06572830898437501 0.47728712152777775 0.12974943046875 0.28165490416666666
1 0.40375971835937496 0.4517924958333333 0.035510371093750014 0.0801259638888889
1 0.43927008867187495 0.45265965138888886 0.040973503906249945 0.08255402222222222
0 0.48297516132812496 0.4672280104166666 0.010926267968750025 0.03399283750000003
0 0.288351015234375 0.5072909916666666 0.19257546953125 0.21609729722222223
0 0.4542937078125 0.48543845486111115 0.05736290468750003 0.08983819861111107
0 0.4979987785156251 0.4708700979166666 0.024584102343750035 0.04613312916666664
4 0.6728190625 0.24991668263888892 0.019120968749999977 0.03642089027777777
4 0.650966527734375 0.24870265416666668 0.021852535156249964 0.038848952777777786
4 0.627065316015625 0.24870265416666668 0.020486753906250054 0.038848952777777786
4 0.6045298906250001 0.24748862569444444 0.019120970312499975 0.03642089583333335
4 0.6072614566406249 0.39438622430555553 0.010926267968749936 0.033992831944444406
4 0.7001347324218751 0.3773898076388889 0.01912096796875007 0.024280593055555577
4 0.679647980859375 0.38467398750000004 0.010926267968750025 0.01942447777777774
5 0.520534205859375 0.3980283131944444 0.009560483593750035 0.026708654166666672
5 0.548532766796875 0.41259667152777774 0.01092626640624994 0.01699641805555553
5 0.83739597265625 0.3267474298611111 0.028681453125000013 0.04370507083333332
5 0.7977882507812499 0.32674743125 0.015023617187499916 0.04856119027777781
6 0.88929574375 0.5376417368055556 0.10789689375000008 0.11169074027777776
3 0.98353480390625 0.5157891986111112 0.0314130203125 0.20881311666666671
3 0.8578827253906252 0.5048629319444444 0.02868145390624992 0.2015289388888889
3 0.8927102031249999 0.5060769625 0.04370507031249993 0.1845325222222222
3 0.801202708984375 0.5097190506944445 0.030047236718749915 0.1578238680555555
3 0.6609026234375 0.47832772291666664 0.015023617187500005 0.07284178750000005
3 0.612417309375 0.47347160277777783 0.00819470156250004 0.053417308333333344
3 0.621294903515625 0.48075578263888885 0.012292052343749926 0.043705068055555546
3 0.695047209375 0.4722575743055556 0.009560484375000034 0.06555760694444446
3 0.705290587109375 0.4661874270833334 0.010926267968750025 0.06798566805555556
3 0.716899746484375 0.4686154833333333 0.012292052343750016 0.05827342499999999
3 0.7319233640625 0.4698295180555555 0.012292051562500017 0.06555760555555558
3 0.7428496324218751 0.47104354375000007 0.009560485156249942 0.058273429166666724
3 0.7524101171875 0.4698295138888889 0.009560484375000034 0.04613313055555553
3 0.516812466796875 0.4710435465277778 0.0054631335937499696 0.0388489513888889
3 0.5209098179687499 0.4722575743055556 0.00819470156250004 0.03642089583333335
3 0.5982131609375 0.4734716048611111 0.008194701562499952 0.048561190277777735
3 0.58796978671875 0.47589966666666667 0.006828915624999965 0.0485611916666667
1 0.36432274218750005 0.4479769791666667 0.0396077203125 0.0776979027777778
0 0.17106438124999998 0.49653816875000006 0.05736290625 0.07526984027777775