0 0.270433603125 0.5801977680555556 0.017008403125000005 0.014229252777777725
0 0.23291506640624998 0.5775297861111112 0.0240118625 0.01956522222222227
0 0.38186575078125 0.5831029055555556 0.008003953124999973 0.016007908333333393
0 0.372361053515625 0.5804349208333334 0.017008403906250004 0.028458505555555607
0 0.35985487578124997 0.5822135777777778 0.018008898437499976 0.024901194444444424
0 0.34884943828125003 0.58666021875 0.014006920312499994 0.030237162500000005
0 0.41938428710937503 0.5831029055555556 0.009004449218750033 0.016007908333333393
0 0.45440158906250006 0.5777669354166667 0.013006426562500017 0.0160079097222222
0 0.40037489492187495 0.5813242486111111 0.023011369531249982 0.03023716111111112
0 0.43695471562500005 0.5794008013888889 0.02188732031249998 0.029947580555555537
0 0.480414440625 0.5848815631944444 0.043021254687499955 0.062252979166666715
0 0.5644559640625 0.5768776069444445 0.05702817656250003 0.07114626388888894
0 0.32295955625 0.5819764270833333 0.04402175156250001 0.06758895138888887
0 0.09503753984374999 0.6371147805555556 0.18971253906250002 0.2276680416666666
0 0.981597515234375 0.7064823875 0.035392408593749994 0.2774704250000001