5 0.6896827496093749 0.08718743333333333 0.010546867968750017 0.06093745833333333
5 0.451059866015625 0.02835935208333333 0.013183583593750025 0.05671870416666666
5 0.46885770625 0.03070310138888889 0.01713866093750003 0.06140620277777778
5 0.704184692578125 0.0895311798611111 0.013183585156250021 0.05156246527777777
5 0.109605022265625 0.20671860138888887 0.029003886718750004 0.06093745833333334
5 0.14388234296875 0.20789047430555554 0.018457018749999988 0.04921871527777778
4 0.124766146484375 0.13640614930555553 0.05141598046875001 0.03749997361111112
4 0.7015479753906251 0.2852341715277778 0.015820302343750026 0.03515622638888887
0 0.55191428984375 0.3414841326388889 0.030322243750000054 0.04921871527777778
0 0.534775629296875 0.33679663819444444 0.011865225781249933 0.03046872916666668
0 0.525547119921875 0.34265600763888887 0.019775377343749945 0.0374999736111111
0 0.439853819921875 0.3637497444444444 0.038232396093749975 0.06562495555555559
0 0.1860698140625 0.36140599444444443 0.04218747187500003 0.04687496666666667
0 0.633652514453125 0.33796851111111115 0.014501942968749936 0.028124980555555564
0 0.65145035390625 0.3356247625 0.031640603125000055 0.03281247777777779
0 0.66924819375 0.3485153777777778 0.02241209375000004 0.04453121944444444
0 0.69891125859375 0.34617162986111116 0.0527343390625 0.08671869027777782
0 0.48401882890625 0.35789037013888886 0.07646479218750005 0.08671869027777777
0 0.5941017605468749 0.3696091138888889 0.08569330078124997 0.12421866388888891
0 0.266489681640625 0.4340621944444444 0.29794901484375 0.28593730277777774
0 0.09105736953125 0.4375778166666666 0.1821147390625 0.2226560972222222
3 0.08126031640625 0.3215622715277778 0.022412093749999994 0.04218747083333333
2 0.8452490488281249 0.3367966361111111 0.30849588203125 0.616405825