0 0.054241068749999996 0.6573238458333334 0.10676025156250002 0.14081638888888892
0 0.9048792074218749 0.6565585374999999 0.18424753203125005 0.2984695222222221
0 0.79037022578125 0.63972179375 0.14292098437499998 0.15153067638888895
0 0.11192604375 0.6267115854166666 0.0637117625 0.06428574305555554
0 0.21050708320312497 0.63972179375 0.08867988671874998 0.07806125694444448
0 0.32458557890625 0.6259462784722222 0.04993624687500002 0.050510226388888906
0 0.37150843164062497 0.6190585222222222 0.035299760156250005 0.03979593611111112
0 0.46793704609375003 0.6175279090277778 0.071460490625 0.10102045416666669
0 0.519164748046875 0.5999258611111111 0.01894133359375001 0.026020419444444404
0 0.7120219773437501 0.6313034256944445 0.0774872796875 0.10408167916666673
0 0.66897348828125 0.6190585215277777 0.04993624687500002 0.07959187083333334
0 0.645296819140625 0.6129360680555556 0.03013394296875003 0.05816328888888889
0 0.622050635546875 0.6068136173611112 0.03702170078125002 0.05204084305555554
0 0.6022483308593751 0.6060483125 0.02669006328124999 0.03826532222222217
0 0.58330699609375 0.6006911652777778 0.02841200312500005 0.033673483333333344
0 0.569100994921875 0.5976299416666666 0.012053575781249926 0.01530613333333335
0 0.562213235546875 0.5968646340277778 0.013775516406249988 0.01071429027777771
0 0.53035735546875 0.5930380993055556 0.015497456250000052 0.02448980694444442
0 0.5492986898437501 0.6029870854166666 0.01721939531250003 0.026020420833333367
4 0.743877859375 0.4954249736111111 0.03099491093750002 0.04839626944444449
5 0.42015322382812503 0.5188033743055556 0.005165819531250016 0.019897968055555597
5 0.427471466796875 0.5195686798611111 0.0060267898437500024 0.02142857916666669
5 0.5553254773437499 0.5096196972222222 0.005165817187500021 0.016836744444444444
5 0.550159659375 0.5088543916666667 0.006887757812499995 0.01530613333333335
4 0.623772575390625 0.5387013402777777 0.012914547656249997 0.013775513888888863
4 0.609997058984375 0.5509462451388889 0.012914547656249997 0.007653062499999979