0 0.9705806890624998 0.5017451854166667 0.007016809375000044 0.011088290277777762
0 0.9674621070312501 0.5052102791666666 0.008576099999999975 0.012474327777777777
0 0.962784234375 0.5079823513888889 0.010135390625000084 0.018018472222222214
0 0.9561572480468751 0.5183776222222223 0.010915036718750137 0.019404508333333344
0 0.94875061484375 0.5232287493055555 0.008576099999999975 0.020790545833333358
0 0.9440727417968751 0.5273868590277778 0.008576100781250063 0.02356261805555554
0 0.9358864640625001 0.5287728965277777 0.009355745312499941 0.026334693055555566
0 0.926530718359375 0.5301589333333333 0.012474327343749892 0.026334691666666684
0 0.922242669140625 0.5329310069444445 0.011694683593750099 0.029106763888888863
0 0.90976834140625 0.5336240222222222 0.019491137500000023 0.03880901944444446
0 0.89963295 0.5343170416666666 0.014813264062500053 0.04019505833333336
0 0.8832603933593749 0.533624025 0.024169010156249903 0.044353163888888894
0 0.872345356640625 0.5419402409722223 0.025728300781249835 0.04435316527777778
0 0.770211798046875 0.5509494784722222 0.07250703046875007 0.10118065972222223
0 0.699653881640625 0.5620377694444444 0.10915036953124994 0.12335724166666671
0 0.987343066796875 0.5059032972222223 0.01091503671874996 0.013860363888888906
0 0.347098176171875 0.6396558111111111 0.3193427851562499 0.23146808333333324
0 0.58933402109375 0.5740963048611112 0.17542023593750003 0.18018473472222218
0 0.8480204078125 0.5459597604166666 0.04942954374999999 0.05904515972222223
0 0.985861721484375 0.5911445368055556 0.027287591406249943 0.17325455138888884