4 0.798900609375 0.3892779076388889 0.013773429687499927 0.026118501388888878
0 0.57520462265625 0.4279236729166666 0.007345828124999976 0.009794437499999968
0 0.563726766015625 0.42792367708333334 0.011936971093749981 0.013059248611111072
0 0.55316713671875 0.43118848472222226 0.0128552 0.01632406111111114
0 0.5118468507812499 0.4360857090277777 0.005509370312500028 0.0195888763888889
0 0.5214882515625 0.4401667256944445 0.010100515625000028 0.02122128472222226
0 0.535720792578125 0.43282089861111117 0.01652811328124999 0.02285369166666666
0 0.49164582109375 0.4409829270833333 0.03121977031249994 0.04570738194444443
0 0.6931969984374999 0.42279325277777785 0.013773429687500015 0.019588875000000013
0 0.740026654296875 0.43340389305555554 0.01560988515624997 0.03428053611111111
0 0.468821279296875 0.4399335194444445 0.01469165703124995 0.0212212833333333
0 0.635283010546875 0.5013819645833334 0.14875303046874996 0.18282951249999999
0 0.7818060675781251 0.4407497194444444 0.06794891640624998 0.07182588333333331
0 0.714053925 0.43340389027777776 0.03948382812500002 0.04733978333333329
4 0.46903776679687503 0.3688950895833333 0.018921292968749982 0.024667756944444442