0 0.041827098046875 0.6639008305555556 0.08194700859375 0.3205038555555556
0 0.12787145703125 0.5789187472222223 0.1912096859375 0.203957
2 0.49225775039062497 0.4881238423611111 0.26713777265625 0.5118059013888889
2 0.25438621757812496 0.48234041666666666 0.11300044921875 0.1883005388888888
2 0.331373194921875 0.4927226347222223 0.04370507109375001 0.1189749166666667
2 0.887825577734375 0.4887036666666667 0.09403029296874994 0.0831836027777778
2 0.82851837890625 0.4963647229166667 0.024584101562500037 0.05341730972222223
2 0.8018856023437501 0.49636472361111117 0.025949885937500028 0.06312954722222225
5 0.045924448828125 0.3534560875 0.010926267968749997 0.053417308333333344
5 0.304057525390625 0.24297937847222223 0.010926267968749981 0.060701487500000005
5 0.05753360859375001 0.35831220555555554 0.012292051562500007 0.0534173083333333
5 0.289033907421875 0.2466214673611111 0.010926267968749981 0.05341730972222223
5 0.45839105820312503 0.22112684236111108 0.019120969531249976 0.05584536805555559
4 0.6291139929687499 0.1260856486111111 0.0464366375 0.05098925