4 0.6858074511718749 0.30568384305555557 0.03438943203124998 0.06987058888888889
4 0.70510764375 0.24641860833333334 0.02386205624999995 0.038678363888888886
4 0.7156350191406251 0.2894638840277778 0.022458405468749998 0.03493529583333333
4 0.689667490625 0.3817928826388889 0.021054754687499955 0.06987059305555555
6 0.14189295781250003 0.49969950555555553 0.011931028124999998 0.03618298611111115
0 0.31524376953125 0.48805440486111107 0.04702228437500002 0.05365063472222218
5 0.29138171484375 0.3686921458333333 0.0077200765625000225 0.021210716666666626
3 0.680660735546875 0.5053141090277778 0.02596753046874998 0.1522180763888889
4 0.7024173152343749 0.4628926763888889 0.011931028906249974 0.0573937
3 0.57679061328125 0.4834795479166667 0.010527378124999931 0.04117374305555551
0 0.55198548046875 0.50964203125 0.05263688593750002 0.08234748472222223
0 0.71259377890625 0.4928372152777778 0.02386205624999995 0.04990756666666667
0 0.052523569140625004 0.5028187305555556 0.10504713828125001 0.20212564166666666
2 0.43841408359375 0.44376143958333336 0.19510739218750003 0.3443622069444444