4 0.6371429046875 0.2087761173611111 0.023055029687500016 0.05379507083333337
4 0.638223609765625 0.25296492847222224 0.009366107031249982 0.03970588749999998
4 0.58238720546875 0.32148960555555556 0.014409395312500007 0.01280835277777778
4 0.7434121906250001 0.3016366618055556 0.013688925000000029 0.019212526388888897
5 0.48595683515624993 0.30099624375 0.009366106249999983 0.020493362500000008
0 0.4275267453125 0.37464425972222226 0.030259728124999975 0.05251423611111115
0 0.445898723828125 0.37400384374999995 0.009366105468749986 0.020493362500000008
0 0.411676411328125 0.3765655145833333 0.01585033515624996 0.03074004305555557
0 0.40663312382812505 0.37848676666666664 0.010086577343750047 0.02433586666666672
0 0.399788661328125 0.3868121944444444 0.016570803906249987 0.051233402777777805
0 0.5597329421875 0.35991465694444447 0.019452682812499945 0.04354839166666665
0 0.578465154296875 0.4028226319444444 0.029539258593749996 0.08837761944444446
0 0.6299787289062501 0.397058875 0.10807045937500001 0.1665085611111111
0 0.718141089453125 0.41736926597222224 0.15850334140625 0.2331119847222222
0 0.8589929222656251 0.42313302291666666 0.28026272578125005 0.3368596263888889
2 0.2286509015625 0.27405868055555554 0.355912046875 0.5469165777777778
3 0.427238573828125 0.3829296618055556 0.015850333593749967 0.06276092083333336
0 0.503488250390625 0.40291602569444446 0.14049159921875 0.24848200694444447