5 0.5121138507812499 0.2777228479166667 0.010011792187500035 0.05434409583333333
5 0.721304376171875 0.31582116388888887 0.009560483593750035 0.04613313055555557
5 0.710378108984375 0.31582116388888887 0.012292050781250018 0.036420891666666656
4 0.069825658203125 0.28026742847222225 0.03414458671875 0.03399283472222222
4 0.19001460468750003 0.27783936805555554 0.03141301875000002 0.02913671388888888
4 0.36193262109375 0.3731927583333334 0.019120968749999977 0.012140297222222231
4 0.371493105078125 0.40961365069444444 0.01638940234374999 0.03156477361111109
4 0.4404651707031251 0.4059715618055555 0.03414458671874998 0.03399283472222226
4 0.4404651707031251 0.43875036458333333 0.03414458671874998 0.03156477361111109
4 0.7072027082031249 0.4132557388888889 0.010926267968749936 0.00971223611111106
4 0.7174460843749999 0.4181118590277778 0.00682891718750005 0.019424476388888855
5 0.18847811953125002 0.36016216319444444 0.01912096875 0.03884895138888894
5 0.05463133906249999 0.3589481326388889 0.016389401562500006 0.03642089027777777
0 0.17302839335937498 0.61781155 0.34410716953125 0.33793338611111107
0 0.8958484105468749 0.5900836826388889 0.20276003203124998 0.3587292875
0 0.30170302851562497 0.5129655513888889 0.07116097265624996 0.07278565277777777
0 0.48155507695312505 0.5146985423611111 0.023395389843750003 0.0415918013888889
0 0.712584535546875 0.5146985430555555 0.025345003906250073 0.03812581944444441
0 0.7452405984375 0.5224970055555556 0.041916737500000065 0.06065471111111115
0 0.491985532421875 0.4880104791666667 0.012672503906250032 0.013863930555555569
2 0.46615312460937497 0.4810785138888889 0.02729462109374996 0.024261883333333383
1 0.564586359375 0.4618422951388889 0.13354867500000003 0.28940961805555554