2 0.08188385898437499 0.54589239375 0.16181810234375 0.29460859305555553
0 0.21835695742187503 0.5944161618055556 0.08188385859375 0.11437745416666674
0 0.478630652734375 0.6108795833333334 0.11697694296875003 0.22702191666666668
0 0.576598840625 0.6117460791666667 0.05556404687499992 0.07278565277777777
0 0.73549251953125 0.6143455666666666 0.143296753125 0.1854301138888889
0 0.5400435464843749 0.5892171868055556 0.015596925781250003 0.020795901388888892
2 0.805678684375 0.6022146243055556 0.310963703125 0.20622601527777779
5 0.375788425 0.4765727243055556 0.006823656250000009 0.031193851388888857
5 0.56538855078125 0.4817716993055556 0.005848846875000024 0.02772786527777779
5 0.31437553046875 0.54589239375 0.008773270312500036 0.013863934722222224
5 0.2320042671875 0.5328949555555555 0.013647309375000027 0.015596924999999985
5 0.2471137890625 0.5051670881944444 0.010722885937500015 0.03639282638888896
5 0.38017506015625 0.4791722118055555 0.007798464062499999 0.032926843055555585
4 0.31632514609375 0.5094995673611111 0.010722885937499971 0.013863934722222224
2 0.37432621289062495 0.5770862444444445 0.07213578046874995 0.0866495861111111