4 0.15638688710937498 0.36435042916666666 0.01300037734374999 0.01903323055555559
4 0.4834355988281249 0.39018124722222225 0.013000377343750013 0.010876130555555601
4 0.4803766859375 0.41465254375 0.008412009375000019 0.010876134722222177
4 0.448676878125 0.40523305347222227 0.013765106249999982 0.012235651388888947
0 0.383893480859375 0.4567975548611111 0.00764727890625001 0.013595162500000018
0 0.3896289421875 0.4581570708333334 0.009941464062500006 0.013595166666666674
0 0.39307021601562503 0.4622356208333334 0.010706191406249977 0.021752266666666662
0 0.40186459140624997 0.4635951395833333 0.013000378124999967 0.027190331944444462
0 0.41104132812500005 0.46495465347222226 0.014529832812500042 0.027190331944444462
0 0.42442406796875004 0.4676736875 0.02753020781250006 0.03262839999999995
0 0.44239517578125 0.4758307881944444 0.016059289062499982 0.05166162916666666
0 0.453483734765625 0.47447127083333335 0.02447129921875 0.06253776111111106
0 0.46571938046875 0.4799093381944444 0.027530207812499975 0.07069485972222225
0 0.48292576406250004 0.48942595069444444 0.03594221874999999 0.07613292638888886
0 0.5112207015625 0.4962235354166667 0.06806079843750004 0.08429002638888893
0 0.5819580468750001 0.5064199097222223 0.11776812031250002 0.13731117499999995
0 0.674107776953125 0.5370090326388889 0.1735932679687499 0.18489424861111117
0 0.31927396015625 0.4589727888888889 0.013000378124999967 0.016314194444444517
0 0.333039065234375 0.4576132715277778 0.016059288281249983 0.019033229166666703
0 0.31047958828125 0.46237158125 0.013765103125000034 0.020392751388888856
0 0.302067580078125 0.4637310986111111 0.01529456171875001 0.023111786111111126
0 0.295185027734375 0.46916916180555557 0.012235647656250005 0.025830815277777773
0 0.28371410429687505 0.4678096465277778 0.018353471093750028 0.028549845833333306
0 0.3730343453125 0.4671298888888889 0.019882929687500005 0.0271903305555555
0 0.26788423828124996 0.4698489215277778 0.02676548125 0.029909362500000074
0 0.21779454999999998 0.47596674513888887 0.03823640156249999 0.06117824305555549
0 0.19982344375 0.4814048125 0.03288330625 0.05574017777777777
0 0.18376415234375001 0.48412384513888895 0.031353850000000016 0.06117824305555557
0 0.14070996289062498 0.48670692083333333 0.07723753515625001 0.08429002500000003
0 0.05220165234375 0.4949171222222222 0.1044033046875 0.13595165277777774
0 0.854219155859375 0.60089551875 0.2867730179687501 0.34790844583333325