0 0.10941845195312501 0.5705899875 0.046242563281249996 0.039723061111111076
0 0.34070507968749997 0.5620377701388889 0.018711492187500012 0.0180184736111111
0 0.39021256757812506 0.5655028618055555 0.013253972656249991 0.02217658194444441
0 0.4233475015625 0.5661958791666666 0.01715220000000004 0.026334691666666684
0 0.403076718359375 0.5627307888888888 0.009355746093750028 0.011088291666666725
0 0.37695859453125 0.5599587159722222 0.016372556249999982 0.016632437500000048
5 0.39099221328125 0.51768460625 0.008576099999999975 0.009702254166666632
5 0.44292090664062495 0.5263056611111111 0.009191208593750045 0.013084002777777768
0 0.265730694140625 0.5614569333333334 0.029369692968750007 0.021456952777777774
0 0.30053143359375 0.5587748131944446 0.012069535937499997 0.0196688736111111
5 0.44335427578125 0.5408940194444445 0.008046357812500026 0.0125165555555556
5 0.27438077226562496 0.4997681930555556 0.008046357031249984 0.008940397222222254