0 0.42728280390624995 0.4454933819444444 0.019891192187499927 0.035362119444444395
0 0.4068065765625001 0.4524271319444444 0.014040840625000061 0.03120187222222223
0 0.40037119140624994 0.4565873784722222 0.022231332812499983 0.03536211805555559
0 0.3816500671875 0.45762744375 0.04095245625000006 0.054083245833333314
0 0.27575871875 0.4805088152777778 0.08658519218749997 0.13728823333333334
0 0.326656769921875 0.5065103743055556 0.11583694609374998 0.13104786250000003
0 0.14354078984375002 0.44202650763888884 0.08658519375 0.031201870833333346
0 0.03881951015625 0.48882931249999995 0.0760545609375 0.1123267361111111
0 0.1259897359375 0.5325119326388889 0.2152929109375 0.17057022916666667
0 0.48403120703124997 0.44618675555555554 0.037442245312499976 0.04368261944444443
0 0.5308340144531251 0.45554731666666665 0.042122525781249996 0.045762744444444475
0 0.589337523828125 0.4784286902777778 0.06552392890625 0.08320498888888891
0 0.6928887328125001 0.5054703125 0.12753764687499994 0.11232673611111119
0 0.462969944921875 0.5304318097222221 0.12636757734374998 0.16224973055555558
0 0.6782628546874999 0.44202650833333335 0.03276196406249996 0.027041622222222214
0 0.737351398828125 0.4565873798611111 0.033932035156249984 0.04784287083333333
0 0.7765487515625 0.43890632013888886 0.037442245312499976 0.03744224583333333
0 0.8321270820312499 0.46490787847222226 0.12051722656250004 0.09776586249999997
0 0.9228075203125 0.5397923701388889 0.15210912187500014 0.31825908472222214
4 0.64491585546875 0.3681820777777778 0.015210912499999996 0.02080124722222223
4 0.6490111015625001 0.3962637638888888 0.009360560937499951 0.010400625
4 0.6443308218749999 0.31617896041666665 0.011700701562500004 0.0166409986111111
4 0.54716698359375 0.4028844326388889 0.010926267187499939 0.041277012499999995