0 0.10856563515624999 0.8406310916666667 0.21362286249999998 0.29383972222222227
0 0.3956700859375 0.7319658458333334 0.00857610000000002 0.015246402777777727
0 0.3867041625 0.732658863888889 0.007796456250000005 0.016632438888888934
0 0.375789125390625 0.7416681 0.010915036718750003 0.020790547222222244
0 0.326671460546875 0.7603795909722221 0.015592908593749977 0.03603694583333331
0 0.315366600390625 0.7693888277777776 0.021050428906249995 0.05405541944444441
0 0.25845247890625 0.7900407631944445 0.10213355937499999 0.14414778749999993
0 0.426855905078125 0.7415294909722222 0.01949113515624994 0.030492801388888956
0 0.446736865234375 0.7429155243055555 0.024948655468750046 0.0415810930555556
0 0.483380202734375 0.778259451388889 0.032745110156250055 0.06514371111111106
0 0.5317182234375 0.7734083270833333 0.07952383906250002 0.11919913194444437
0 0.352789582421875 0.7670325479166666 0.045999083593750004 0.07207389583333344
0 0.40814441484374997 0.741390875 0.013253973437499945 0.018018472222222214
0 0.456092612109375 0.7581619250000001 0.026507947656250065 0.03770020833333329
0 0.55822617109375 0.8084750506944444 0.11070965937500006 0.12834697916666676
4 0.97845508984375 0.4988345201388889 0.04210085781250008 0.12335724027777775
4 0.6723662652343749 0.5825511368055556 0.02183007265625001 0.02910676527777775
4 0.544972196875 0.6217759520833334 0.03274511093750006 0.030492804166666648
4 0.47324481210937497 0.6391014027777777 0.012474328906250064 0.012474327777777777
5 0.43972005664062497 0.5353565680555555 0.007796453906250012 0.04712523611111108
0 0.41126299570312497 0.7259365784722221 0.010135391406249994 0.009702254166666712