0 0.41948792343749997 0.42298549027777776 0.02159358906250004 0.04265399999999996
0 0.564644815625 0.41765374027777774 0.02639216093750001 0.04905209999999995
4 0.6906074109375 0.3792651388888889 0.007197862499999985 0.01919429722222219
4 0.69300669765625 0.40379119027777777 0.009597148437500013 0.02132699999999998
4 0.79377677421875 0.3718006902777778 0.014395726562500055 0.008530800000000009
4 0.98332048671875 0.35047369027777775 0.016795012499999908 0.051184800000000016
4 0.78238015859375 0.34514194027777784 0.010796792187499982 0.01066349999999999
1 0.633624331640625 0.39952578958333335 0.11396615546874997 0.2004738013888889
1 0.90114488984375 0.38992864027777774 0.061181831249999874 0.04905210000000003
0 0.949072890234375 0.48056839027777776 0.10185421953125004 0.16635060000000004
0 0.820768758203125 0.5242887388888888 0.31310701953125 0.3049760972222222
0 0.377500391015625 0.4496442402777778 0.07437791328125001 0.11303309999999998
0 0.4920663687499999 0.5008290402777777 0.17154905468750004 0.2367297
0 0.18135863867187502 0.47950204027777776 0.29391271953125 0.3177723
0 0.040931387890625004 0.43590845555555563 0.024169010156249997 0.026334691666666684