5 0.4675393480468751 0.2371873298611111 0.009228510156250013 0.05156246527777779
5 0.76285164453125 0.4071090895833333 0.014501943750000024 0.03046872916666664
5 0.746372163671875 0.41062471111111115 0.021093735156250036 0.03281247777777775
4 0.7628516445312499 0.34382788194444447 0.048779264062499994 0.021093736111111108
4 0.7233008902343749 0.34851537916666664 0.019775377343750032 0.025781233333333296
4 0.73318857890625 0.2676560590277778 0.03427732031249997 0.02343748472222222
4 0.6626564011718751 0.2828904236111111 0.03559567734375006 0.04453121944444444
4 0.57498556328125 0.2547654423611111 0.06064449062500001 0.03046872916666664
3 0.23484907773437502 0.5160933881944445 0.010546867968749974 0.0374999736111111
3 0.037095307421875 0.5371871236111111 0.01845701796875 0.07968744444444442
0 0.3198831984375 0.5102340173611111 0.019775376562499992 0.03984372361111118
0 0.51500025234375 0.5090621416666666 0.01186522656250002 0.032812477777777835
0 0.526206298828125 0.5125777659722223 0.015820302343749936 0.03515622638888895
0 0.53543480859375 0.5137496381944444 0.015820301562499937 0.04218747083333333
0 0.54598167578125 0.5160933874999999 0.021093735937500035 0.04687496944444444
0 0.6349708726562501 0.5254683819444445 0.06459956406250003 0.09374993611111111
4 0.5842140726562499 0.4164840819444444 0.007910151562499922 0.021093736111111146
4 0.5855324304687499 0.4434371868055556 0.013183584374999936 0.023437484722222183
4 0.50445338515625 0.45046843263888886 0.014501943750000024 0.014062490277777803
2 0.19266160664062498 0.5160933881944445 0.07646479140625002 0.10312492916666668
0 0.375254254296875 0.50671839375 0.014501942968750025 0.02812498194444449
2 0.39305209375 0.50671839375 0.018457018749999988 0.03281247638888895
2 0.350864622265625 0.49734340138888894 0.042187471093749984 0.06562495555555559
2 0.2948343890625 0.5160933874999999 0.04350582968749998 0.04687496944444444
2 0.1339946546875 0.54304649375 0.10151360312499999 0.10078118194444446
0 0.46753934726562496 0.5102340173611111 0.030322244531249966 0.03984372361111118
0 0.44710479140625 0.5114058902777778 0.013183584375000024 0.018749988888888916
0 0.41150911210937496 0.50671839375 0.015820302343750026 0.02812498194444449
0 0.5809181757812499 0.5371871243055555 0.08833001718750007 0.09843743472222223
3 0.495224875 0.5032027715277778 0.011865225000000024 0.04453121805555556