0 0.046303373046875 0.5069000791666667 0.09260674609375 0.23395388333333333
7 0.1052792484375 0.47743922222222224 0.089682321875 0.17156618055555556
0 0.11892655742187501 0.4687742625 0.13257386640625 0.16810020000000003
0 0.179852047265625 0.4011875840277778 0.018521349218749993 0.025994873611111066
0 0.525421428125 0.476572725 0.09748078437499999 0.22182294166666672
0 0.47570622968750004 0.4592428083333333 0.060438085937499955 0.14557130555555559
0 0.443050165625 0.46010930347222223 0.030219042187500024 0.09878052916666667
0 0.42989026054687496 0.4575098159722222 0.02144577265625003 0.06931967083333335
0 0.427940644140625 0.4479783611111111 0.029244235156249944 0.08145061111111115
0 0.41819256601562504 0.44364588125000004 0.02144577265625003 0.06238770138888891
0 0.40600746835937507 0.44364588125000004 0.012672502343750036 0.04852376805555557
0 0.3982090046875 0.44451237777777775 0.010722887499999967 0.036392825
0 0.38602390625 0.44624536875000004 0.013647309374999982 0.025994873611111066
0 0.31185805234375 0.4341144270833333 0.027455535937499987 0.04332479305555555
0 0.33679611054687497 0.44104639375 0.014622117968750015 0.0329268430555555
0 0.34946861328125 0.44451237916666664 0.01072288750000001 0.015596925000000065
0 0.37335140546875 0.4427793861111111 0.009748078125000026 0.01906290833333336
0 0.36360332695312503 0.44537887361111106 0.00974807890624998 0.024261883333333303
0 0.23736571093750003 0.4583763104166667 0.13744790625000003 0.18889609861111115
0 0.6843604308593749 0.5079789 0.32177723515625 0.4024787305555556
4 0.65507087265625 0.23048789791666663 0.027294620312500052 0.04505778472222224