4 0.54511830703125 0.45630174097222226 0.03960772031249995 0.055845370833333324
4 0.9637309421874999 0.4575157708333333 0.016389401562499906 0.014568355555555555
4 0.96441383515625 0.4769402479166667 0.015023620312500086 0.01456835694444444
4 0.77935017421875 0.4963647243055555 0.01365783437500001 0.019424476388888855
4 0.77935017421875 0.5157891993055556 0.01365783437500001 0.014568356944444518
4 0.7245651953125 0.45578144930555553 0.013965115625000024 0.01109971250000004
4 0.62129490234375 0.4516190680555556 0.012292051562499929 0.01942447500000005
4 0.7257773378906249 0.4734716034722223 0.01365783515625001 0.01456835694444444
4 0.7028662996093751 0.4498847479166667 0.01365783515625001 0.01456835694444444
4 0.710378108203125 0.48387757986111113 0.017755185156249985 0.01456835694444444
0 0.47590829609374996 0.49825658125000005 0.008992598437499933 0.008881579166666695
0 0.412837296875 0.4958881631944444 0.008992598437500022 0.008881579166666695
0 0.9889860125000001 0.4804934236111112 0.021981907812499913 0.05861842222222222