0 0.042009700390625 0.5234986604166666 0.08401940078125 0.1251844625
0 0.798984494921875 0.6188095569444444 0.28086485546875 0.33287686388888893
0 0.9666232046874998 0.6380139923611111 0.0656151515625 0.09531089583333335
0 0.35328157734375 0.5405692687499999 0.06641533750000002 0.07966284027777774
0 0.410894880859375 0.5249212104166667 0.034407946093750044 0.05690202916666662
0 0.5605294320312499 0.5505271236111111 0.05361237968749997 0.07112753611111107
0 0.503316221875 0.518519732638889 0.020804804687499966 0.03271866527777776
0 0.5277218570312501 0.5334565145833333 0.023205357812499994 0.0312961152777778
0 0.43209977734375 0.5213648340277778 0.01600369531249992 0.029873565277777757
0 0.440901809375 0.5227873833333334 0.012802956250000008 0.027028463888888864
0 0.48811271132812506 0.5178084576388888 0.00800184765624996 0.014225506944444454
0 0.45090411914062506 0.5163859083333334 0.012002771093750031 0.022760811111111046
0 0.460106244140625 0.5128295298611111 0.012802957031249918 0.024183362499999975
4 0.67175511640625 0.40115929791666666 0.021604989062499948 0.01707060694444446
4 0.776579321484375 0.3983141972222222 0.02800646640624995 0.011380405555555563
4 0.77897987578125 0.4196524583333333 0.013603140624999987 0.017070608333333345