0 0.036083254296875 0.7800467777777779 0.07216650859375 0.24545471944444452
6 0.052850367578125 0.5605936173611111 0.09241557578125 0.12688760972222224
7 0.44600392773437497 0.5200311854166666 0.026911614843749997 0.05824349305555556
3 0.43137805117187505 0.4701081916666666 0.01872112265625008 0.058243491666666675
3 0.0230235609375 0.5221113097222222 0.025741543750000002 0.13728823333333334
3 0.17513268320312497 0.5137908111111111 0.018721122656250012 0.1123267361111111
3 0.164602051953125 0.5179510611111111 0.02106126328125 0.13728823333333334
3 0.18800345546875002 0.5023501256944445 0.0163809828125 0.11440686249999996
3 0.19970415703125 0.5096305618055555 0.0210612625 0.13728823194444445
3 0.147050999609375 0.5241914347222222 0.02574154296875002 0.13312798333333334
3 0.804630433203125 0.5221113097222222 0.030421825781249988 0.13728823333333334
3 0.9386034667968751 0.5231513743055556 0.05499329765625003 0.16849010416666663
3 0.750807206640625 0.4659479423611111 0.016380982031250026 0.03328199583333339
0 0.372874541796875 0.5096305618055555 0.10998659609375001 0.12064723472222225
0 0.6279498382812501 0.5158709354166666 0.07722463125000001 0.09984598749999994
0 0.47525568125 0.5033901875 0.047972876562499954 0.06656399166666671
0 0.69171866328125 0.5023501243055556 0.05499330000000002 0.09360561527777772
0 0.57354157734375 0.49402962777777776 0.04563273593749999 0.06864411666666667
0 0.5460449269531249 0.48882931388888884 0.03276196484375005 0.07072424166666665
0 0.310275787890625 0.5065103756944445 0.09009540234375005 0.11024660972222225
0 0.49222169882812494 0.47842869097222224 0.030421824218749994 0.033281995833333314
0 0.50333736640625 0.48050881527777783 0.0269116140625 0.045762744444444475
0 0.5167931718750001 0.4753085041666667 0.014040840624999973 0.03536212222222224
0 0.5279088394531251 0.4784286902777778 0.00819049140625001 0.024961497222222167
2 0.589922557421875 0.44722681944444453 0.026911614843749997 0.037442244444444446
2 0.6478410312499999 0.4524271305555555 0.028081684375000027 0.03536212222222217
5 0.00215121953125 0.27561652777777773 0.0043024390625 0.11856710833333335
5 0.02097109609375 0.2776966534722222 0.020485915625 0.1144068625
5 0.8221814859375 0.3775426423611111 0.02574154375000006 0.03536212083333328
5 0.844412819140625 0.37650257708333335 0.014040841406249883 0.04160249583333334
5 0.8233515562499999 0.2912174638888889 0.014040842187499968 0.05824349166666663
5 0.532004084765625 0.4451466944444445 0.007020421093749984 0.024961497222222247
4 0.8116508539062501 0.16016960555555554 0.08892533125000002 0.045762744444444454
4 0.836807362109375 0.24753484444444446 0.043292596093749934 0.02080124722222223
4 0.8391475039062499 0.26417584097222224 0.024571474999999943 0.0166409986111111
5 0.019513351953125 0.3848230770833333 0.02808168359375 0.03744224583333333
5 0.79409980234375 0.12896773402777775 0.011700701562500004 0.033281995833333335
3 0.419092314453125 0.3442606451388889 0.03159189453125002 0.022881373611111124
3 0.415582102734375 0.4129047604166667 0.04095245546875002 0.02288137361111116
3 0.664222012890625 0.4149848868055555 0.03276196328124996 0.014560873611111053