4 0.6513512421875 0.26625596597222223 0.025741543749999974 0.016640995833333328
4 0.6373103999999999 0.29329758680555557 0.053823228125 0.03744224583333333
4 0.8058671914062501 0.31097864861111113 0.020663260937500018 0.04368261944444443
4 0.7847392421875 0.31825908472222225 0.01638098281250002 0.029121747222222223
4 0.761922871484375 0.32033921041666663 0.029251753906249966 0.03328199861111113
4 0.440153576953125 0.34322058333333333 0.024571474218750035 0.02912174722222218
4 0.4881264539062499 0.37442245138888886 0.005850351562499956 0.016640994444444442
4 0.863718976953125 0.30521531874999996 0.01755105234375005 0.013606784722222227
0 0.8292019070312499 0.3484208916666667 0.011700701562500092 0.022881372222222276
0 0.788249450390625 0.34634077013888886 0.009360558593750045 0.022881370833333314
0 0.7946848367187499 0.3505010173611111 0.008190490625000013 0.018721123611111147
0 0.43839847109374996 0.3827429513888889 0.01638098281250002 0.016640994444444442
0 0.395105874609375 0.3889833263888889 0.014040841406250015 0.02080124722222223
0 0.3424527171875 0.3931435763888889 0.01638098281249998 0.02912174722222226
0 0.39335076953125003 0.3910634520833333 0.015210912499999996 0.016640995833333328
0 0.30735061210937503 0.3921035145833334 0.021061261718750002 0.022881373611111085
0 0.13195064375 0.40131020833333336 0.0517042 0.03713450833333335
2 0.204969472265625 0.37546251458333335 0.040952455468749996 0.03536211805555559
0 0.208479683203125 0.40978457222222225 0.057333438281249996 0.06656398888888886
0 0.29038459609375 0.40458426319444446 0.0269116140625 0.02704162361111118
0 0.365854120703125 0.3983438895833334 0.044462664843749965 0.052003118055555575
0 0.547214996875 0.3993839513888889 0.037442245312499976 0.04992299444444449
0 0.839147503125 0.38170289027777776 0.019891192187500017 0.014560872222222245
0 0.169282334375 0.3973038243055556 0.0210612625 0.020801245833333346
0 0.764848048046875 0.35466126875 0.009360560156250041 0.010400623611111154
4 0.346355 0.31793871041666666 0.017563771875000002 0.023877545833333336