4 0.19313243515625 0.2719134645833333 0.010762798437500009 0.01488189305555557
4 0.19313243515625 0.28807094513888887 0.013154531250000013 0.01488189305555557
4 0.1943283015625 0.3072048097222222 0.013154531250000013 0.019133863888888866
4 0.41257393320312497 0.1520079159722222 0.011958664843750012 0.014881893055555552
4 0.39403800312500004 0.15094492430555553 0.013154531250000013 0.02125984861111111
4 0.378491739453125 0.1488189388888889 0.015546264843750013 0.021259847222222204
4 0.365935140234375 0.16263784027777778 0.0071751976562500095 0.019133863888888887
4 0.34799714375 0.17964571875000002 0.011958664062500013 0.010629923611111123
0 0.21286423281250003 0.37204734722222227 0.009566932812499962 0.01700787777777772
0 0.20030763437500002 0.37523632500000004 0.013154531250000013 0.019133863888888828
0 0.119586647265625 0.36248041458333335 0.011958664843750012 0.01488189305555557
0 0.10284451679687501 0.36248041458333335 0.011958664843749989 0.01488189305555557
0 0.090885851953125 0.36673238472222225 0.01195866484375 0.019133863888888904
0 0.081916853125 0.3731103395833333 0.010762798437500009 0.019133862499999942
0 0.049628458593749994 0.37417333194444446 0.010762798437499999 0.01700787777777772
0 0.014350398046874999 0.36779537638888893 0.02152559765625 0.025511816666666614
0 0.005979332421875 0.37736230972222223 0.01195866484375 0.019133863888888828
0 0.045442926171874995 0.40818908958333333 0.07175198828125 0.03826772638888893
2 0.049030525390625 0.3561024611111111 0.026309061718750006 0.03188977222222225
0 0.06457678945312499 0.3784253013888889 0.02152559609375001 0.025511816666666614
0 0.031092528125 0.3794882951388888 0.021525596875 0.019133865277777714
0 0.187153103125 0.37417333194444446 0.010762798437500009 0.01700787777777772
0 0.180575837109375 0.3784253027777778 0.014350397656249991 0.017007880555555487
0 0.22362703046875 0.37736230972222223 0.016742131250000014 0.019133863888888828
0 0.23259602890625 0.3762993166666667 0.010762798437500009 0.012755908333333269
0 0.24335882734375 0.37736230972222223 0.015546264062500014 0.019133863888888828
0 0.260100958203125 0.4177560215277778 0.05620572421875001 0.02763780416666669
0 0.22063736406250004 0.4166930284722222 0.017937996874999973 0.021259848611111132
0 0.230802229296875 0.5725986055555555 0.21286423203125002 0.2848819694444444