0 0.043378949218750004 0.44971135277777785 0.055564046874999995 0.022528891666666655
0 0.011697694140625001 0.4679077659722222 0.023395388281250002 0.11091147083333336
0 0.1501204078125 0.4427793854166667 0.038992312500000015 0.03639282638888888
0 0.289030526171875 0.43324793125 0.020470964843749995 0.027727868055555563
0 0.23882792226562496 0.4367139159722222 0.017546541406250026 0.020795901388888892
0 0.250525616015625 0.4375804118055555 0.013647308593749985 0.019062909722222247
0 0.272946196484375 0.4375804118055555 0.017546539843749986 0.019062909722222247
0 0.31291331835937497 0.42891545208333337 0.023395388281250006 0.019062909722222247
0 0.365552941796875 0.4341144270833333 0.017546539843749986 0.02946085972222221
0 0.385049098828125 0.4306484430555555 0.025345003906249986 0.022528891666666655
0 0.380175059765625 0.44797836180555556 0.03119385078125001 0.04332479305555555
0 0.420629585546875 0.4211169895833333 0.02047096484375004 0.017329918055555518
0 0.3445945734375 0.4349809229166667 0.020470964062499996 0.02426188472222227
0 0.32656062812500003 0.44797836180555556 0.03704269687499999 0.04332479305555555
0 0.197885992578125 0.47137374930555553 0.11502732578125001 0.10051352083333333
4 0.38114986757812497 0.3301349236111111 0.019496157031250006 0.012130941666666652
4 0.42355400898437506 0.3396663791666667 0.016571733593749992 0.01386393611111111
4 0.38163727187499996 0.35526330347222224 0.04191673749999998 0.0415918013888889
4 0.42452881640625 0.361328775 0.03996712031249992 0.03292684166666666
4 0.448411609375 0.38732365069444447 0.011697695312500044 0.019062909722222247
4 0.2875683140625 0.3561298 0.021445771874999985 0.012130941666666692
4 0.29049273867187503 0.37086022916666667 0.035093083593750005 0.013863933333333339
4 0.33338428320312496 0.3465983465277778 0.015596925781250003 0.006931970833333365
4 0.333871687109375 0.36479475763888886 0.024370196093749998 0.025994873611111104
4 0.33630870703125 0.40292057569444445 0.007798462500000003 0.02252889027777777
4 0.35726707578125 0.39772160208333335 0.006823654687500014 0.019062909722222167
4 0.21007109101562502 0.39772160208333335 0.016571733593750037 0.019062909722222167
2 0.7302935640625 0.4375804111111111 0.13939752187500004 0.10571249722222223
0 0.435443180859375 0.4821430638888889 0.12435762734374997 0.20820658333333336