0 0.054185361718750005 0.6659905020833333 0.10681143281249998 0.17879870138888884
0 0.17074236328125 0.6368837381944445 0.11070965937499999 0.12335724027777775
0 0.336417029296875 0.6389627930555556 0.02728759140624999 0.09147840555555552
0 0.355518343359375 0.6174792277777779 0.04833802109375003 0.11226894999999999
0 0.383195758203125 0.6244094104166666 0.011694682031250014 0.04851127361111109
0 0.3968395546875 0.6257954458333334 0.009355746875000025 0.03187883888888889
0 0.8880162128906249 0.6354977 0.14033618828125008 0.10949687777777774
3 0.846695001953125 0.6001537729166666 0.024948655468750046 0.04435316527777778
3 0.688816790234375 0.6348046819444444 0.02105042890625004 0.11642706111111115
0 0.41399175546875 0.6334186458333333 0.03274511093749997 0.04712523888888893
0 0.28223166679687506 0.6625254118055556 0.11694682265625 0.14691986250000003
3 0.66113937578125 0.6361907201388889 0.023389365624999936 0.1358315708333333
7 0.506379744921875 0.6361907201388889 0.024169010156249993 0.0776180402777778
4 0.935964410546875 0.45254089375000006 0.016372553906250076 0.0457392041666666
4 0.817068473046875 0.5031312236111111 0.021830075781250003 0.024948655555555553
4 0.795238399609375 0.49966613125 0.010915036718750049 0.02910676527777775
4 0.78354371640625 0.5065963145833333 0.010915035937499961 0.02633469305555549
4 0.4962443546875 0.47679653125 0.014813264062500053 0.027720729166666697
4 0.4981934671875 0.5142195138888889 0.017152201562499948 0.049897311111111106
4 0.49546470820312505 0.5447123152777777 0.01169468359375001 0.016632436111111086
4 0.447516511328125 0.5738190798611111 0.01091503671874996 0.01940450972222223