0 0.5159397484375 0.51762778125 0.0437825046875 0.09442347083333338
0 0.5525447949218749 0.5061438444444445 0.061008410156250026 0.1454631888888889
0 0.62431939296875 0.5278357236111112 0.15000891250000006 0.19395091388888888
0 0.700520084765625 0.48508996249999997 0.027274347656250076 0.06252364999999997
7 0.6651112964843751 0.5620748576388889 0.13780722890624997 0.12121932083333335
7 0.6701355191406251 0.5971646611111112 0.13350075390624996 0.12504730000000003
0 0.063999015234375 0.5046551784722223 0.12704103984375 0.1441871958333333
0 0.09701533046875001 0.5206050888888889 0.1686703078125 0.1684310583333333
0 0.30288880703125 0.4957232291666666 0.04737123593749999 0.06762762222222223
0 0.395478039453125 0.5148631222222223 0.14211370546875002 0.2564745666666666
1 0.232289515234375 0.4625474131944445 0.10837964453125001 0.13653123749999996
4 0.6043421230468751 0.40704172569444447 0.015790411718749998 0.026795848611111082
4 0.5795798859375 0.40385174305555555 0.012201681250000007 0.03572780000000001
7 0.719899226953125 0.5246457402777778 0.037322791406250035 0.05231570833333339