5 0.26873829726562504 0.17785066666666666 0.018721122656249988 0.07696461666666665
5 0.282779138671875 0.20073203819444446 0.009360560156249998 0.06448386527777779
5 0.41792224414062495 0.3390603319444444 0.008190491406249922 0.03744224722222222
5 0.61156885703125 0.31617896041666665 0.011700701562500004 0.04160249583333334
5 0.24241171874999998 0.32033921041666663 0.00819049218750001 0.033281995833333355
5 0.430207980859375 0.3390603319444444 0.009360561718749948 0.03744224722222222
4 0.12481966679687502 0.2787367138888889 0.01638098203125 0.03328199722222224
4 0.273418578125 0.25793546805555556 0.037442245312499976 0.024961497222222247
4 0.27458864882812495 0.31513889930555555 0.02574154296875002 0.08944536527777779
4 0.19268373632812502 0.32865970833333336 0.044462666406250004 0.016641000000000024
4 0.27107843828125 0.09984598958333332 0.037442245312500025 0.06656399305555555
4 0.62911990859375 0.2828969659722222 0.014040842187500058 0.02496149861111109
4 0.572956540234375 0.40666438680555556 0.009360560156250041 0.018721123611111067
4 0.4518542789062501 0.4503470069444445 0.00819049218750001 0.03120187222222223
4 0.477595822265625 0.4472268180555555 0.005850350781249958 0.037442244444444446
4 0.355323490625 0.4066643854166666 0.014040842187500013 0.010400623611111114
4 0.42611273554687495 0.39314357569444447 0.017551052343749964 0.012480748611111083
4 0.7215554523437501 0.35050101805555556 0.011700701562500004 0.027041619444444404
4 0.7051744695312501 0.3910634513888889 0.03510210468750001 0.016640997222222214
4 0.47818085625 0.47322837986111116 0.00936056093750004 0.014560873611111053
4 0.45302434882812503 0.4753085041666667 0.010530632031249976 0.014560875000000017
4 0.777718819921875 0.22153328541666667 0.025741544531249973 0.043682618055555546
4 0.780058959765625 0.35050101875 0.021061261718749957 0.031201870833333346
4 0.7777188207031249 0.37338239097222214 0.021061263281249954 0.010400623611111114
4 0.716290136328125 0.37234232916666665 0.010530632031249976 0.02080124722222223
4 0.521473453125 0.4160249472222222 0.009360560937499951 0.012480747222222198
4 0.52088841875 0.4305858215277778 0.010530631249999978 0.012480748611111083
4 0.5764667507812501 0.42954575902777775 0.011700701562500004 0.010400623611111114
0 0.40680657734375 0.48050881527777783 0.07020420937499998 0.1123267361111111
0 0.67826285546875 0.4784286902777778 0.03276196562499996 0.07488449166666666
0 0.23948654375 0.48778925069444445 0.044462667187500006 0.06864411805555556
2 0.0852262015625 0.4399463833333333 0.170452403125 0.18097085000000004
4 0.158751701953125 0.34530070625000003 0.018721122656249988 0.016640995833333328
0 0.5717864703125 0.47426844027777776 0.030421823437499995 0.04160249722222223
0 0.612153891796875 0.47634856597222225 0.04797287578125005 0.062403743055555495
0 0.527908838671875 0.4773886284722222 0.05499329765625003 0.08112486527777776
0 0.312030892578125 0.5117106854166666 0.15678940234375 0.16640997916666672
0 0.7823991007812501 0.5127507486111111 0.2269936109375 0.26001559166666666