0 0.401876009375 0.3934385083333334 0.009563921875000015 0.013602022222222211
0 0.41191812734374994 0.4146916694444444 0.01625866718750002 0.04590682500000006
0 0.420047461328125 0.4189423006944444 0.017215060156250052 0.04420657361111111
0 0.429133186328125 0.4206425527777778 0.02199701953124995 0.05100758333333333
0 0.44826103046875004 0.4206425527777778 0.0392120796875 0.06120910000000003
0 0.4640415015625 0.4274435638888889 0.040168471874999945 0.06460960555555555
0 0.47886558046874994 0.434244575 0.03156094218750001 0.07141061666666673
0 0.52620699375 0.4444460916666667 0.07459859062499996 0.08841314444444445
0 0.6271063695312501 0.45549773541666666 0.1310257296875 0.15132249861111105
0 0.716529039453125 0.5005544340277778 0.17023781015625 0.1632242680555555
0 0.3808831890625 0.39445864444444445 0.03634290312499999 0.045906824999999984
0 0.3885343265625 0.4233629416666667 0.04208125625000001 0.05610834166666668
2 0.368210993359375 0.37873130624999995 0.02486619765625 0.028904295833333295
0 0.20873984414062502 0.5556992819444444 0.41713189921875005 0.7192069388888889
0 0.88211239765625 0.5378466333333334 0.23527247812500002 0.3128465111111111
3 0.502743513671875 0.4412155972222222 0.02295341328124998 0.09691440833333331
4 0.652418890234375 0.2853590951388889 0.020084236718750058 0.02550379027777778
4 0.55933004140625 0.31426339305555556 0.010520314062499914 0.01870278055555556
3 0.7066047390625 0.40499992291666664 0.02145126718750001 0.028983045833333342