0 0.081151306640625 0.4847587944444445 0.07316232421875 0.0560630805555556
0 0.159359309375 0.4731724263888889 0.02270554843750001 0.02691028055555557
0 0.18143414726562498 0.48438503958333334 0.023966967968749996 0.03588037083333333
0 0.26721066484375 0.48438504097222224 0.00882993593750001 0.017940187499999954
0 0.2791941484375 0.4832637812499999 0.025228387499999984 0.029152804166666692
0 0.38136911914062505 0.4776574729166667 0.007568517968749999 0.017940187500000034
0 0.486066925390625 0.4832637791666667 0.010091355468750063 0.020182711111111078
0 0.22684524492187502 0.4963451652777778 0.08956077578125002 0.11212616944444444
0 0.334696602734375 0.5064365173611112 0.06811664609374998 0.10539859583333337
0 0.40533608671875 0.4817687597222223 0.015137032812499961 0.020182708333333306
0 0.44317866875 0.5008302118055555 0.060548131250000026 0.10315607361111113
0 0.49868111953125 0.49410263819444444 0.03531974375000004 0.04485046527777775
2 0.47345273320312503 0.4739199215277778 0.02018271015624995 0.04933551527777777
2 0.371908473046875 0.47279865833333334 0.01639845234374997 0.029152802777777726
4 0.42299595859375005 0.41561431180555564 0.03531974374999995 0.04036541805555558
4 0.44696292578124996 0.4111292652777777 0.022705548437499966 0.04485046388888894
4 0.4866976371093751 0.41225052569444437 0.02144413046875 0.024667756944444442
4 0.36812421484374996 0.4182306027777778 0.023966968749999974 0.029152802777777726
4 0.338480858203125 0.42159438541666666 0.02270554921875001 0.026910279166666683