1 0.31280659765625 0.5859978284722221 0.1967109640625 0.30560101805555556
0 0.225065698828125 0.6694867652777778 0.031012991406250023 0.07876314722222218
2 0.46475180624999995 0.5466162534722222 0.053165125000000035 0.06616104583333338
2 0.420447534765625 0.5584307256944445 0.03544341796874999 0.05828472916666661
0 0.48070134257812497 0.5702451972222222 0.06379814921874996 0.028354730555555582
0 0.47228353164062503 0.6671238722222222 0.14443192265624996 0.1906068194444444
0 0.768236062890625 0.5316512555555556 0.15860929140624994 0.10239209166666667
2 0.07487421757812499 0.5379523069444445 0.14709017890625 0.46155205277777783
0 0.085950285546875 0.7836933305555556 0.16569797421875002 0.43004679166666665
0 0.7847696125 0.7498251756944444 0.4238307687499999 0.48518099305555545
4 0.66545015390625 0.46785310486111104 0.032785160937500016 0.05355894027777776
4 0.597516940234375 0.4757294194444444 0.012405196093749992 0.025204208333333374
0 0.62587167421875 0.5403152013888888 0.019493881249999935 0.03465578611111108
0 0.664918498046875 0.515583575 0.01417736640624998 0.0204784138888889
0 0.637892892578125 0.4990433159722222 0.01683562265624996 0.015752629166666626