0 0.3240321296875 0.5414572708333334 0.03277880468749998 0.053417308333333344
0 0.30354537734375003 0.5463133902777778 0.03277880312500003 0.05827342777777776
0 0.26803500703125 0.5414572694444445 0.06009447187500001 0.07284178611111108
0 0.248231145703125 0.5463133923611111 0.058728689843750015 0.07769790694444446
0 0.18677088984375 0.5366011562499999 0.09697062656250002 0.11169073749999998
0 0.08365423828125 0.5329590597222222 0.155699315625 0.18210446666666671
0 0.36568852539062496 0.5426712972222223 0.04780242109375003 0.04127701388888888
0 0.405296244921875 0.5511695097222222 0.039607719531250044 0.04370506944444443
0 0.918147941015625 0.5900184611111111 0.12292051328124991 0.08255402222222222
0 0.945463611328125 0.5912324902777778 0.10653110859374984 0.06555760555555558
0 0.795227426953125 0.580306225 0.04916820234375008 0.03884894722222225
0 0.464024935546875 0.5560256284722223 0.031413019531249996 0.05341730694444446
0 0.0172430171875 0.5560256270833334 0.034486034375 0.18453252361111108
0 0.426465891015625 0.5596677180555556 0.04370507109375001 0.06070148611111108
0 0.4906577132812499 0.5560256284722223 0.043705073437500006 0.07769790416666669
6 0.695525234375 0.5754501034722223 0.021852535937499962 0.033992831944444406
6 0.71532909375 0.5754501034722223 0.028681453124999923 0.03156477361111109
0 0.7399131960937501 0.5730220430555556 0.0778496578125 0.05584536944444444
6 0.76722886796875 0.5900184611111111 0.020486754687500053 0.048561188888888926
4 0.799324778515625 0.5050363784722223 0.01638940234374999 0.012140295833333268
4 0.8027392375 0.5196047326388888 0.009560484374999945 0.029136712499999995
4 0.814348398828125 0.500180261111111 0.01912096796874998 0.01942447777777774
4 0.8136655074218752 0.5183907069444444 0.017755185156249985 0.02185253611111114
4 0.603334849609375 0.48561190208333327 0.017755185156249985 0.01456835694444444
4 0.480414336328125 0.49896622986111117 0.00956048203125004 0.031564773611111166
4 0.4189540796875001 0.4309805618055555 0.012292050000000021 0.05098924861111106
4 0.341104421875 0.46133130833333336 0.03414458437499999 0.024280594444444463
4 0.5009010890625 0.4831838416666666 0.00682891718750005 0.024280594444444463
5 0.49202349648437504 0.33021609375 0.01365783515624992 0.04856119027777777
5 0.66752667265625 0.2901531076388889 0.02321832031249995 0.10440655972222221
5 0.293984893359375 0.3921316069444444 0.01365783515625001 0.050989249999999944
5 0.24003644531249999 0.3714931069444445 0.012292050000000021 0.03884894722222225
5 0.14579738359375 0.41884026597222224 0.009560484375000011 0.03156477361111109
5 0.6647951062499999 0.40427190972222227 0.0314130203125 0.06070148611111116
5 0.927025534375 0.42733847291666666 0.01502361562499992 0.058273426388888876
5 0.6825502921875 0.3727071347222223 0.01502361875 0.06070148888888893
5 0.70371993515625 0.46497339930555553 0.019120968749999977 0.031564776388888854
5 0.8157141796874999 0.44919100972222215 0.010926268750000112 0.038848952777777786
4 0.1417000359375 0.26587251805555556 0.028681453125000013 0.03156477777777774