5 0.20321436679687502 0.3595148819444444 0.011700702343750003 0.03536212222222221
5 0.19443884296874997 0.3959170631944444 0.01053063125 0.02496149583333336
5 0.32724180429687505 0.25862883194444447 0.009360561718749993 0.03328199444444443
5 0.5255686984375 0.29711113958333335 0.010530631249999978 0.03536212083333332
5 0.482861137109375 0.37927606527777774 0.0070204210937500735 0.016640997222222214
5 0.41499706679687504 0.3751158166666667 0.007020421093749984 0.02080124722222223
5 0.684698241796875 0.38759656805555553 0.015210911718749998 0.016640999999999986
5 0.33309215625 0.25862883194444447 0.007020420312499986 0.03328199444444443
5 0.8742496089843751 0.3595148798611111 0.01989119140625011 0.0270416236111111
4 0.210234787890625 0.39799719027777775 0.016380980468750028 0.02080124722222223
4 0.05461545703125 0.2596688923611111 0.0210612640625 0.022881373611111085
4 0.0452548953125 0.27839001597222224 0.011700701562499999 0.022881370833333314
4 0.035309298828125 0.29295089166666666 0.024571474218750004 0.018721122222222223
4 0.68294313671875 0.35327450972222224 0.014040840625000061 0.01872112222222226
4 0.67709278515625 0.3314331979166667 0.021061260937499958 0.012480748611111123
5 0.065146087890625 0.21286608541666666 0.01872112265625 0.054083243055555584
3 0.1640170171875 0.4843223673611111 0.01989119374999999 0.10192611249999999
3 0.192098700390625 0.46352111875 0.015210913281249993 0.05616336805555559
3 0.133595193359375 0.4905627402777778 0.024571472656249992 0.09776586388888894
3 0.11604414101562499 0.49056273958333335 0.03393203359375001 0.11024660972222225
3 0.0897175625 0.4999233006944444 0.025741543749999984 0.1081664847222222
3 0.7478820316406251 0.4489602458333333 0.015210911718749998 0.06864411666666667
3 0.7215554515625 0.4541605555555555 0.016380981249999937 0.07072424166666665
3 0.6431607492187499 0.4583208076388888 0.01872112187499999 0.06656399027777782
3 0.656031520703125 0.45624068194444445 0.016380982031249935 0.07072424166666672
3 0.62677976953125 0.4479201833333333 0.014040840624999973 0.054083244444444505
3 0.60747361015625 0.44792018402777783 0.012870771874999942 0.04576274305555559
3 0.32607173437500003 0.4583208076388888 0.01872112187499999 0.06656399027777782
3 0.22778584101562496 0.4572807451388889 0.02106126328125 0.07280436805555558
3 0.2564525609375 0.4604009333333333 0.0175510546875 0.05408324444444443
3 0.07333657929687501 0.4874425534722222 0.025741544531250004 0.1081664847222222
3 0.034139227734375 0.4916028020833333 0.026911613281250003 0.09984598750000002
3 0.9040863968749999 0.44688012083333334 0.018721121874999903 0.07280436666666669
3 0.75958273125 0.4489602458333333 0.02223133281250007 0.05616336944444448
3 0.6975690136718751 0.4531204972222222 0.015210913281249993 0.05616336944444448
3 0.572956540625 0.4385596236111111 0.009360562500000036 0.031201875
0 0.33894250742187504 0.4458400576388889 0.05616336796875001 0.07072424027777784
3 0.34069761289062506 0.4541605583333333 0.012870772656249984 0.058243491666666675
2 0.8526033097656249 0.4510403715277778 0.13806828046875008 0.08528511527777777
0 0.393350770703125 0.45208043402777776 0.033932036718750024 0.07072424027777775
0 0.42669776953125 0.43543943333333335 0.011700701562500004 0.016640994444444442
0 0.512112890625 0.4406397479166666 0.028081682812499942 0.031201870833333346
0 0.457119593359375 0.4583208083333334 0.042122525781249996 0.058243491666666675
0 0.9655150820312499 0.45624068125 0.05265315781250006 0.05824349027777771
7 0.978385853515625 0.49264286527777773 0.04095245546875006 0.09360561388888892
5 0.028873912890625 0.3626350694444445 0.02574154453125 0.037442241666666674
4 0.58945611640625 0.3454692888888889 0.011259259374999964 0.031136719444444457