0 0.337478473046875 0.44919145069444444 0.025345003906249986 0.0415918013888889
0 0.2908134171875 0.45716780902777776 0.028397692187500035 0.04300555972222221
0 0.25715689218750004 0.47119136041666665 0.047329490625000005 0.048614981944444385
0 0.579207769140625 0.45623290416666673 0.06626128515625007 0.08975073611111108
2 0.634951390234375 0.42393539166666666 0.04522595703125001 0.04011416666666668
0 0.684384412109375 0.4384697388888889 0.03260476015625002 0.02056787777777779
0 0.719618587109375 0.44220935277777773 0.027345925781250013 0.02056787777777779
0 0.47350524335937505 0.5085875006944445 0.16197203046875003 0.2542937513888889
4 0.70415762421875 0.31038796041666666 0.022087095312499992 0.05796401805555552
0 0.832893860546875 0.4478187729166666 0.03470829296874989 0.028047104166666673
0 0.8702315683593749 0.4478187729166666 0.03576005859374991 0.03178671805555556
1 0.85687412265625 0.41322734375 0.17396219375 0.09722996250000003
0 0.96026275078125 0.5188714381944444 0.0757271828124999 0.16267320694444443
0 0.3813448265625 0.44919145 0.007798462500000003 0.010397950000000043