0 0.0440499703125 0.5530285347222222 0.088099940625 0.13305949444444437
0 0.859948975 0.6431209006944444 0.27911308593749995 0.34928117916666673
0 0.64492183671875 0.684008975 0.3598861812500001 0.3728437972222223
0 0.336737763671875 0.6029258458333333 0.16386372734375 0.22453790277777774
0 0.25104584765625 0.5322379861111112 0.031185820312500036 0.04712523888888893
0 0.116557 0.5544145694444444 0.07250703125 0.07761803888888892
0 0.17035253984374998 0.5384751527777778 0.06003270156249998 0.07345993333333338
0 0.41827980546875 0.5655028631944444 0.04755837500000002 0.13028742361111117
0 0.551599183984375 0.5287728951388888 0.11616717890624999 0.12058516805555557
0 0.4903970125 0.5467913701388889 0.03274510937499997 0.09840858749999996
0 0.47363463515624993 0.5426332604166666 0.04132121093750003 0.09286444027777777
0 0.454143496875 0.5474843881944443 0.017931846875 0.04435316527777778
0 0.27365556562500004 0.5260008243055555 0.015592910937499972 0.05128334583333335
4 0.20426711796875 0.45323391041666666 0.014033618749999999 0.011088293055555533
4 0.20036889023437504 0.44422467569444435 0.012474327343750025 0.012474329166666662
4 0.205046763671875 0.3957133965277778 0.017152200781250015 0.02079054583333328
4 0.499752758203125 0.4054156548611111 0.02183007265625001 0.020790545833333358
4 0.4903970125 0.4234341277777778 0.017152201562499948 0.009702255555555596
4 0.458041725 0.47263842013888885 0.011694682812500013 0.008316218055555583
4 0.47480410234375 0.45461995 0.014033618749999999 0.016632438888888858
5 0.27053698476562504 0.38531812708333335 0.012474327343750025 0.033264876388888906
5 0.383195757421875 0.4109598013888889 0.008576099218749977 0.029106766666666634
5 0.33134933203125005 0.4657082375 0.009355746874999982 0.013860361111111136
5 0.383585581640625 0.4705593666666666 0.0077964554687500074 0.015246400000000035
5 0.36409444375 0.47887558680555553 0.009355746875000025 0.01524640138888892
5 0.28028255429687504 0.3901692541666667 0.007016810156249997 0.02910676666666671
5 0.3890430984375 0.4123458368055556 0.00779645468750001 0.029106768055555517
5 0.12318398789062499 0.4587780548611111 0.012474327343750003 0.02217658194444441
5 0.1980299546875 0.4774895479166667 0.012474328124999979 0.01801847361111118
4 0.13487866914062502 0.42482016180555554 0.02806723671875 0.0401950569444444