5 0.24341840859375 0.30046853611111113 0.009228510937500012 0.037499974999999984
5 0.349546264453125 0.2711716819444444 0.010546867968750017 0.03984372222222225
5 0.35811559453125 0.27468730555555554 0.009228509374999971 0.037499975000000026
5 0.05818904296875001 0.21374984583333334 0.018457018749999998 0.0515624638888889
5 0.039732024609375 0.21023422430555555 0.010546867968749995 0.05390621527777779
4 0.145200701953125 0.2278123361111111 0.042187471093749984 0.028124980555555564
4 0.24407758671875 0.3309372666666667 0.023730453124999995 0.014062491666666687
0 0.255942813671875 0.44695281041666673 0.034277321093750014 0.03515622638888887
0 0.2902201328125 0.44226531388888884 0.023730453124999995 0.021093733333333295
0 0.33043006679687503 0.45867155277777777 0.03823239609375002 0.06796870277777774
0 0.222983851171875 0.4621871763888889 0.03955075390624998 0.07031245277777774
0 0.18606981484375001 0.46570279861111114 0.03955075468750002 0.0773436972222222
0 0.135313012890625 0.4645309236111111 0.08041986640625001 0.11249992222222226
2 0.107627485546875 0.4164840819444444 0.14897450703124998 0.0773436972222222
3 0.48863308281249995 0.46453092291666664 0.01186522656250002 0.07031245138888885
3 0.4569924796875 0.4492965597222222 0.01186522656250002 0.04453121944444444
0 0.377231791796875 0.43992156597222226 0.04218746953124999 0.02578123194444441
0 0.407554037109375 0.44695281041666673 0.02373045234375004 0.03515622638888887
0 0.377231793359375 0.47859341388888893 0.06064448984375002 0.08437494166666666
0 0.038982209765625 0.4621871763888889 0.07796441953125 0.07031245277777774
2 0.671225730078125 0.3168747763888889 0.37968723828124995 0.6328120666666667