0 0.573100820703125 0.4959614243055556 0.06490382890624993 0.08500000138888887
0 0.484571999609375 0.4832306708333333 0.04543268046874997 0.08769228611111117
0 0.443422975 0.48899990069444443 0.018173070312499994 0.05307690972222222
0 0.510144105859375 0.5051537444444444 0.09346151484375005 0.11769227500000004
0 0.37741577265625 0.5270768145833333 0.15252399999999997 0.19846149027777776
0 0.8024276832031252 0.42307681875 0.39072105859375006 0.8461536375
4 0.20314898671875 0.29249992708333333 0.05581729218749998 0.09230767083333333
4 0.20444706445312502 0.35826914097222223 0.03504806796874997 0.029999990277777795
4 0.21223552578125 0.4335575868055555 0.009086539062499987 0.028269223611111175
4 0.553110448828125 0.4384614319444444 0.02206730234375005 0.013846149999999982
5 0.391110484375 0.4036153062499999 0.006490381249999988 0.03923075972222223
5 0.5585623656250001 0.37938454444444447 0.006490382812499984 0.02769230000000004
5 0.314783575 0.39092298402777775 0.006490382812499984 0.02769229861111116
5 0.30310088671875 0.39092298402777775 0.006490382812499984 0.02769229861111116
5 0.595168121875 0.43096143333333337 0.011682689062500006 0.018461533333333335