4 0.17945652070312498 0.20097528125 0.11304859609375002 0.0914784041666667
4 0.7612019999999999 0.19658616805555557 0.046778729687499965 0.12612931388888893
4 0.7783542015625 0.35528733958333336 0.035863692187500004 0.11365498750000004
4 0.5690193875 0.5326999993055556 0.008576099999999975 0.024948654166666667
4 0.5222406582031249 0.5839833493055555 0.008576100781249974 0.011088290277777762
4 0.358125282421875 0.4398355597222222 0.029626527343749976 0.03880901944444446
4 0.321481944921875 0.5236907638888889 0.009355746093750028 0.023562619444444426
0 0.026382064843750004 0.6359597173611111 0.05276412968750001 0.08454822361111106
0 0.151389283203125 0.6200202979166666 0.11928576015625 0.09425047638888889
0 0.283149371484375 0.6532851715277779 0.12708221484375004 0.13305949861111113
0 0.5014501074218749 0.6345736791666667 0.06471057578124997 0.0956365138888889
0 0.536144331640625 0.6137831354166666 0.031185819531249947 0.05128334861111104
5 0.465370399609375 0.5849073722222222 0.003898227343750005 0.011088291666666647
0 0.41340702187500006 0.6632184298611111 0.12942115156250003 0.1940450986111112