4 0.452798244140625 0.5051670881944444 0.020470963281250042 0.046790776388888844
4 0.4537730523437499 0.54069341875 0.010722885937499971 0.027727868055555563
4 0.44743680195312496 0.5684212854166666 0.007798464843749997 0.020795898611111124
0 0.28561869882812496 0.6178115506944445 0.03119385078125001 0.046790776388888844
0 0.347031593359375 0.6117460798611111 0.02729461953125001 0.02426188472222227
0 0.016084329296874998 0.67413378125 0.026319811718749996 0.02426188472222219
0 0.00341182734375 0.6853982263888889 0.0048740390625 0.01906290833333336
0 0.03411827421875 0.6715342937500001 0.029244234375 0.019062909722222247
0 0.06141289414062501 0.6620028395833333 0.03314346640625 0.02426188472222227
0 0.077009819921875 0.6602698479166667 0.03899231328124999 0.020795901388888892
0 0.11405251796875 0.6559373680555556 0.017546540624999985 0.015596924999999985
0 0.12282578867187502 0.6524713833333333 0.019496157031249982 0.01906290833333336
0 0.16522993046874998 0.6438064263888889 0.01462211874999999 0.01906290833333336
0 0.14475896484375 0.6472724097222222 0.006823654687499991 0.015596924999999985
0 0.19057493398437503 0.6360079645833333 0.010722886718749991 0.017329918055555598
0 0.20227262890625003 0.6342749701388889 0.016571732812500017 0.017329918055555518
0 0.22761763203125002 0.6282095006944444 0.008773270312499993 0.015596926388888871