5 0.47956070078124996 0.2984778736111111 0.009560484375000034 0.04127701111111111
5 0.63799158515625 0.3215444375 0.009560484374999945 0.03399283333333333
5 0.7738870402343749 0.20135549444444445 0.016389400781249997 0.05098925
5 0.22211051640625 0.3094041402777778 0.013657835937500007 0.048561191666666656
5 0.784813308203125 0.35553727222222226 0.01638940234374999 0.033992833333333375
5 0.13538326640625 0.049601773611111115 0.020486753125000014 0.08255402222222223
5 0.11831097265624999 0.05202983472222223 0.016389401562500017 0.08255402222222223
5 0.20845268203125 0.3895301048611111 0.010926267187500028 0.024280593055555577
4 0.16543050234374998 0.3603933902777778 0.017755185937500008 0.038848952777777786
4 0.771155473828125 0.14551012638888888 0.04370507109375001 0.05098924999999998
4 0.771155474609375 0.3203304090277778 0.019120969531249976 0.02670865416666663
4 0.595652298046875 0.38224592638888893 0.015023616406250006 0.014568355555555555
4 0.577897112109375 0.36282145 0.012292052343749926 0.01942447777777782
4 0.55809325078125 0.3494671229166667 0.016389401562499996 0.026708654166666672
0 0.488438294921875 0.45023159305555555 0.016389400781249997 0.02913671388888888
1 0.4583910578125 0.4478035326388889 0.01365783437500001 0.04370506805555563
0 0.44473322343750005 0.4441614451388889 0.01638940312499999 0.021852537500000026
0 0.435855630078125 0.44901756388888886 0.015023617968750003 0.026708655555555558
0 0.4187833375 0.45023159375000005 0.021852535937499962 0.04370507361111109
0 0.39761369296875004 0.4587298013888888 0.042339287500000024 0.06555760555555558
0 0.368932240234375 0.4490175631944444 0.017755185156249985 0.03156477361111109
0 0.31088644296875 0.4732981576388889 0.10926267812499998 0.15296775138888893
0 0.5041448039062499 0.45630174236111115 0.025949885937500028 0.03642089583333335
0 0.47409756757812505 0.4538736819444444 0.017755185156249985 0.03156477500000005
0 0.1008118828125 0.5157892 0.201623765625 0.5147486166666667
0 0.9780716691406249 0.5352136743055556 0.04233928828125002 0.2670865458333333
3 0.9118311703125 0.49029457569444446 0.03551037031249997 0.15782387083333335
3 0.8059829531249999 0.47208412708333336 0.028681453125000013 0.14082745138888886
3 0.851053806640625 0.48179636736111114 0.023218319531250132 0.11169073750000007
3 0.870857667578125 0.47572621875 0.027315671093749928 0.14325551249999996
3 0.950073109375 0.48301039791666667 0.02731567031250002 0.13839939305555554
3 0.721304376953125 0.4490175645833333 0.012292052343750016 0.050989251388888907
3 0.6919400328125 0.45265965486111115 0.016389401562499996 0.06312954861111114
3 0.6782821968749999 0.4575157715277778 0.01365783437500001 0.06798566527777779
3 0.666673037109375 0.45751577083333334 0.012292050781250018 0.053417308333333344
3 0.655746769921875 0.45872980208333336 0.01229205078124993 0.07041372638888888
3 0.6407231515625 0.45994383125 0.012292051562499929 0.05827342916666664
3 0.629796883203125 0.45994383055555554 0.00956048515625003 0.06312954722222218
3 0.625016641796875 0.45872980208333336 0.010926267968749936 0.07041372638888888
3 0.61818772421875 0.4587298027777778 0.013657835937500007 0.0801259638888889
3 0.608627240625 0.45630174236111115 0.010926268749999935 0.050989251388888907
3 0.5942865144531251 0.4599438326388889 0.009560483593749947 0.04856119305555558
3 0.5888233796875 0.45387368263888894 0.012292051562500017 0.041277012499999995
3 0.57379976171875 0.45387368402777784 0.006828915624999965 0.03642089583333335
3 0.56287349375 0.45023159305555555 0.009560484374999945 0.02913671388888888
3 0.5533130093749999 0.4563017402777778 0.009560484375000034 0.026708652777777786
3 0.544435416796875 0.4563017416666666 0.008194700781249953 0.04127701111111111
3 0.536240716796875 0.44416144374999994 0.008194700781250041 0.03642089027777781
3 0.5198513144531249 0.4502315923611111 0.008194700781249953 0.033992831944444406
3 0.5259973398437501 0.45144562361111107 0.009560484375000034 0.03156477500000005
3 0.23781702773437502 0.45144562361111107 0.012292052343750016 0.06070148611111116
3 0.24669461953125 0.45023159375 0.010926268750000023 0.04856119027777781
3 0.26103534570312503 0.44051935486111105 0.009560483593749992 0.02913671250000007