4 0.524876666015625 0.34811353333333334 0.014327842968749938 0.010188688888888898
4 0.526548232421875 0.36551919652777776 0.012895058593749998 0.015283031944444442
4 0.603202193359375 0.38334940069444445 0.017193413281249993 0.015283031944444442
4 0.45443142890625 0.3986324347222222 0.032954037500000054 0.012735863888888825
4 0.4780723703125 0.4088211243055555 0.04298352812499999 0.017830204166666638
4 0.432939665234375 0.4126418798611111 0.04441631328125002 0.015283031944444442
0 0.01862619609375 0.5145287652777778 0.0372523921875 0.030566066666666655
0 0.07880313710937499 0.5026419652777777 0.04584909765624999 0.04075475277777774
0 0.136830901171875 0.49584951597222215 0.030088471093749992 0.02037737638888891
0 0.10817521640625001 0.49967027361111116 0.02149176406250001 0.02292455000000007
0 0.22064878320312503 0.4873589340277778 0.020058980468750008 0.015283034722222213
0 0.252886430078125 0.48184006875 0.021491764843749993 0.017830204166666717
0 0.296586351171875 0.4729249638888889 0.014327842968749982 0.015283033333333328
0 0.33742070390625 0.48693441458333336 0.055878587499999986 0.06877364861111109
0 0.389000938671875 0.46528345208333327 0.018626196093750026 0.03056606805555562
0 0.411925486328125 0.46613249375 0.024357333593749964 0.03566040972222224
0 0.4613565464843751 0.46231173541666665 0.020058980468750053 0.03311323749999996
0 0.442730348828125 0.4521230479166667 0.011462274218750058 0.017830204166666717
0 0.48069913476562504 0.4572173916666667 0.012895058593749998 0.02292454999999999
0 0.5057728593749999 0.46485890833333326 0.03152125312500002 0.04330192500000002
0 0.577412075390625 0.47250042569444445 0.11748831328125 0.1604718458333333
4 0.393299292578125 0.4224060465277778 0.015760628906250008 0.022924548611111106