4 0.35804115625 0.31647769375 0.024025418750000017 0.03966100972222226
4 0.36233141015625003 0.4179183527777778 0.02917372343750002 0.05033897222222221
4 0.218910167578125 0.3072945055555556 0.009438557031250027 0.0640064861111111
4 0.35591942578125 0.3699151826388889 0.008580506249999998 0.032033893055555554
4 0.6241200179687499 0.4124091180555556 0.011960620312499958 0.02854720000000002
4 0.85839392578125 0.22042368611111113 0.03432202812499998 0.047288125
0 0.5393920980468749 0.49641636180555554 0.03603812890624995 0.06101693749999997
0 0.23650020703125002 0.5246366965277778 0.12355929843750002 0.07779659583333334
0 0.5623143234375 0.48039941527777774 0.01029660937500001 0.03203389444444448
0 0.568749702734375 0.47811128055555563 0.009438557031250027 0.03661016388888885
0 0.576043134765625 0.47887399236111117 0.008580507031249952 0.04728812361111107
0 0.584194616015625 0.4788739909722223 0.018019064843749977 0.053389820833333344
0 0.603929781640625 0.48192484027777777 0.028315672656249992 0.0808474444444444
0 0.635677656640625 0.48573839861111107 0.06092159765625001 0.09457625277777776
0 0.64597426484375 0.49565365 0.054057193750000024 0.10525421666666664
0 0.69230900234375 0.5063316138888889 0.09524362656249999 0.13881353333333332
0 0.821874655859375 0.5151572875 0.20679021484375007 0.25627113888888886
0 0.520698865625 0.48922508888888894 0.007722456249999965 0.015254233333333329
0 0.51040225703125 0.4884623770833334 0.016302962500000007 0.02288135138888892
0 0.9211174097656251 0.5514405729166667 0.15530717578125 0.4957626180555555
0 0.02345435625 0.5724291541666667 0.045760757812500004 0.07853129166666667