5 0.5769631000000001 0.5442183694444445 0.00922850781249993 0.028124980555555526
5 0.48863308281249995 0.5102340173611111 0.009228509375000016 0.03046872916666672
5 0.44051299882812495 0.5653121041666667 0.007910150781250014 0.023437483333333297
0 0.43787628164062503 0.6016402048611111 0.03955075234374998 0.049218718055555555
0 0.40359896171875 0.6063277006944444 0.031640603125000014 0.07265619861111108
0 0.49588405468749996 0.5875777138888889 0.026367168750000048 0.04453121944444444
0 0.5578469027343751 0.5606246076388888 0.02373045234375004 0.03281247638888887
0 0.57168966640625 0.5782027208333334 0.01713865937499994 0.03984372222222221
0 0.5888283265625001 0.5817183430555556 0.040869112499999985 0.06562495555555559
0 0.597397656640625 0.5934370847222222 0.02373045234375004 0.06093745833333328
0 0.609262883203125 0.5981245819444444 0.03164060234375006 0.07968744444444442
0 0.474790319140625 0.59812458125 0.036914036718749973 0.056249959722222166
0 0.537412346875 0.6063277 0.06723628281250002 0.1007811777777778
0 0.682431778125 0.5688277256944444 0.1489745078125 0.23671858750000002
2 0.22166549375 0.6086714472222222 0.3638669375 0.48515591388888896
0 0.024480266796875 0.7012495104166667 0.04896053359375 0.21562485138888887
3 0.824155312890625 0.6016402027777777 0.029003885156249964 0.10078118055555557