0 0.025809572265625004 0.6352340993055555 0.04473658984375 0.022432020833333313
0 0.027530210937500004 0.65562685 0.04817786718750001 0.03874622500000002
0 0.08029644531249999 0.6576661215277778 0.10323828750000001 0.0550604152777778
0 0.213932673828125 0.6449206555555556 0.11126793046875001 0.07545316944444444
0 0.235153874609375 0.64797956875 0.09864991796875 0.06933534583333333
0 0.2724343703125 0.6602152173611111 0.09979701093749997 0.06525679583333334
0 0.31286936328125 0.6571563069444444 0.07341389218750001 0.07545316666666667
0 0.540429742578125 0.6466834590277778 0.06510945390625 0.054507470833333356
0 0.63921705859375 0.6328212020833333 0.051619143750000075 0.02270440972222221
0 0.687968471875 0.6316653729166666 0.05047205312499994 0.01631419861111117
0 0.690931805859375 0.6678624958333333 0.12159176015625003 0.07137461666666667
0 0.7496246734375 0.6525679333333334 0.037854040624999995 0.04894259722222224
0 0.8018173609374999 0.6525679361111112 0.07570807499999992 0.053021141666666695
0 0.868004587109375 0.6436193243055556 0.04473659140624999 0.03512391805555555
0 0.912741179296875 0.6474697479166666 0.03785403828125009 0.030589120833333303
0 0.9483010339843749 0.6525679340277778 0.06767843203124997 0.040785493055555594
3 0.795967219921875 0.6780588743055556 0.04244240859375008 0.13663141805555545
4 0.12962140546874998 0.591899511111111 0.013765103125000011 0.022432019444444427
4 0.36477528046875 0.5918995131944444 0.008029643749999992 0.01835347361111109