4 0.57416182109375 0.02946085902777778 0.033143467187499984 0.05892171805555556
4 0.46400853554687504 0.22008995 0.011697694531250047 0.010397950000000005
4 0.45718488046875 0.2660142291666666 0.017546540624999985 0.012130941666666652
5 0.075060203515625 0.08838257777777778 0.013647310156250004 0.05892171944444444
5 0.347518997265625 0.17589865972222224 0.010722885156249973 0.03985880833333333
5 0.05946327851562501 0.08924907430555555 0.013647310156249991 0.05372274305555555
5 0.337283515625 0.1767651576388889 0.007798462500000003 0.034659834722222234
5 0.492277962109375 0.23741986736111112 0.025345003906249986 0.04852376805555557
3 0.589758746484375 0.37865869305555555 0.02144577265625003 0.1265083972222222
3 0.624851830078125 0.37605920555555555 0.03704269765624994 0.1247754055555556
3 0.702349052734375 0.45837631249999994 0.06531212578124998 0.2894096194444445
3 0.061900297656250006 0.3743262125 0.014622117187500006 0.07625163611111113
3 0.041429333203124995 0.39252262430555557 0.01072288515625 0.025994876388888914
0 0.228105035546875 0.36826074166666667 0.05458923828125002 0.07451864444444445
0 0.41965477695312503 0.4982351201388889 0.30316523984375 0.4765727236111112
0 0.6423983703125 0.3639282625 0.08383347499999996 0.0970475361111111