0 0.25150042421875 0.5172980305555555 0.09358155312500002 0.09531454444444441
0 0.5317576796875001 0.48610417916666665 0.030219042187499934 0.04332479444444443
0 0.43330208710937496 0.4887036666666667 0.016571732031249998 0.027727866666666677
0 0.48837873085937494 0.48523768333333334 0.017546541406249984 0.02079590000000001
0 0.3060896640625 0.5069000791666667 0.04094192968750003 0.06758667499999997
0 0.33435909218750004 0.5008346083333333 0.038992314062499964 0.05545573333333328
0 0.35093082421875 0.4913031548611111 0.03509308125000001 0.050256762500000066
0 0.3733514046875 0.49216965000000007 0.02339538750000001 0.04852376666666668
0 0.393334965625 0.49216965000000007 0.012672501562499994 0.03465983333333335
0 0.40698227578125 0.49216965000000007 0.012672501562500039 0.03465983333333335
0 0.41770516171875 0.4878371708333333 0.012672501562500039 0.025994874999999952
0 0.5171355625 0.4878371708333333 0.008773270312499993 0.025994874999999952
0 0.510311906640625 0.4887036666666666 0.00877327109374999 0.024261883333333303
4 0.721845209765625 0.34399885694444443 0.028269427343750042 0.05372274166666667
5 0.743290981640625 0.27554568611111113 0.024370196093749998 0.08318360277777777
5 0.7486524257812499 0.3795251881944444 0.021445773437500027 0.04505778472222228
5 0.983763458984375 0.37868045208333334 0.024171092968749974 0.06266579583333333
5 0.9877919746093748 0.24350137777777775 0.020142577343750113 0.07877985833333333