5 0.44051299921875 0.10359367083333335 0.007910150000000015 0.04218746944444445
5 0.425351876953125 0.20906234861111112 0.011865227343749929 0.028124980555555526
5 0.340976934765625 0.03445309513888889 0.011865227343749974 0.05390621527777777
5 0.781967841796875 0.17156237638888888 0.013183583593749937 0.042187475
5 0.355478877734375 0.04265621458333333 0.014501942968749982 0.05624996249999999
5 0.0377544859375 0.19148423611111112 0.02768552812499999 0.03984372222222221
4 0.9401708582031251 0.23484358055555557 0.02373045234374995 0.018749988888888916
6 0.52950219609375 0.4117965861111111 0.01713866093749994 0.09140618611111112
3 0.060166581250000004 0.32507789444444446 0.035595679687500006 0.14296865277777776
3 0.038413665234375 0.29226541666666667 0.03955075390624999 0.1523436472222222
0 0.55455100703125 0.32742164305555554 0.01713866093750003 0.03984372222222221
0 0.7733985125 0.37195286180555553 0.04350582968749998 0.0914061875
0 0.8116309078124999 0.3696091138888889 0.040869112499999985 0.06328120555555551
0 0.398325528125 0.34617162916666666 0.1265624140625 0.13359365555555555
0 0.493247337890625 0.3496872541666667 0.03691403828124997 0.05624996111111113
0 0.8564550953125 0.3848434777777778 0.09360345156249998 0.08906243888888893
0 0.2130961625 0.43054657361111104 0.32563454062499997 0.3070310388888889
0 0.6540870703125 0.3731247368055556 0.2030272046875 0.33749976805555554
0 0.030412880078125 0.5160933875 0.06082576015625 0.3843747333333334
3 0.98368251171875 0.3768748680555556 0.023203117187500056 0.09374996666666667