0 0.1191582359375 0.5845150527777778 0.238316471875 0.3120187111111111
0 0.32490166523437497 0.5148308743055555 0.04680280859374997 0.06032361805555553
0 0.6238545921875 0.5657939312500001 0.16497989375 0.2080124736111111
0 0.45653455898437495 0.512750748611111 0.04563273671875008 0.07280436666666669
2 0.44132364687500003 0.4971498131944445 0.03627217500000004 0.07904474027777779
0 0.356493559375 0.5096305618055555 0.023401403125000008 0.04576274305555559
0 0.375214682421875 0.510670623611111 0.01638098203124998 0.027041622222222214
0 0.41850727890625006 0.5075504361111112 0.011700701562500004 0.024961497222222247
0 0.410901822265625 0.5013100631944444 0.005850350781250046 0.020801248611111114
0 0.396275945703125 0.5085904986111112 0.011700702343750046 0.022881372222222276
0 0.21725521054687497 0.4929895631944444 0.028081683593749983 0.0291217458333333
0 0.23890150859375003 0.48882931458333334 0.017551053125000004 0.020801248611111114
0 0.259962769921875 0.48778925208333335 0.01989119140625002 0.01456087361111113
0 0.292724735546875 0.49714981249999995 0.02457147421874999 0.016640999999999986
5 0.554235417578125 0.19137147569444446 0.01872112265625008 0.09984598750000002
4 0.30033019101562497 0.43994638402777786 0.016380982031250026 0.022881373611111085
4 0.322561525390625 0.4409864465277778 0.009360560156249998 0.0166409986111111
4 0.9080526246093751 0.23180921111111114 0.04796052734374996 0.09059210555555555