4 0.21170821171875 0.20967593194444448 0.03910400000000003 0.042607944444444434
4 0.21296963164062496 0.28143667916666665 0.05424103359374999 0.09642850277777776
4 0.067906403515625 0.22425233333333333 0.04162683984375 0.02242523333333332
0 0.582565509375 0.38347149027777777 0.00882993593750001 0.01794018611111107
0 0.58887260625 0.3868352756944445 0.011352774999999937 0.020182709722222192
0 0.5970718312500001 0.3857140138888889 0.010091354687499976 0.01794018611111107
0 0.606532476953125 0.3890777986111112 0.016398450781249973 0.029152802777777806
0 0.51823312109375 0.3857140138888889 0.0214441296875 0.02242523333333332
0 0.48606692695312503 0.39356284583333334 0.04036541953124999 0.033637849999999976
0 0.3466800859375 0.42607943333333337 0.10217497031250003 0.10315607222222224
0 0.182064856640625 0.5314780312499999 0.36076594296875003 0.3498336402777778
0 0.039524467578125 0.7366689159722223 0.07820800234375 0.25340513750000004
2 0.6475286070312499 0.37898644444444446 0.06559380781249997 0.11661121388888887
2 0.83358834140625 0.3679201166666667 0.3292297062499999 0.6057738805555556
0 0.5043575078125 0.5830560680555555 0.2535452953125 0.34534859444444443