4 0.071881254296875 0.35232514791666664 0.04204448203125 0.019830506944444437
4 0.43955597109374994 0.3729183597222222 0.029173721874999982 0.05491524444444447
5 0.4468494007812501 0.30620492083333334 0.02145126718750001 0.022166308333333343
0 0.034985074609375 0.47512173333333335 0.06950210703125 0.17999996388888886
0 0.18256979140625 0.4575793618055556 0.0815148171875 0.12661014583333327
0 0.331012559765625 0.48198613541666663 0.06263769921874998 0.07474574583333332
0 0.24906871796875 0.4583420736111111 0.046334737500000014 0.07016947500000006
0 0.262797530078125 0.4789352888888888 0.05148303984375002 0.07474574722222221
0 0.56097014296875 0.5063929131944445 0.10210803125000005 0.08389829305555555
0 0.9060157117187501 0.5651693840277778 0.18448089687499997 0.24559317361111113
0 0.135829413671875 0.45228804999999994 0.019735167968749988 0.05338982222222223
5 0.881475458203125 0.40957619166666664 0.021451266406250013 0.02288134722222218