0 0.4937952687499999 0.52370700625 0.017121189062499997 0.012533159722222267
0 0.373946934765625 0.5263926847222222 0.03323525234375002 0.02864722222222227
0 0.335676037109375 0.5299735861111111 0.03122099453125 0.03580902500000004
0 0.364379210546875 0.5389258451388889 0.018128319531250003 0.02506631805555557
0 0.302944348828125 0.5622017111111111 0.10474140078125002 0.08594166388888888
0 0.529548342578125 0.5254974590277778 0.010071289843750008 0.012533159722222267
0 0.55523012890625 0.5254974576388889 0.017121190624999994 0.0161140625
0 0.6705463835937501 0.511173848611111 0.04229941249999998 0.03401857500000002
0 0.94146404609375 0.5102786236111112 0.11682694843749993 0.13249339444444444
0 0.5980331046874999 0.5254974569444444 0.032228123437500054 0.030437672222222288
3 0.595011717578125 0.5308688125000001 0.01611406328124998 0.0734085027777778
4 0.6413396472656251 0.45387940694444445 0.016114061718749982 0.03401857499999995
4 0.7274491632812501 0.4422414722222222 0.011078417187499934 0.021485416666666722
4 0.878518492578125 0.31870033333333336 0.025178222656250072 0.02864722222222223