5 0.40249816054687504 0.5221504125 0.006823657031250008 0.025994874999999952
5 0.270899101171875 0.4961555368055556 0.006823657031250008 0.025994876388888914
5 0.3956745046875 0.5204174201388889 0.006823654687500014 0.02946085972222221
0 0.24896592421875 0.5654752055555556 0.050690007812500014 0.022528891666666655
0 0.293807084765625 0.5802056354166667 0.021445772656249983 0.0415918013888889
0 0.1914522609375 0.6139989743055556 0.031193851562500007 0.03985880972222217
0 0.23629342265625 0.63375508125 0.09748078437499999 0.13344036250000002
0 0.064532279296875 0.5150451354166666 0.12906455859375 0.11437745416666666
0 0.10274474726562499 0.6935432833333334 0.20470964765625 0.2946085944444444
0 0.33713358203125 0.6922667833333334 0.19526143593749995 0.35608331388888886
2 0.718920787109375 0.49927491458333334 0.55856489609375 0.9985498291666667