5 0.20878599804687498 0.15457476805555556 0.015077324218749988 0.059793822222222244
5 0.640809266796875 0.25766756874999996 0.011597939843750016 0.04329897638888889
5 0.22212362890624998 0.15663662291666666 0.011597940625000015 0.05979382361111111
5 0.63269070703125 0.25663664027777777 0.011597940625000015 0.04123711944444442
4 0.68024226171875 0.25869849305555553 0.03479381875000005 0.024742272222222222
3 0.342719130859375 0.3920962791666666 0.015077325781249984 0.05567010833333331
3 0.6419459812499999 0.40549834305555554 0.01043814531249998 0.0577319666666667
3 0.6523841265625 0.4024055583333333 0.008118556249999997 0.05979382222222217
3 0.32706191015624997 0.3851252451388889 0.009278353124999982 0.04742268750000002
0 0.36939438984375 0.3892489597222222 0.019716500000000005 0.047422688888888904
0 0.604252679296875 0.39955823888888886 0.025515467968750018 0.06804124722222227
2 0.40666726562500005 0.3381443861111111 0.03363402656250001 0.041237122222222235
0 0.39448943007812504 0.40927841944444443 0.06494846484375003 0.1134020805555555
2 0.5040899628906249 0.38556707083333336 0.20296394921875 0.3463918027777778
1 0.16303079296875 0.3185567541666667 0.3260615859375 0.505154725
1 0.8215153781249999 0.4102449131944444 0.3530208828125 0.5793815402777778