0 0.09987289570312499 0.4975787527777778 0.19803860390625 0.39091758055555553
0 0.26649847968749996 0.4356632361111111 0.13794413125 0.16996416666666664
3 0.33410476171875 0.37981786875 0.019120968750000022 0.07284178472222223
0 0.32756845703125004 0.3805050513888889 0.02790089375 0.05964779722222223
0 0.352542838671875 0.3737477180555555 0.028681452343750014 0.050989249999999944
0 0.37712694140625 0.37253368888888894 0.012292051562500017 0.03399283333333333
0 0.386004533203125 0.36767756875000007 0.01638940234374999 0.0388489513888889
0 0.3935163421875 0.3603933909722222 0.012292051562500017 0.02428059583333335
0 0.40239393515625005 0.3603933916666667 0.010926268750000023 0.02913671388888892
0 0.41195442070312505 0.3603933916666667 0.010926267968750025 0.02913671388888892
0 0.4299461246093751 0.3596620902777778 0.020982730468749988 0.03738635000000004
0 0.5068763710937499 0.42473696874999994 0.11882316249999994 0.15782386805555554
0 0.6584783375 0.38953010555555556 0.124286296875 0.15053968888888886
0 0.5942865136718749 0.3798178673611111 0.053265555468750045 0.11169073749999998
0 0.5724339781250001 0.37010562986111106 0.025949885937499938 0.07769790416666665
0 0.56287349375 0.3749617479166667 0.017755184375000076 0.038848951388888865
0 0.551947226171875 0.3567513020833333 0.017755185156249985 0.021852534722222216
0 0.542386741015625 0.33732682708333334 0.023218317968749957 0.012140298611111117
0 0.19820930585937502 0.394386225 0.03141301953125002 0.038848952777777786
4 0.53828939140625 0.3094041416666667 0.012292051562500017 0.02913671388888888
4 0.70354919140625 0.20985370138888892 0.02048675156249997 0.03399283333333333
4 0.5007303453125 0.30819011180555556 0.010926268749999935 0.007284179166666662
5 0.482975159765625 0.30576205208333335 0.0054631335937499696 0.021852534722222216
5 0.4447332234375 0.3069760819444445 0.0027315671874999837 0.01942447500000001