0 0.014813264843749998 0.4460786770833333 0.029626529687499997 0.05221927916666671
0 0.025338478515625002 0.4400665645833333 0.03352475703125 0.042967129166666736
0 0.049117666796875 0.42897827361111107 0.03118581953125 0.03465091388888892
0 0.083811889453125 0.44561071249999995 0.10525214140625001 0.06514371111111114
0 0.115387533203125 0.4199690361111111 0.035863692968750006 0.03326487500000002
0 0.204267118359375 0.42066205486111113 0.031185819531250013 0.04296712916666665
0 0.261181238671875 0.41165281875 0.07952383984375003 0.05266938472222217
0 0.302892272265625 0.40195056458333334 0.03976191953125001 0.038809020833333346
0 0.329010396875 0.4026435819444444 0.029626529687500014 0.03465091111111107
0 0.353959053125 0.39848547291666664 0.02494865625 0.03187883750000001
0 0.378128062890625 0.3915552895833333 0.03430440078124999 0.03465091250000003
0 0.38631433984374997 0.38739718055555555 0.021050428125 0.015246399999999957
0 0.65139380625 0.3562113597222222 0.013253973437500033 0.03880902222222219
0 0.703630053515625 0.36036947222222226 0.013253971093750039 0.03326487499999998
0 0.6755628179687501 0.35829041597222216 0.03508404687500004 0.05959956527777774
0 0.629953555078125 0.3569043777777777 0.012474328906249976 0.023562619444444426
0 0.6061743691406251 0.36452758194444446 0.017931846093750002 0.024948655555555553
3 0.920371500390625 0.3305696875 0.014813264843749962 0.0734599277777778
3 0.8965923128906251 0.32571855902777774 0.0202707820312499 0.0997946236111111
0 0.8455255335937502 0.3381928888888889 0.041321210937500116 0.027720727777777773
0 0.8673556074218751 0.34027194375 0.038202628906249994 0.03742298472222221
0 0.882558694140625 0.3340347791666667 0.026507946093749978 0.03326487500000002
0 0.94843873828125 0.3430440166666667 0.019491137500000023 0.04296713055555554
0 0.926998486328125 0.33334175972222224 0.024948655468750046 0.04851127222222221
4 0.783933540234375 0.25780277291666664 0.03040617421875007 0.05266938194444444
4 0.7196127875 0.32017441458333334 0.014033620312499995 0.02494865694444444
4 0.6993420031250001 0.3083931048611111 0.00779645468750001 0.01524640138888892
0 0.9953518710937501 0.3192991479166667 0.007020420312499986 0.031201870833333346