5 0.398325528125 0.3239060194444444 0.015820301562500028 0.0749999472222222
5 0.38580112265625 0.4129684597222223 0.022412093749999994 0.037499974999999984
5 0.29549356757812506 0.2711716819444444 0.02636716953125 0.05859371111111109
4 0.2642448078125 0.25682936875 0.027150856249999977 0.04852376805555557
3 0.428647773046875 0.5172652618055555 0.021093736718749943 0.11953116805555553
3 0.528183836328125 0.4317184465277778 0.009228510156249925 0.046874968055555556
3 0.8742529343750001 0.4680465465277778 0.013183584375000024 0.08203119305555553
3 0.797788143359375 0.44695281041666673 0.013183583593750025 0.06328120694444447
3 0.778012766796875 0.44109343888888886 0.010546867968750017 0.042187469444444445
3 0.37129917890624997 0.5114058916666667 0.014501943750000024 0.09374993611111111
3 0.37986850937499994 0.5524214875 0.026367168750000003 0.13828115555555548
3 0.34625036796875 0.4961715270833333 0.025048809375 0.06328120694444447
3 0.3212015578125 0.48328091111111116 0.014501943750000024 0.037499974999999984
3 0.8590918125 0.46687467222222223 0.019775376562499856 0.07968744444444442
0 0.597397656640625 0.4094528375 0.013183585156250021 0.016406238888888917
0 0.586850789453125 0.4000778444444445 0.010546867968750017 0.016406238888888838
0 0.6053078078125 0.41179658541666664 0.013183584375000024 0.016406240277777803
0 0.627060722265625 0.40710908749999997 0.014501942968749936 0.016406238888888917
0 0.646176919921875 0.4129684590277778 0.013183585156250021 0.014062490277777803
2 0.68506849375 0.4223434527777777 0.025048810937499954 0.042187469444444445
0 0.5130227152343749 0.49734340069444444 0.06591792421875002 0.08906244027777777
0 0.641562665234375 0.57234335 0.26235333515625003 0.1453124
3 0.990268480078125 0.5231246326388889 0.01845701796875012 0.14531239861111114
3 0.27835490703125 0.6227339395833333 0.1740233171875 0.4710934263888889
0 0.04698299609375 0.5571089847222223 0.0936034515625 0.255468575
2 0.158952830859375 0.45632780347222224 0.31790566171875 0.3773434930555556
0 0.580918175390625 0.4127340923611111 0.014501942968749936 0.016406240277777803