4 0.62112810859375 0.21374984513888887 0.013183584375000024 0.02812498194444445
4 0.56180197890625 0.2828904222222222 0.015820301562500028 0.04453121944444444
4 0.613877137109375 0.278202925 0.03559567890624997 0.09609368333333335
4 0.165635258203125 0.25593731875 0.011865225781249999 0.0374999736111111
4 0.29351602890625 0.2278123361111111 0.04614254531249999 0.0515624638888889
4 0.13465383359375 0.10007804930555556 0.11601554531249998 0.09609368472222223
0 0.016660751171875 0.2946091652777778 0.01450194296875 0.03515622500000003
0 0.054233968359374995 0.3157029020833333 0.02900388671875 0.03046872916666668
0 0.222080956640625 0.32099466527777776 0.020262807031250007 0.05042725277777779
0 0.23682661523437504 0.2946091638888889 0.014501942968749982 0.021093733333333337
0 0.25330609570312496 0.2934372902777778 0.01582030234374998 0.023437483333333335
0 0.26451214296875003 0.3028122847222222 0.0250488109375 0.028124980555555526
0 0.24078169023437498 0.34734350416666665 0.04350582890624999 0.06562495833333336
0 0.281650803515625 0.35203100069444443 0.05141598046875 0.09374993749999996
0 0.38580112343749995 0.3508591284722222 0.0250488109375 0.05859370972222225
3 0.48006375390624995 0.3567184979166667 0.015820301562499937 0.06562495416666671
0 0.4332620273437501 0.37078098819444444 0.08041986718750005 0.10781242638888891
0 0.339658575390625 0.39070284791666665 0.10942375390625 0.15234364583333335
0 0.099717334375 0.3309372659722222 0.0382323953125 0.046874968055555556
0 0.99356437578125 0.5828902166666666 0.01186522656250002 0.10078118055555557