4 0.46560782890625 0.10717521319444445 0.031353849999999996 0.028549845833333323
4 0.1272156640625 0.10173714791666666 0.0290596640625 0.028549845833333323
4 0.17042280078125 0.15883684166666667 0.1185328484375 0.10740180555555556
4 0.039654305078125 0.1180513451388889 0.037471675781250005 0.028549845833333323
4 0.046401451953125 0.17243200694444444 0.09280290390625 0.10468277222222219
4 0.36963446015625 0.13980360902777778 0.036706946875 0.025830815277777773
4 0.438842346484375 0.15747732430555555 0.08182590078124999 0.08836857638888887
4 0.35051625742187503 0.16631418402777778 0.07494334921874998 0.040785498611111096
4 0.460254730859375 0.2825528451388889 0.032883305468750026 0.03398791249999999
4 0.35051625820312504 0.2791540548611111 0.02141238515624999 0.03262839583333334
4 0.43043034023437504 0.28799091388888887 0.020647657031249978 0.03126888055555553
0 0.36619914062500003 0.3073981 0.008609696875000017 0.013775516666666673
0 0.37323039765625 0.31020421597222225 0.007748728124999982 0.012244904166666654
0 0.3478317890625 0.3056123763888889 0.01377551562499999 0.015306127777777769
0 0.386575427734375 0.31479605625 0.01549745546875001 0.024489806944444463
0 0.35041469804687503 0.35688790972222223 0.05165818671875 0.09336738888888886
0 0.15137414843750002 0.3267380298611111 0.0309949109375 0.03367348194444446
0 0.0936891734375 0.32750333680555554 0.0981505546875 0.06275512916666667
0 0.04633583515625 0.3397482381944445 0.08954085625 0.06887758194444449
0 0.237040640625 0.43694215902777783 0.24882026562500004 0.29081645694444447