5 0.28406619023437496 0.055953947222222224 0.020982730468750033 0.10480263055555555
5 0.5878161921875 0.3179605277777778 0.010990953125000046 0.046184211111111116
5 0.7252031167968751 0.4627302652777778 0.013988486718749993 0.02309210555555552
5 0.6013050894531251 0.32062500069444444 0.013988486718749993 0.04440789305555555
5 0.11270722539062498 0.2575657909722222 0.023980263281250004 0.07815789583333334
5 0.08872696171875001 0.25667763194444443 0.015986842187500006 0.07993421111111114
5 0.301052209765625 0.07282894722222222 0.014987664843750003 0.10657894722222222
5 0.32703082851562504 0.34105263194444446 0.020982730468749988 0.06394736944444447
5 0.282067834375 0.33927631597222224 0.018984374999999963 0.06039473749999998
5 0.5113791019531251 0.46361842361111116 0.005995064843749986 0.014210527777777789
5 0.516874578515625 0.46361842430555555 0.004995888281249972 0.017763156944444428
4 0.338521371484375 0.45207237152777774 0.019983552343750023 0.012434209722222218
4 0.720207228125 0.4183223715277778 0.015986842187499926 0.012434209722222218
4 0.7087166859374999 0.4378618458333334 0.02497944062499995 0.015986841666666626
4 0.6038030347656249 0.46805921319444443 0.014987664843749915 0.012434209722222218
4 0.530863066015625 0.5000328972222222 0.006994242968749997 0.015986841666666703
4 0.47341035195312503 0.4804934243055555 0.007993421093750008 0.01953947361111111
0 0.41945475937500004 0.5266776347222222 0.0219819078125 0.026644736111111123
0 0.450429266796875 0.5222368444444445 0.011990132031250055 0.02842105277777773
0 0.5738277046875 0.5275657923611111 0.018984374999999963 0.02842105138888892
0 0.5863174250000001 0.5293421083333333 0.01199013124999997 0.02842105277777773
0 0.5948104355468751 0.5311184243055556 0.014987663281250008 0.03552631527777782
0 0.21062663320312502 0.5861842138888889 0.15986842109375002 0.17052631666666668
0 0.058351967968749995 0.60927631875 0.11670393593749999 0.1669736847222222
0 0.9155464562500001 0.5968421083333333 0.166862665625 0.22026315833333332
0 0.34601520351562504 0.5435526354166668 0.04496299296874997 0.05684210694444442
0 0.39597408515625 0.5257894756944445 0.016986020312500027 0.02842105138888892
0 0.436940368359375 0.5275657923611111 0.014987664843750003 0.02842105138888892
0 0.4629189867187501 0.5284539500000001 0.030974506250000023 0.044407894444444436
0 0.506882802734375 0.53200658125 0.04696134921874995 0.07638157916666664
0 0.6162927546875 0.5346710562499999 0.039967104687499956 0.05684210694444442
5 0.47716844062499997 0.4540438319444445 0.004874039062500035 0.017329916666666632