0 0.06819286640625001 0.5364238208333333 0.1347764859375 0.14662251111111108
2 0.22962290937500002 0.4665004527777778 0.2001531375 0.22849761944444447
2 0.40764856484375 0.4684768041666667 0.1136547984375 0.10370860555555553
2 0.5484598179687501 0.4210926993055556 0.15992135312500003 0.3450993236111111
0 0.9080314105468752 0.4577483277777778 0.18104303828125 0.4398675333333333
0 0.66814938359375 0.5480463375 0.2564776390625 0.38801323055555564
0 0.34528929609375 0.5060264708333334 0.04123758125000001 0.04291390555555555
0 0.34830668046874996 0.4729470027777778 0.037214403124999997 0.019668874999999985
0 0.4654817585937501 0.47920528055555556 0.02011589374999998 0.0393377472222222
2 0.8044345605468749 0.4890397180555556 0.07845198359375001 0.12337748055555559
4 0.41569492343750003 0.3737085951388889 0.025144867187499996 0.035761587500000046
4 0.445365865625 0.37549667500000006 0.032185429687499933 0.017880794444444428
4 0.6580914371093749 0.3290066104166666 0.02313327734374999 0.010728476388888887
4 0.64853638671875 0.35850992083333333 0.04023178437499997 0.0339735083333333