0 0.38487138593750003 0.5694897875 0.009465898437500009 0.0186980694444445
0 0.3806643203125 0.5713595916666667 0.009465898437500009 0.014958455555555616
0 0.37382783671875003 0.5760341124999999 0.012621196875000028 0.020567875000000017
0 0.36699135624999996 0.5825784368055555 0.024190628124999992 0.033656523611111155
0 0.348585443359375 0.5741643027777777 0.018931794531250025 0.02056787777777779
0 0.33175718007812505 0.57135959375 0.01472473046874998 0.0224376819444445
0 0.32123951640625 0.5722944993055555 0.014724729687500026 0.013088648611111135
0 0.300730069921875 0.5750992090277778 0.024190627343749993 0.02991691250000004
0 0.26707354492187496 0.5769690173611111 0.032604758593749984 0.04113575416666669
0 0.236046433984375 0.5994066993055556 0.06100245234375001 0.07853189305555562
0 0.39013021718749996 0.5853831486111111 0.013672965625 0.02804710555555556
0 0.416424376953125 0.61343025 0.06626128515625003 0.08040169722222225
0 0.6083717515625 0.6863527243055556 0.23980274687500006 0.24120509861111109
0 0.18398399765625 0.5797737236111111 0.047329490625000005 0.035526333333333326
0 0.1519051203125 0.5704246895833334 0.025242392187499997 0.01682826527777779
0 0.12876625859375 0.57135959375 0.029449460937500005 0.0224376819444445
0 0.07354852265625 0.5788388194444445 0.0347082921875 0.029916911111111152
0 0.017804901953125 0.5779039187499999 0.03470829296875 0.03552633194444444
0 0.7632011585937499 0.5678603756944445 0.06415775156250003 0.03926594583333332
4 0.26571563671875 0.5435528854166667 0.022087093749999998 0.02804710694444444
4 0.5160360484375 0.5220501027777777 0.049433021875000004 0.07853189444444442
4 0.382461711328125 0.5472925000000001 0.02629416015624999 0.02056787777777779
4 0.8294624457031251 0.49026338611111114 0.019983561718750133 0.04487537222222223
4 0.354589900390625 0.5482274027777778 0.010517664843749986 0.022437683333333305
5 0.34670165390625 0.5566415347222222 0.009465900000000005 0.009349036111111136
0 0.9479276945312499 0.5690212972222223 0.09126279687499998 0.04132654722222229