0 0.03666828984375 0.4961097513888889 0.0733365796875 0.16016960277777778
0 0.846167924609375 0.7748464659722222 0.30538831328125005 0.44306657083333334
3 0.311445858203125 0.5179510604166666 0.022231333593750024 0.07488449027777777
3 0.36000377031249997 0.5013100625000001 0.01638098281250002 0.037442244444444446
3 0.6689022949218749 0.5377122451388888 0.009360561718750039 0.05616336805555551
0 0.12364959687499999 0.509630561111111 0.1123267359375 0.09152548888888887
0 0.210234789453125 0.5221113104166667 0.07488449140625002 0.07904474027777779
0 0.275173682421875 0.5210712479166667 0.06201371953125001 0.05616336805555551
0 0.338942506640625 0.5179510597222222 0.03978238515625003 0.045762744444444475
0 0.381065032421875 0.5189911229166667 0.04446266640624996 0.03536212083333336
0 0.41792224335937506 0.5241914347222222 0.03627217421875004 0.045762744444444475
0 0.48052099765625 0.5273116229166667 0.03510210468750001 0.031201870833333346
0 0.503337365234375 0.5325119326388889 0.022231332031249985 0.02496149583333328
0 0.5688612960937499 0.5699541791666667 0.11349680624999996 0.1414484833333333
0 0.61507906640625 0.5314718715277778 0.016380981250000027 0.031201870833333346
0 0.6414056453125 0.5366721826388889 0.01755105312499996 0.033281995833333314
0 0.521473453125 0.5283516840277778 0.009360560937499951 0.0166409986111111
4 0.41265692773437496 0.4617876923611111 0.016380982031250026 0.033281995833333314
4 0.739691539453125 0.2984979013888889 0.06903413984375 0.12688760833333335
4 0.7414466449218751 0.3827429527777778 0.04446266640624996 0.04160249444444446