0 0.3497256921875 0.33704074444444443 0.011364793749999968 0.018367341666666644
0 0.3275126859375 0.34897951875 0.008265304687499997 0.012857140277777764
0 0.40448333085937505 0.32877543888888894 0.009298469531250042 0.02020407777777776
0 0.41636470703125 0.3306121729166667 0.014464282812499984 0.023877545833333336
0 0.312531820703125 0.3498978854166666 0.02376275078125003 0.03673468749999999
0 0.29755095664062503 0.3636733916666667 0.012397955468749977 0.02387754444444445
0 0.1978507234375 0.41785705208333335 0.07542090312500001 0.0881632458333333
0 0.38743614140625005 0.3397958451388889 0.008265304687499997 0.020204076388888915
0 0.37348844140625 0.3471427819444444 0.025829075 0.038571416666666636
0 0.339738444140625 0.34408156041666665 0.015497446093749988 0.02204080972222222
0 0.422908068359375 0.3303060548611111 0.024795913281250036 0.03122448472222222
5 0.34335451289062496 0.21091832430555557 0.010331630468750009 0.03122448194444441
4 0.664689708203125 0.09979588819444443 0.04545917421875005 0.08081630694444444
5 0.9865199972656249 0.04469385833333333 0.019630096093750105 0.06979590277777778
4 0.68845245703125 0.16591832222222225 0.028928564062499974 0.025714277777777777
4 0.515376162109375 0.21275506458333335 0.009298467968750047 0.023877545833333336
5 0.1382245953125 0.18557400625000003 0.032118578125000005 0.10196373750000001