0 0.44633221679687496 0.4331807576388889 0.29138787578125 0.2534051375
0 0.316406020703125 0.46793987013888894 0.04414967890624997 0.08073084027777774
0 0.11142537187499998 0.4870013159722223 0.06307096874999998 0.05606308194444449
0 0.6466876640624999 0.4922338722222222 0.17071208281250003 0.19734205277777778
0 0.042467782421875 0.44663589861111114 0.08493556484375 0.06951822499999996
0 0.21233892226562498 0.5385793548611111 0.20182710078125005 0.25340513750000004
0 0.457054281640625 0.5856723458333333 0.23714684296875 0.3296509305555556
0 0.839875969140625 0.6276325909722222 0.31787768359375007 0.37898644583333335
0 0.081132212890625 0.6478153006944445 0.16020026015625 0.41935186527777774
3 0.8335688714843752 0.4078653034722223 0.04036541953124999 0.06503317361111106
3 0.877718550390625 0.39909907569444447 0.037842582031249884 0.07848831527777772