4 0.32957901171875 0.45964276111111113 0.012397956249999975 0.007346936111111152
4 0.34404329375 0.45596929166666667 0.01033162968750001 0.0073469388888889224
4 0.35024227343750003 0.4412754159722222 0.014464282812499984 0.011020406944444498
4 0.5504176113281251 0.4651529638888888 0.009298467968749956 0.0036734694444443823
4 0.531820678125 0.45229582361111115 0.011364793749999968 0.0073469388888888435
4 0.582703957421875 0.43209174583333326 0.011364794531250055 0.0073469388888888435
4 0.8244641105468752 0.3200509527777778 0.020663261718750013 0.06612243611111109
5 0.47112234921875 0.45413255625 0.004132653125000019 0.01469387361111111
5 0.520714176171875 0.4504590881944444 0.00413265234375002 0.01469387361111111
3 0.7180483171875001 0.4862754062500001 0.017563773437499996 0.07530610416666667
3 0.399317518359375 0.5046427486111111 0.008265303906249955 0.034897950000000025
0 0.383131306640625 0.5078570375 0.019630097656250012 0.04959183055555556
0 0.354719323046875 0.50510193125 0.04545917265625001 0.07346937083333331
0 0.326823921484375 0.5234692743055556 0.04752550078125002 0.05877549583333332
0 0.26586730195312497 0.52714274375 0.08471937109375002 0.09551018472222224
0 0.4923021921875 0.4913264284722222 0.00929846718749996 0.009183676388888845
0 0.50005091484375 0.4913264284722222 0.008265304687499952 0.009183676388888845
0 0.41119889218749994 0.49959172986111106 0.012397956249999975 0.02204080972222226
0 0.507799638671875 0.4913264284722222 0.009298471093750038 0.009183676388888845
0 0.49126902851562504 0.5032652006944444 0.01343111953124998 0.01469387361111111
0 0.48197056250000003 0.4986733638888889 0.013431121874999974 0.02755101388888887
0 0.162723179296875 0.5657141645833333 0.13947701015625 0.12122446527777785
0 0.429968041796875 0.5060203013888889 0.027895402343749966 0.023877550000000032
0 0.46457900390625007 0.5014284645833333 0.018596934375000006 0.029387748611111104
0 0.508488434765625 0.49959172916666666 0.009298469531250042 0.011020405555555533
0 0.561524116015625 0.4949998944444444 0.02376275078125003 0.031224486111111106
0 0.6634628921875001 0.50418356875 0.06508927187499998 0.09367345416666674
0 0.875433530078125 0.5709182631944445 0.24795913203125003 0.24795912916666668
0 0.521575155078125 0.49928562777777774 0.009298467968750047 0.0202040777777778
0 0.53087362265625 0.4974488951388889 0.009298470312499951 0.020204081944444455
0 0.5432715796875 0.4992856263888889 0.013431121874999974 0.027551016666666643
0 0.5897639160156251 0.4983672604166666 0.017563771093750003 0.04775509027777779
0 0.60526136171875 0.5002039930555556 0.027895401562499967 0.06244896666666667
0 0.621791969921875 0.5066325659722223 0.03409438046875 0.07163263749999997