0 0.05751366249999999 0.2876766277777778 0.11502732499999999 0.12130941944444444
0 0.975782655078125 0.4176510048611111 0.044841161718749946 0.13170737083333334
0 0.8729404261718748 0.33879988402777783 0.25052561640625 0.1542362652777778
0 0.8500324410156249 0.26514773263888886 0.0955311695312501 0.0554557347222222
0 0.46644555429687495 0.22788841041666666 0.03411827421874998 0.04679077638888892
0 0.3962593890625 0.22702191597222224 0.051664815625000006 0.04852376805555557
0 0.42550362617187504 0.22702191458333335 0.04191673828124998 0.04505778472222224
0 0.4391509351562499 0.22095644583333332 0.024370196874999993 0.03985880833333333
0 0.62826365625 0.2287549083333333 0.05946327812499996 0.041591802777777784
0 0.6034060558593749 0.2192234548611111 0.017546539843749986 0.025994876388888876
0 0.5907335546875 0.21575747152777774 0.023395389062500004 0.019062909722222205
0 0.54637979765625 0.21315798263888888 0.010722885937499971 0.013863931944444453
0 0.55320345234375 0.2114249888888889 0.01072288593750006 0.013863933333333339
0 0.573674417578125 0.2122914888888889 0.010722885156249973 0.012130944444444462
0 0.5634389343749999 0.21229148680555557 0.013647310937499935 0.019062909722222205
0 0.49715200234375 0.21662396597222222 0.03509308281249997 0.027727868055555563
0 0.5127489269531249 0.21489097499999998 0.015596925781250003 0.024261886111111113
0 0.524446620703125 0.21229148541666668 0.015596924218749919 0.025994876388888876
4 0.938739955859375 0.10744548680555555 0.025345003906249986 0.013863934722222224
4 0.94117697578125 0.13170737152777778 0.0321686578125 0.020795901388888892
4 0.8412591718750001 0.1698331888888889 0.00974807812500007 0.041591802777777784
4 0.89828543046875 0.15510275972222223 0.01657173437499999 0.01906290833333334
4 0.728181461328125 0.09184856041666668 0.011697692968750052 0.031193848611111106
4 0.73354290390625 0.1256419 0.012672501562499949 0.01213094166666667
4 0.6345999078125001 0.06498718958333333 0.009748076562499985 0.043324793055555554
4 0.62485182890625 0.0649871888888889 0.00974807812500007 0.03639282777777778
3 0.26466033125 0.2200899486111111 0.01267250312499999 0.07278565
3 0.2807446609375 0.22788841041666666 0.011697693750000005 0.05718872638888889
3 0.33825832304687503 0.22355593194444445 0.00779846171874996 0.05198974999999998
3 0.327535435546875 0.21315798263888888 0.011697694531250002 0.06238770416666668
3 0.710147514453125 0.2781451715277778 0.03411827421874998 0.13344036527777778
3 0.6755418375 0.2807446590277778 0.019496157812500046 0.12130942083333333
3 0.58683432265625 0.24348533819444443 0.013647309375000027 0.06758667916666666
3 0.39723419609375 0.2538832854166667 0.026319810937499976 0.11611044583333335
3 0.49520238632812497 0.22442242569444446 0.011697694531250047 0.05718872638888889
3 0.701861649609375 0.2495508097222222 0.011697694531249959 0.0623877027777778
3 0.72623184453125 0.24348533749999998 0.009748078124999981 0.060654711111111106
3 0.79008176015625 0.24868431180555556 0.01657173437499999 0.07451864583333333
4 0.11307771054687499 0.1022465111111111 0.019496157031249982 0.031193850000000002
5 0.43135247226562495 0.0736521486111111 0.00877327109374999 0.03639282777777778
4 0.307551875390625 0.10831198333333332 0.018521349218749972 0.015596927777777776
0 0.980656694140625 0.25994875625 0.03509308359374987 0.06238770138888891
5 0.9626227468749999 0.03639282430555556 0.012672501562500039 0.04505778472222222
4 0.9406895714843749 0.017329918055555553 0.015596925781249915 0.027727866666666667
4 0.9928417921874999 0.21315798125000002 0.010722887499999879 0.03119384861111109
3 0.8042164718750001 0.24261884374999998 0.00974807812500007 0.04852377083333334