5 0.46163656953125 0.55218730625 0.007382809375000044 0.020624993055555603
5 0.49855061953124996 0.5287498145833334 0.007382809374999954 0.018749993055555574
5 0.5280818593750001 0.5062498229166666 0.007382809374999954 0.018749993055555574
4 0.560882635546875 0.5484373076388889 0.006328122656250023 0.020624993055555603
4 0.58355840859375 0.48281233125 0.00949218437499999 0.050624981944444473
0 0.525656059375 0.5859372951388888 0.023203117187499966 0.0356249875
0 0.510363095703125 0.5840622958333334 0.017929680468750053 0.016874994444444427
0 0.530402151953125 0.5943747916666666 0.024257803906249986 0.037499986111111064
0 0.836103223046875 0.7174997437499999 0.32326160546875 0.359999873611111
0 0.62680056484375 0.6384372763888889 0.10905464218749997 0.15187494722222222
0 0.539788876171875 0.5999997895833333 0.031218744531250044 0.044999984722222226
0 0.5469607527343749 0.6131247847222222 0.03796873671875005 0.05624997777777775
0 0.957389249609375 0.8361911125 0.07910153515624999 0.3206248861111112
5 0.4661909578125 0.22946604444444446 0.019379142187499986 0.042107763888888886