0 0.39682589960937503 0.3794528555555555 0.10810539609374996 0.17859360833333335
0 0.574992633984375 0.3867184659722222 0.08701166015625006 0.12656241250000003
0 0.7522883011718751 0.39199191874999995 0.046472138281249985 0.05624995972222224
0 0.706640139453125 0.38964817013888886 0.03955075234374998 0.046874968055555556
0 0.6842280453124999 0.3931637923611111 0.026367170312499955 0.03515622638888887
0 0.6637934886718749 0.3873044222222223 0.022412094531250037 0.04687496666666667
0 0.64863236640625 0.38496067361111114 0.015820301562500028 0.042187469444444445
0 0.63544878203125 0.38847629375 0.021093735937499948 0.02578122916666664
0 0.6156734046875 0.3826169243055555 0.018457018750000033 0.046874968055555556
1 0.237304523828125 0.3703122472222222 0.16874988359374998 0.11249992500000003
0 0.45812956796875 0.3808591131944444 0.019775376562500037 0.02578123194444441
0 0.46406218125 0.39374972847222217 0.018457018750000033 0.02343748194444441
0 0.50130580859375 0.3855466104166666 0.018457018750000033 0.018749990277777722
0 0.4914181187500001 0.38085911388888893 0.01713866093749994 0.028124983333333298
5 0.96569757890625 0.2496092034722222 0.01186522656250002 0.053906212500000016
5 0.5194332371093751 0.2722654340277778 0.005273436718750002 0.036718740277777766
5 0.8582513617187499 0.2652341701388889 0.007910150000000015 0.04921871527777778
4 0.522069954296875 0.21249982986111116 0.042187471093749984 0.018749987499999992
4 0.5207515953125 0.3117185361111111 0.013183584375000024 0.03281247777777779
4 0.55107383984375 0.3093747861111111 0.015820301562500028 0.018749983333333334
5 0.019116198046874998 0.2683591909722222 0.014501941406249996 0.053906212500000016
5 0.8618768492187499 0.31992165347222223 0.01713866093750003 0.02343748194444445
0 0.326474991796875 0.3902341048611111 0.038232396093749975 0.053906212500000016
5 0.9743087640624999 0.3106745993055556 0.009123726562499889 0.021210715277777778