4 0.05479622109375 0.3550945520833333 0.023992874999999997 0.010663501388888877
4 0.08178820546875 0.36255900069444447 0.015595368750000005 0.029857798611111104
4 0.09738357421874999 0.3412320013888889 0.008397506249999987 0.017061600000000017
4 0.096183930859375 0.3369666013888889 0.008397507031249996 0.01706159999999998
4 0.083587671484375 0.38601870138888883 0.014395725781250002 0.02132699999999998
4 0.07159123359375 0.40734570138888887 0.009597149999999999 0.02132700000000006
5 0.012808689843749999 0.34443105069444446 0.0023992874999999997 0.019194298611111115
5 0.021206197656250002 0.34443105069444446 0.009597150000000002 0.019194298611111115
5 0.008010114843750001 0.3433647020833333 0.007197862499999999 0.02132700138888891
0 0.063793549609375 0.43187175069444445 0.017994657031250007 0.023459698611111118
0 0.05599586523437501 0.4308054013888889 0.014395725781250002 0.017061600000000017
0 0.04160014140625 0.4265400006944445 0.011996437500000002 0.012796198611111167
0 0.026604594531250005 0.42654000138888887 0.01559536875 0.017061599999999937
0 0.11477841015624998 0.43400445069444443 0.02159358906250002 0.019194298611111073
0 0.20775079999999999 0.4361371513888888 0.07317826875 0.044786699999999985
0 0.1957543625 0.4361371499999999 0.06598040625000001 0.07464449999999997
0 0.163963803125 0.4510660506944444 0.0215935875 0.049052101388888915
0 0.6258266484374999 0.5310423020833333 0.2975116515624999 0.26872020138888886
0 0.573042323046875 0.42227460208333334 0.22553302578125 0.10236959861111106
0 0.447079728515625 0.5577010513888889 0.6166168898437501 0.38601869999999994
0 0.0166013171875 0.6483408027777778 0.033202634375 0.26445479999999993
0 0.8723534394531249 0.5481039013888889 0.2531248320312499 0.8104260027777778