0 0.92922880234375 0.4904366590277778 0.1388965640624999 0.10397950138888884
7 0.23185778867187498 0.5301590979166666 0.02895127890625 0.055728476388888816
4 0.470832189453125 0.42978194791666663 0.00974807890624998 0.027727868055555563
0 0.513723734765625 0.48003870763888884 0.07018616484375002 0.051989751388888866
0 0.48204247929687505 0.4791722118055555 0.03996712265625 0.03639282638888888
0 0.48252988320312495 0.46357528750000004 0.046790775781250016 0.03639282777777776
0 0.442562761328125 0.46097580069444444 0.046790775781250016 0.027727868055555563
0 0.41965477812500007 0.4618422951388889 0.026319812499999973 0.015596926388888871
0 0.41283112304687497 0.45057784861111116 0.022420580468750017 0.02079590000000001
0 0.391385350390625 0.4427793861111111 0.028269427343750042 0.015596924999999985
0 0.36214111484375 0.4349809236111111 0.02631981250000002 0.013863933333333339
0 0.32461101328124997 0.42198348541666664 0.031193851562500007 0.008664959722222202
0 0.332896879296875 0.43931340208333336 0.024370196093749998 0.02946085972222221
0 0.36652775000000004 0.4583763118055556 0.01754654062500003 0.025994876388888834
0 0.377738040234375 0.46790776666666667 0.018521349218750018 0.02772786944444445
0 0.39284756210937505 0.4817716993055556 0.02534500390625003 0.0415918013888889
0 0.3124259140625 0.4367139159722222 0.012672501562500039 0.020795901388888892
0 0.420629585546875 0.4982351222222222 0.04191673671874998 0.05025675833333333
0 0.027294619531249998 0.4540438319444445 0.054589239062499996 0.09011556944444447
0 0.082858666796875 0.47050725486111117 0.06823654921875 0.06412069305555555
0 0.128187231640625 0.45317733611111116 0.06921135703124999 0.06758667777777774
0 0.079446839453125 0.4263159659722222 0.03996712109375 0.027727868055555563
0 0.18911272226562498 0.4817717013888889 0.06238770234375 0.06931966944444447
0 0.24797370000000002 0.49726032708333334 0.06703194843749997 0.07256905694444439
0 0.258324079296875 0.44191289027777775 0.02729461953125001 0.03119384999999997
0 0.180339451953125 0.44104639444444443 0.04484116171875001 0.015596924999999985
0 0.1783898359375 0.42804895625 0.02924423437499999 0.010397951388888929
0 0.21445772617187497 0.44364588194444443 0.02729461953125001 0.02079590000000001
0 0.251500423828125 0.42371647708333326 0.017546539843749986 0.015596926388888951