4 0.35190563203125 0.4115855340277778 0.038992312500000015 0.025994873611111143
4 0.484966903125 0.4557768236111111 0.008773270312499993 0.013863933333333339
4 0.21494513007812496 0.4098525430555556 0.010722886718750014 0.022528891666666655
5 0.7462154058593751 0.42198348541666664 0.014622117968750015 0.019062909722222247
5 0.8008046453125001 0.42718246111111113 0.008773270312500081 0.012130944444444462
5 0.5103119070312501 0.43151493958333337 0.004874039062500035 0.017329918055555598
0 0.42209179726562507 0.46010930347222223 0.013647310156250026 0.025994876388888914
0 0.43135247187500003 0.4575098159722223 0.012672501562500039 0.020795901388888892
0 0.452798244140625 0.4592428076388889 0.02047096484375004 0.02426188472222219
0 0.4001586203125 0.46270879097222223 0.03801750468749998 0.045057784722222195
0 0.369452173828125 0.4687742618055556 0.017546541406250026 0.019062909722222167
0 0.289517930078125 0.46617477430555554 0.015596925781250003 0.017329918055555598