0 0.461805516796875 0.47087009930555557 0.04780242109374999 0.05584536805555555
0 0.52872890625 0.48179636805555554 0.05872868906250002 0.06312954722222225
0 0.577214220703125 0.4611578611111111 0.06009447265625001 0.11411879722222219
0 0.601798323046875 0.48543845625000004 0.07648387421875 0.14325550972222217
0 0.679647981640625 0.4745121875 0.15843088359375007 0.17482028333333327
0 0.8100803027343751 0.5546381527777778 0.30730128203125007 0.24766206944444444
0 0.96373094296875 0.6104835215277777 0.07102074062499994 0.2282375930555555
0 0.11626229765625 0.5267154694444445 0.23081740625 0.42491041388888895
0 0.38259007578125004 0.4611578611111111 0.0314130203125 0.06070148611111108
0 0.353908621875 0.4660139791666667 0.05053398906249997 0.06070148611111116
0 0.266498480078125 0.5534241222222223 0.09697062578125001 0.14325551111111107
0 0.207769790625 0.43080711666666666 0.023218318749999977 0.02913671388888888
0 0.24396305312500002 0.445375475 0.0300472375 0.02913671388888888
0 0.266498480078125 0.45265965277777775 0.031413019531250044 0.033992833333333375
0 0.291082582421875 0.4684420388888889 0.03687615390625001 0.04613313055555553
0 0.32932452031250004 0.46115786180555557 0.034144585937499985 0.021852534722222258
0 0.31976403476562504 0.49636472361111117 0.05872868984374997 0.06312954722222225
0 0.43175828124999993 0.4684420388888889 0.034144587500000066 0.04613313055555553
0 0.39897947734374994 0.45023159375000005 0.03141302031249995 0.0388489513888889
0 0.252157753125 0.4065265215277778 0.021852535937500008 0.038848951388888824
0 0.28015631406249997 0.4101686118055555 0.034144585937499985 0.050989248611111135
0 0.29859439140625 0.41259667152777774 0.024584101562499995 0.036420893055555584
0 0.5000474535156251 0.45994383194444444 0.028681452343750014 0.043705069444444515
0 0.31976403476562504 0.42716502986111116 0.02594988671874998 0.03156477638888894
0 0.34434813789062496 0.4380912944444445 0.03687615390625001 0.04370506944444443