0 0.027287592187499998 0.7761803993055556 0.045219440625 0.03603694583333331
0 0.8216683769531251 0.8052871645833334 0.05441924609375004 0.030492804166666727
4 0.39372097148437496 0.7609339972222222 0.017152200781249995 0.013860366666666677
4 0.36487408984375 0.7838035979166667 0.00779645468750001 0.012474323611111041
0 0.07133756249999999 0.7990500027777778 0.0194911375 0.012474327777777856
0 0.091655919140625 0.80462961875 0.016277408593749997 0.012545270833333197
0 0.10759107734375002 0.8045941458333333 0.012474328125 0.009702252777777826
0 0.131891959765625 0.8059943298611112 0.02677169140625 0.012502620833333348
0 0.157098566796875 0.8080592368055556 0.011694682031249992 0.011088290277777762
0 0.19569101718749998 0.8122173458333334 0.023389364062499984 0.016632438888888934
0 0.229995418359375 0.8073662208333334 0.03430439921874999 0.018018474999999985
0 0.014813265234375001 0.9175561138888889 0.02806723984375 0.16078022500000014