2 0.35147436992187503 0.5314840118055555 0.08542962265625001 0.1948435930555556
0 0.272504701171875 0.5207809041666667 0.00659179296875001 0.018749986111111068
0 0.26327619414062503 0.5184371541666667 0.006591792968749966 0.018749986111111068
0 0.258661937890625 0.5149215326388888 0.007910150781249969 0.021093737499999952
0 0.252070145703125 0.5172652805555557 0.007910150781250014 0.021093733333333295
0 0.244819173828125 0.5160934069444445 0.00659179296875001 0.018749986111111068
0 0.23559066640625 0.5160934069444445 0.01186522499999998 0.018749986111111068
0 0.230317231640625 0.5160934055555556 0.00659179296875001 0.023437483333333297
0 0.222407079296875 0.5172652805555557 0.00659179296875001 0.025781233333333296
0 0.20526841953125002 0.5160934055555556 0.006591792187500012 0.028124977777777754
0 0.198676626953125 0.5149215319444445 0.009228508593750018 0.025781230555555527
0 0.21515610820312503 0.523124651388889 0.007910149218749973 0.023437480555555525
0 0.18812976015625 0.5172652805555557 0.014501943750000001 0.021093733333333295
5 0.2297898859375 0.45820281041666666 0.009228509375000016 0.02578123194444449
5 0.256157054296875 0.4781246729166666 0.00659179296875001 0.018749987499999954
5 0.292543756640625 0.46265593472222216 0.00659179296875001 0.018749986111111068
4 0.50308559921875 0.4392184541666667 0.02109373437500004 0.037499974999999984