0 0.507744124609375 0.5433262791666666 0.018711491406249968 0.029106763888888942
0 0.486303873828125 0.5474843881944444 0.038202628906249994 0.0540554208333333
0 0.44771142226562494 0.5495634416666667 0.028067238281249997 0.044353163888888894
0 0.38066191015625 0.5398611875 0.017152199999999996 0.024948655555555553
0 0.36428935546875 0.54055420625 0.018711492187500012 0.02633469305555549
0 0.41184773046875006 0.5738190798611111 0.07328667656250003 0.09286444027777777
0 0.29139250195312505 0.5474843881944444 0.013253974218749987 0.023562618055555616
0 0.32842566250000005 0.5731260618055556 0.08264242187500001 0.10256669583333328
0 0.24890182265625 0.5447123159722222 0.07640525781249999 0.05405541805555561
0 0.208360256640625 0.5558006069444444 0.031185819531250013 0.0457392027777778
0 0.15729347734375 0.557186642361111 0.09121852187500001 0.05959956527777774
2 0.05788867773437499 0.5065963138888889 0.11538753203125 0.1718685166666666
0 0.027482503515625 0.5724330444444444 0.05457518359375 0.0457392027777778
0 0.53701980390625 0.5329310055555556 0.012474328124999979 0.023562619444444426
0 0.5483246628906249 0.5509494777777778 0.03196546484375 0.0457392027777778
0 0.8151054406249999 0.5507514798611111 0.07640525781249989 0.04296712916666665
4 0.56855647265625 0.47471747708333334 0.01715220000000004 0.02217658194444441
4 0.540489235546875 0.4754104923611111 0.035863692968750006 0.029106765277777828
4 0.500337492578125 0.45669900347222225 0.010135391406249994 0.011088293055555533
4 0.508133948046875 0.4761035125 0.02728759296874994 0.0360369472222222