0 0.27439983203125 0.061406199999999994 0.0527343390625 0.08906243611111112
0 0.1432231640625 0.05906245069444444 0.05668941406250001 0.051562465277777775
0 0.559824440234375 0.05554682986111111 0.06196284765624993 0.09609368472222223
0 0.38580112265625 0.0438280875 0.03823239531250002 0.05859371111111111
0 0.362729849609375 0.016640609027777777 0.02900388515625001 0.033281218055555555
0 0.3343851421875 0.010781238888888888 0.022412093749999994 0.021562477777777776
0 0.317905662109375 0.012187484722222221 0.01845701796874999 0.014062491666666668
0 0.29878946289062497 0.011015609722222222 0.02241209296875 0.01640623611111111
0 0.27703654921875 0.010781238888888888 0.02109373593749999 0.021562477777777776
0 0.6435402031249999 0.07992181597222221 0.14238271406249997 0.15984363194444443
0 0.903916001171875 0.18679674027777776 0.19116197890625006 0.3726559916666667
0 0.21968795546875 0.08484368611111111 0.08305658281249999 0.10781242500000002
0 0.43787628203124995 0.06843744652777778 0.08701165937499997 0.13593740416666666