5 0.374525165234375 0.5645567319444444 0.023734166406250035 0.04556960277777777
5 0.49835818398437504 0.5532487131944445 0.011392400781249989 0.04725736527777779
5 0.5991809253906251 0.6266664131944444 0.020886067968749967 0.03544302361111112
5 0.6490226769531249 0.6629533173611111 0.012341767968749995 0.023628684722222223
5 0.620541675390625 0.6637971993055556 0.008544300781250059 0.01856539305555553
5 0.40015806640624996 0.649427113888889 0.008544299999999972 0.011814341666666669
0 0.485601068359375 0.6721516270833334 0.016139233593749934 0.026160329166666683
0 0.46898715234375 0.6734174493055556 0.013291132812500005 0.020253156944444427
0 0.6356010234375 0.7308013909722222 0.03639239999999999 0.03713078472222217
4 0.41249983242187493 0.6188464423611111 0.01613923515625002 0.020253156944444427
5 0.44810108515625 0.6095637472222222 0.01139240000000008 0.04219407499999998
5 0.479430184765625 0.6323485493055555 0.00949366640624998 0.02700420972222225
0 0.293828994140625 0.6753865041666667 0.023734167968749987 0.018565391666666643
0 0.325632780078125 0.6762303861111111 0.024683533593749994 0.02025315555555554
0 0.357911247265625 0.6821375569444444 0.01708860078125003 0.018565391666666722