0 0.568336627734375 0.3531092125 0.012292050781250018 0.024280594444444463
0 0.577726409765625 0.3569247479166667 0.010926267968750025 0.014568356944444479
0 0.5654343582031249 0.3751351951388889 0.010926267968750025 0.01699641805555553
0 0.5435818234375001 0.38727549166666664 0.013657835937500007 0.012140297222222231
0 0.5374357972656251 0.38970355208333335 0.01229205078124993 0.01699641805555553
0 0.534704230078125 0.40062981875 0.012292050781250018 0.019424476388888855
0 0.526509529296875 0.39455967152777777 0.015023617968750003 0.01699641805555561
0 0.5224121789062499 0.4042719083333334 0.01502361875 0.021852536111111064
0 0.55109363203125 0.3921316111111111 0.012292051562500017 0.026708655555555558
0 0.546996281640625 0.40791399791666666 0.015023617968750003 0.02428059583333335
0 0.499193859765625 0.42126832569444445 0.03414458671875007 0.055845370833333324
0 0.49441361757812496 0.4346226527777778 0.030047236718750002 0.043705072222222204
0 0.44183095390625005 0.43462265208333334 0.028681453125000013 0.05341730972222223
0 0.34212876015625 0.4042719083333334 0.17345450156250003 0.2646584861111111
0 0.075118091015625 0.4066999680555556 0.15023618203125 0.1238310361111111
0 0.88420821328125 0.45404712847222223 0.08194700781250006 0.1262590958333333
0 0.905377857421875 0.46497339583333336 0.050533989843749974 0.13354327222222223
4 0.682379547265625 0.4380912958333334 0.04370507265625001 0.07284178611111108
4 0.9514388925781251 0.49913965833333335 0.0928732757812499 0.33507221111111113
4 0.670770388671875 0.37496174861111103 0.017755185156250075 0.033992833333333375
4 0.068459876171875 0.16405515625 0.04780242109375 0.0686548375
3 0.571751086328125 0.41502472986111105 0.016389400781249997 0.06070148750000005
3 0.613407482421875 0.4174527895833334 0.012292050781250018 0.06070148749999996
3 0.629796883984375 0.3992423444444444 0.015023617968750003 0.043705072222222204