0 0.35707859453125 0.5637138048611111 0.012870771874999987 0.0166409986111111
0 0.36585412109375 0.5626737416666666 0.014040842187499968 0.01872112222222218
0 0.378139857421875 0.5637138048611111 0.015210911718749998 0.020801248611111114
0 0.40446643632812507 0.5647538673611111 0.032761964843750005 0.052003118055555575
0 0.4325481203125 0.5730743666666667 0.06084364843749999 0.06864411666666667
0 0.45009917421875 0.5865951763888889 0.037442245312499976 0.06656399166666663
0 0.492806733984375 0.5865951763888889 0.06669399921874994 0.0915254861111111
0 0.5378544359374999 0.6105166118055556 0.09360561406250004 0.1185671097222222
0 0.6355552945312499 0.6302777972222222 0.16497989375 0.16640998055555561
0 0.296819981640625 0.5678740541666667 0.018721124218749986 0.02080124722222223
0 0.27373348867187497 0.5677263805555556 0.011070880468749999 0.012185399999999982
0 0.184493245703125 0.5595535548611111 0.03276196328125001 0.06240374027777781
0 0.17162247265625 0.5647538673611111 0.016380981250000003 0.06448386805555555
1 0.12657477187500002 0.5448674805555556 0.0760545609375 0.11673738888888884
0 0.04993517578125 0.5824349277777778 0.08892533281250001 0.08320498888888885
0 0.00332128984375 0.6021961131944444 0.0066425796875 0.08944536527777779
0 0.85260331015625 0.6136367979166667 0.2925175421875001 0.3577814541666667
0 0.334757903125 0.5585134937499999 0.02241004999999996 0.039522370833333376
4 0.45887469843749995 0.49922993819444444 0.00585034999999996 0.033281995833333314
4 0.40505147265624997 0.5262715597222223 0.010530631249999978 0.02080124722222223
0 0.43430322578125 0.5325119333333334 0.0269116140625 0.024961497222222167