4 0.28024566171875 0.3543368951388889 0.024107153125000023 0.024489806944444463
4 0.3452488796875 0.3501277076388889 0.006887757812499995 0.013775515277777749
4 0.47430824335937505 0.33306138402777774 0.01808036484374993 0.024489806944444463
4 0.098294040625 0.2819144506944445 0.05251915625 0.08418371249999998
5 0.391956490234375 0.3501277090277778 0.005165819531249971 0.0168367430555556
5 0.416494129296875 0.35165832083333337 0.006026788281250006 0.016836741666666672
5 0.437587887890625 0.35089301458333333 0.005165819531250016 0.018367354166666693
3 0.683671510546875 0.3971940576388889 0.026690064843750073 0.0964286152777778
0 0.011739120703125 0.42936682083333333 0.02347824140625 0.06887758055555555
0 0.02669006328125 0.42168386250000006 0.049936246875 0.05969390277777783
0 0.080931158984375 0.42091855555555563 0.06026788515625 0.06428574166666666
0 0.066725158203125 0.40561242708333334 0.035299760156250005 0.027551031944444464
0 0.2290179609375 0.4117348777777778 0.027551032812499977 0.027551030555555578
0 0.34395742421875 0.39719405625 0.023246182812499995 0.035204098611111095
0 0.409821612890625 0.4025512027777778 0.00860969765624997 0.024489808333333307
0 0.45717495078125003 0.394898136111111 0.008609698437500058 0.015306130555555578
0 0.466645618359375 0.39948997500000005 0.022385216406249953 0.027551033333333346
0 0.4929051949218749 0.40408181249999997 0.03874363984375 0.061224516666666694
0 0.58588993125 0.39183691041666663 0.012914545312500003 0.012244904166666654
0 0.65390654375 0.39183691041666663 0.018080365625000018 0.012244904166666654
0 0.16616716601562503 0.4163267180555556 0.11709188984375 0.1285714888888889
0 0.29488214687500003 0.4247450888888889 0.10762122187499998 0.12091842222222221
0 0.399705216796875 0.4033165083333333 0.01894133359375001 0.033673483333333344
0 0.369140791796875 0.40790834652777774 0.03874363984375 0.05204084027777777
0 0.43285255429687497 0.40561242569444445 0.04390945859375002 0.07193880694444449
0 0.533586017578125 0.41862263680555556 0.07576533984375003 0.09183677638888889
0 0.9832529507812499 0.4068652930555556 0.030165156250000002 0.11891191944444447