3 0.7393167019531249 0.4228305680555555 0.017193411718749996 0.08915102222222224
3 0.6812889378906251 0.42283056944444447 0.015760627343750055 0.0687736472222222
3 0.70063152578125 0.42665132638888886 0.020058981250000052 0.10188688333333329
3 0.6146644671875 0.4228305680555555 0.008596706249999997 0.05603778611111107
3 0.60463497734375 0.4202833972222223 0.011462273437500059 0.0713208194444444
3 0.141129254296875 0.3642456104166667 0.010029489843750006 0.028018895833333307
3 0.103876862109375 0.37188712708333327 0.010029489843750006 0.028018893055555574
3 0.285840469140625 0.3973588472222223 0.010029489843749984 0.04330192500000002
3 0.29658635117187504 0.39863243333333337 0.008596705468749999 0.04584909722222221
0 0.134681723828125 0.39099091597222213 0.048714666406250016 0.05094344027777779
0 0.11366754765625 0.39905695694444443 0.0429835296875 0.04584909722222221
3 0.610843701171875 0.40797205763888894 0.048714666406250016 0.03820758194444444
3 0.551383153125 0.42580226250000003 0.04728188281249999 0.05349061388888888
5 0.536680063671875 0.28164445625 0.008596705468749999 0.029838293055555534
5 0.527366965625 0.2812805708333333 0.007163921875000057 0.030566063888888884
4 0.571066886328125 0.2769139979166667 0.022924549218750024 0.02037737638888887
4 0.59399143671875 0.27564041180555554 0.020058981250000052 0.022924548611111106
0 0.413835859765625 0.44617963958333334 0.22494713671874997 0.3897173319444444
5 0.162961309375 0.3290946270833333 0.017193410937499997 0.03056606527777781
3 0.645517740625 0.4305465715277778 0.01186522656250002 0.06328120694444447