0 0.59044901171875 0.7062497479166667 0.04113279843750002 0.11249995972222225
0 0.6532028960937499 0.7474997333333333 0.1307812046875 0.23249991944444437
0 0.48287092421875 0.7699997256944445 0.21832023593749997 0.3749998680555556
0 0.28775380546875 0.7324997381944444 0.1381640140625 0.16124994305555557
3 0.246796788671875 0.6837497555555555 0.01265624609375 0.03749998611111115
3 0.22675773320312498 0.6903122534722221 0.01265624609375 0.05812497916666659
3 0.21937492343749998 0.6940622520833333 0.008437496875000016 0.06937497638888886
3 0.20935539531250003 0.6987497506944444 0.01371093281250002 0.0674999763888889
3 0.18246087382812498 0.6940622520833333 0.010546871093749988 0.06937497638888886
3 0.17191400273437502 0.7024997486111111 0.010546872656250006 0.07124997499999992
3 0.36281237304687497 0.6949997520833334 0.01265624609375 0.044999984722222226
0 0.005800779296875 0.7456247340277777 0.01160155859375 0.11624995972222223
5 0.239413978515625 0.6443747701388889 0.014765619531249996 0.018749995833333345
4 0.26208975234375 0.5824997916666667 0.02214842968749999 0.014999994444444473
4 0.390761582421875 0.5984372847222222 0.024257805468750025 0.016874991666666655
5 0.41765610390625 0.5984372854166666 0.008437496875000061 0.020624993055555603
5 0.3622850296875 0.6546872659722223 0.009492184375000035 0.020624993055555527
4 0.2631444390625 0.5643748020833333 0.01792968124999996 0.011249995833333297
4 0.669198984375 0.5628122972222223 0.03480467499999999 0.016874991666666655
4 0.73388646484375 0.5337498083333333 0.01792968124999996 0.04124998611111113
4 0.742851305078125 0.5524998013888889 0.014765619531249996 0.037499986111111064
4 0.891210625390625 0.2646874020833333 0.06539060234375 0.14812494861111114
3 0.668495862109375 0.6696872604166667 0.011601557031250032 0.020624993055555603
3 0.775722384375 0.6828122562500001 0.01792968124999996 0.06937497638888893
3 0.7878512867187499 0.6809372569444444 0.014765620312499995 0.08062497222222215
3 0.7941794097656251 0.6968747513888889 0.014765619531250085 0.09374996666666667
3 0.8089450292968751 0.6903122534722222 0.014765619531249996 0.07312497361111114
3 0.8210739312499999 0.6949997520833334 0.01792968125000005 0.0749999736111111
3 0.8553512632812499 0.6978122499999999 0.01898436874999998 0.08062496944444437
5 0.6370310269531251 0.571249795138889 0.016874994531249944 0.029999990277777756
4 0.355429562890625 0.5956247868055555 0.01054687109375001 0.02624999027777777