4 0.323944059765625 0.1037742888888889 0.02524239296874997 0.016828263888888886
4 0.39264425195312497 0.15691321597222224 0.04350344453124997 0.040834615277777764
4 0.33814290703125 0.1523892715277778 0.026294160937499988 0.05048479027777779
5 0.24085451249999998 0.12995158472222224 0.02734592812500001 0.04674517222222223
5 0.13199668671875 0.03552633333333333 0.03260475937499998 0.06357343611111112
5 0.7567459457031249 0.08040169791666667 0.01788002890625 0.05609420972222223
5 0.463723827734375 0.21502780347222222 0.005258832031250016 0.018698070833333306
5 0.531983462890625 0.014958454861111112 0.014724730468750025 0.029916909722222225
5 0.74202121640625 0.07479227847222222 0.013672964062500004 0.04487537083333333
0 0.415447739453125 0.24961923194444444 0.012621197656249982 0.016828261111111093
0 0.421758337890625 0.2505541347222222 0.008414130468749993 0.014958455555555538
0 0.43753483437499996 0.25242394305555554 0.012621196874999985 0.022437683333333305
0 0.4433195507812499 0.2561635569444444 0.013672965625 0.018698069444444423
0 0.44647484921874997 0.2570984604166666 0.0178800296875 0.01682826249999998
0 0.448578382421875 0.2786012402777778 0.024190628906250032 0.033656525
0 0.532719696484375 0.2879502770833334 0.028397694531250028 0.041135754166666656
0 0.552177373828125 0.2907549861111111 0.03786359296874995 0.0504847888888889
0 0.48328667382812507 0.27579653055555553 0.015776497656249954 0.02804710555555556
0 0.46803606171874995 0.2561635576388889 0.014724729687500026 0.011218840277777769
0 0.472243126953125 0.27953614583333336 0.023138860156250017 0.03926594722222225
0 0.623697491796875 0.2907549861111111 0.03996712578124999 0.05796401666666667
0 0.43217083515625 0.2767314326388889 0.01998356250000004 0.02991690972222223
0 0.58309931796875 0.3113228638888889 0.06941658437499995 0.08788092777777774
0 0.504216835546875 0.28234085555555555 0.04417418984374999 0.06357343611111112
0 0.45324648359374997 0.28625207152777776 0.034788931250000044 0.04147895972222224
0 0.699529859765625 0.3552633284722222 0.17985206015625002 0.20941838194444443
0 0.716358121484375 0.2430749076388889 0.06415775078125004 0.02991690972222223
4 0.39234380273437497 0.19353815138888888 0.042902546093749994 0.03622881666666669