4 0.037869180859375 0.3751229090277778 0.05506326953125 0.12151894027777775
4 0.6778478265625 0.5558366243055556 0.015189865624999932 0.02700420972222217
0 0.085443002734375 0.4984526798611111 0.024683535156250002 0.0270042069444444
0 0.074525286328125 0.50351596875 0.025632900781250002 0.027004206944444477
2 0.222131698046875 0.5198310131944445 0.08358449296875001 0.04219407638888886
0 0.489398535546875 0.5575243881944444 0.01234176640625 0.020253159722222195
0 0.47753145195312496 0.5473978097222222 0.01708860078125003 0.020253158333333313
0 0.558227621484375 0.5617437930555554 0.02468353515624999 0.03544302222222224
0 0.45582655234375 0.5640504048611111 0.03417720156250006 0.04050631527777774
0 0.51658602265625 0.5927423756944444 0.07215187031249996 0.11139235972222221
2 0.6271872425781251 0.5826157979166667 0.06740503671875002 0.09113920416666667
0 0.10076340546875 0.6830376930555556 0.1993670078125 0.44050615000000004
2 0.375788424609375 0.53029546875 0.03411827421874998 0.04159180138888882