4 0.155969256640625 0.3093390201388889 0.029244235156249986 0.05025675972222222
4 0.13501088632812502 0.15250327083333334 0.020470964843750016 0.12477540277777775
3 0.42355401015625 0.3942556201388889 0.0477655859375 0.1646342125
3 0.4610841109375 0.33360090625 0.013647310937499935 0.025994873611111104
3 0.499589020703125 0.33706688888888886 0.008773269531249994 0.02599487499999999
3 0.477168439453125 0.32840193055555555 0.008773269531249994 0.015596922222222215
1 0.31707841523437497 0.3413452125 0.19691118359374996 0.3102055166666667
1 0.652899719140625 0.3084183743055556 0.25052561640625004 0.4037870708333334
0 0.2171606109375 0.38467000625 0.045815968750000005 0.07105265972222223
1 0.23080791953125002 0.40633240416666666 0.008773268749999997 0.0
0 0.476193631640625 0.38599682569444443 0.07895943515624992 0.09959286805555555
0 0.8088158160156251 0.4503854854166666 0.3812561835937499 0.49016024027777777
0 0.512261523046875 0.34659834375 0.006823655468749923 0.051989748611111095
3 0.4255036234375 0.32320295694444445 0.01072288593750006 0.01906290833333336