0 0.514186946484375 0.4545069159722222 0.009945589843749936 0.014560862500000047
0 0.48698283515625 0.45918719305555555 0.015210899999999939 0.01768104722222227
0 0.52413253515625 0.46646762569444444 0.015795935937499995 0.03224191250000001
0 0.5899489499999999 0.46386746944444446 0.016380968749999968 0.02912172499999994
0 0.5949217453125 0.4753081472222222 0.01813607500000005 0.03536209444444446
0 0.6039897820312501 0.45606700625 0.009360554687499967 0.019761168055555504
0 0.6095476109375 0.47738827083333335 0.016966004687500025 0.06448381944444448
0 0.9465860562500001 0.4779083013888889 0.10530623593749996 0.10296609722222219
0 0.46650662265625 0.46854774791666676 0.02925173281250002 0.03848228194444445
0 0.555461141796875 0.5039098402777777 0.07365585703125 0.11336671111111112
0 0.7836246628906249 0.5325115333333333 0.14982735859374988 0.1747303444444445
0 0.40654057226562496 0.4779083013888889 0.06142863984375006 0.08216486666666667
0 0.0800912421875 0.5221109201388889 0.15971445624999997 0.13728813194444447
0 0.11168311328125 0.45502694652777775 0.04972794375 0.02184129305555555
0 0.150002883203125 0.4779083027777778 0.028081663281249992 0.023921419444444484
0 0.20470362226562497 0.47062787152777774 0.055578291406249994 0.03848228194444445
1 0.566840064453125 0.44358626875 0.018136074218749965 0.017681045833333384
2 0.6408469648437499 0.47738827083333335 0.058503464062499955 0.08528505
0 0.502940878125 0.4581471305555556 0.016380968750000058 0.023921416666666633
5 0.5095651765625 0.4167180326388889 0.0035102093749999953 0.008320493055555525
5 0.52477607734375 0.41515793958333336 0.0035102093749999953 0.009360554166666665
5 0.53559921796875 0.40995763125000007 0.00409524218749997 0.011440676388888862
5 0.550517600390625 0.43439907916666665 0.0023401367187499745 0.00832049166666672
5 0.55607543046875 0.43231895625 0.004095242187500059 0.008320493055555525
0 0.550517601171875 0.4454930597222222 0.025741524218750023 0.008320494444444411
4 0.652703664453125 0.41619798611111114 0.009360553906250058 0.032241911111111125
4 0.664696874609375 0.4031972159722222 0.012285727343749997 0.043682587500000064
4 0.73168334140625 0.3870762611111111 0.009360554687499967 0.023921416666666712
4 0.798084773828125 0.33767333541666666 0.014625866406250054 0.05200307916666667