0 0.096422265234375 0.5910698180555556 0.18964379140625 0.30015819722222215
0 0.37448647343749997 0.519231007638889 0.027206282812500017 0.0312961152777778
0 0.41049478828124997 0.5249212104166667 0.025605912499999973 0.03698631805555558
0 0.44250217890625 0.5170971819444444 0.012802956250000008 0.02418336111111109
0 0.424097929296875 0.5249212104166667 0.011202586718749963 0.019915709722222234
0 0.32087409296875 0.5000265722222222 0.011202585937499964 0.018493158333333308
0 0.2956682734375 0.5007378486111111 0.02000461874999999 0.01422550833333334
0 0.25085792617187497 0.4986040222222222 0.010402402343749983 0.018493158333333308
4 0.406093771875 0.47370938472222224 0.007201662499999983 0.017070608333333345
4 0.38888979960937503 0.4751319361111111 0.009602217968750004 0.017070608333333345
0 0.20044628515625 0.49718147222222214 0.024805728124999992 0.032718666666666646
0 0.17564055742187498 0.49220254444444445 0.021604988281250015 0.028451013888888908
0 0.22685238281249998 0.4986040222222222 0.013603140625000032 0.018493158333333308