2 0.11843915351562499 0.4323814347222222 0.16084329453125 0.14730429444444448
0 0.341670150390625 0.44451237708333335 0.02437019765624999 0.032926840277777814
0 0.01949615703125 0.4211169895833333 0.035093082812499996 0.045057784722222195
0 0.279282448046875 0.4349809229166667 0.03021904296875002 0.02426188472222227
2 0.283181679296875 0.4263159645833333 0.03606788984375 0.027727868055555563
0 0.36652774960937495 0.4384469069444445 0.01949615546875001 0.013863933333333339
0 0.3845616953125 0.4375804111111111 0.008773270312499993 0.012130941666666612
0 0.5259088328124999 0.46877426111111115 0.05166481562500005 0.07105265833333334
0 0.6136415394531249 0.48523768333333334 0.07700982109375003 0.09358155277777777
0 0.503000848828125 0.44797836180555556 0.027294621093750047 0.050256762500000066
2 0.5712373972656251 0.4185175020833333 0.06433731640625 0.12997437916666668
1 0.627776252734375 0.4349809236111111 0.05848847109374997 0.07278565277777777
1 0.808115704296875 0.4219834847222222 0.2865935070312499 0.3102055166666667