0 0.47051073164062507 0.48367547986111115 0.03218542890624994 0.03754966805555553
0 0.44486296796874997 0.4935099159722222 0.03721440312499995 0.05006622361111113
0 0.40211669375000003 0.49440395625 0.04626655312500003 0.051854304166666684
0 0.36037621679687504 0.4979801159722222 0.02916804609375001 0.06615894027777777
0 0.18436215 0.5131787881944444 0.065376653125 0.0858278097222222
0 0.137592696875 0.47205296388888895 0.05632450156250002 0.07152317500000002
0 0.08529137539062501 0.48099335972222224 0.10862582421875 0.0858278111111111
0 0.032587741015625 0.4720529625 0.06517548203125 0.1037086055555556
2 0.15972018125 0.4237748173611111 0.17299668125000003 0.10370860138888886
2 0.23414898515625 0.41394038333333333 0.04827814375000004 0.0339735083333333
3 0.2085012203125 0.45059600833333335 0.021121689062500004 0.05006621944444447
0 0.534881591015625 0.48903971736111107 0.06638244921874996 0.17344370138888895
0 0.71894201328125 0.5230132243055555 0.044254965624999976 0.09476820694444446
0 0.761185389453125 0.5078145500000001 0.04023178671875005 0.050066222222222165
0 0.773757823046875 0.5185430270833333 0.031179633593749933 0.06437086250000006
0 0.92157877109375 0.6374503076388889 0.1558364375 0.29145694305555564
0 0.6213799312500001 0.5551986555555555 0.17903145 0.28430462777777776
0 0.265328619921875 0.5355297805555556 0.19110098515625001 0.20562913333333332
5 0.5856742207031249 0.3960595895833333 0.0030173835937499227 0.016092715277777753
5 0.59120609140625 0.39248342986111107 0.006034767187500023 0.023245034722222217
4 0.634455262890625 0.40321190694444453 0.034197019531250025 0.01251655555555552
5 0.6656348960937499 0.4094701840277778 0.004023178125000015 0.025033109722222155
4 0.8230417624999999 0.36119204097222224 0.021121689062499983 0.025033112500000045
4 0.67569284296875 0.39337746875 0.010057945312500038 0.014304634722222194