0 0.096755006640625 0.4423490805555556 0.10042117890624999 0.0867128916666667
0 0.2765567390625 0.4168452881944445 0.03156094218749996 0.03910581249999999
0 0.32246356406250004 0.41089440416666667 0.020084235937500017 0.027204044444444422
0 0.49987431484375 0.4159951638888889 0.049732393750000006 0.07141061388888888
0 0.40264111445312506 0.42506318819444444 0.07204819921875001 0.12015122083333331
3 0.4391434109375 0.40692715763888887 0.008607529687500027 0.051007584722222214
3 0.61655416171875 0.4052269041666667 0.007651137499999993 0.040806066666666634
0 0.155573128125 0.4307306951388889 0.0535579625 0.08161213194444446
0 0.20913108984375 0.42733019027777774 0.05355796250000002 0.05100758333333333
0 0.384310271484375 0.3686714798611111 0.008607530468750024 0.01190176805555549
0 0.37857191757812503 0.37292211388888885 0.006694744531250007 0.013602022222222211
0 0.37044258476562497 0.3737722402777778 0.011476707031249988 0.015302275000000047
0 0.36326964257812505 0.3788729979166667 0.006694744531250007 0.018702781944444444
0 0.35896587734374996 0.3856740090277777 0.009563921875000015 0.015302276388888853
0 0.3484455640625 0.3907747680555556 0.015302275000000032 0.02210328611111115
0 0.43595544921874996 0.36952160833333336 0.012433098437499979 0.020403033333333317
0 0.43595544960937505 0.38737426041666667 0.014345882031250045 0.018702779166666676
0 0.44551937109375006 0.4001261583333333 0.010520314062500003 0.020403033333333317
0 0.45651788046875 0.4026765361111111 0.01912784375000003 0.02210328611111115
0 0.462256234765625 0.4120279284722222 0.02295341328124998 0.0306045513888889
0 0.5779796890625001 0.40777729583333333 0.009563921875000058 0.02210328611111107
3 0.5698503558593749 0.40947754652777774 0.004781961718750072 0.028904295833333295
4 0.5029029015625 0.3153968916666666 0.012433098437500067 0.022103286111111113
4 0.50290290234375 0.33750017569444446 0.010520314062500003 0.018702779166666676
4 0.33027411367187504 0.3579032097222222 0.007651138281250036 0.011901769444444415