0 0.37569088710937504 0.5904475215277778 0.01758553046875 0.024157901388888882
0 0.35091127578125 0.5961317347222221 0.03836843125000002 0.05542106666666666
0 0.3217352796875 0.6096317381944444 0.03277303281250003 0.04263159027777779
0 0.292559287109375 0.6238422680555555 0.05595396171875002 0.05968422222222224
0 0.127095428125 0.6657633305555556 0.18384873281249997 0.18047372777777784
0 0.40446721015625 0.5890264680555556 0.017585531249999998 0.024157897222222224
0 0.41965471484375005 0.5840527826388889 0.011190792187499988 0.014210526388888903
0 0.42564978203125003 0.5904475222222222 0.013588818749999999 0.021315794444444456
0 0.433243534375 0.5968422624999999 0.011190793749999983 0.02842106388888889
1 0.46761525390625 0.5904475236111111 0.05915133125000001 0.06394738333333336
0 0.727001834765625 0.6366317472222223 0.24060203671874997 0.2842106027777779
0 0.8960627328124999 0.7190528194444444 0.20623031406250006 0.3325264027777778