5 0.523856930859375 0.2683647388888889 0.007197863281249983 0.023459700000000003
5 0.457876522265625 0.3611371902777778 0.009597149218750012 0.021327000000000023
5 0.53405390234375 0.2758291888888889 0.005998218750000017 0.02985779999999999
5 0.8933472054687499 0.3152841395833333 0.016795012499999908 0.027725101388888895
5 0.39009665078125 0.25130313819444444 0.005998218750000017 0.03625589861111113
5 0.362595721484375 0.3498577597222222 0.010978547656250014 0.0200951388888889
5 0.34930876250000004 0.3451419402777778 0.010796793750000023 0.027725099999999968
5 0.6642152484375 0.2822272895833333 0.00959715000000001 0.04265400138888889
4 0.34570983164062496 0.30142158958333337 0.025192519531249992 0.02132700138888891
4 0.7625860367187499 0.3259476402777778 0.016795014062499992 0.01066349999999999
0 0.45427759140625 0.4603077402777777 0.055183612499999944 0.11729849999999994
0 0.764985323046875 0.4293835902777778 0.07197862421874994 0.106635
0 0.799175169921875 0.4549759902777778 0.09957043046874992 0.12796199999999996
3 0.80277410078125 0.37606609027777776 0.015595368750000116 0.025592399999999946
3 0.8255673328124999 0.3739333902777778 0.013196081249999913 0.025592400000000026
3 0.8381635921874999 0.3718006902777778 0.011996437500000035 0.025592400000000026
3 0.8501600300781249 0.37073434027777774 0.011996438281249943 0.027725099999999968
3 0.513659958203125 0.41018929027777773 0.010796796093749972 0.051184799999999975
3 0.4968649445312501 0.40592389027777775 0.013196081250000002 0.06398100000000002
3 0.42548614101562504 0.39312768958333333 0.011996436718750036 0.02559239861111114
3 0.44468044140625 0.3909949902777778 0.011996437500000035 0.025592399999999946
3 0.460875632421875 0.39739309027777775 0.01319608203125 0.034123200000000034
3 0.474071713671875 0.40379119027777777 0.010796794531249976 0.05545020000000002
3 0.53045497109375 0.4133883402777777 0.010796793749999978 0.04905210000000003
0 0.379899678515625 0.4731039402777778 0.15115511328125 0.19407570000000002
0 0.049591519921875 0.6938383909722222 0.09918303984375 0.3199050013888888
0 0.977864340234375 0.5978668895833333 0.044271319531249985 0.1834121986111111
0 0.90468607109375 0.48056839027777776 0.19062785781250008 0.2687202
0 0.6300254011718749 0.5402839902777778 0.24832625703125003 0.383886
4 0.331913928515625 0.2395732888888889 0.016795013281249993 0.012796200000000013
4 0.33491303749999995 0.2523694888888889 0.015595368749999982 0.008530800000000009