0 0.084808282421875 0.43879350000000006 0.015596925781250003 0.024261883333333303
0 0.157918870703125 0.4353275152777778 0.021445772656249983 0.03812581666666672
0 0.25345003984375003 0.4197305902777778 0.00584884687499998 0.013863933333333339
0 0.23395388320312502 0.4223300784722222 0.011697694531250002 0.012130943055555576
0 0.19886080078125 0.4223300784722222 0.007798462500000025 0.015596926388888871
0 0.18277647109375 0.42752905347222225 0.018521348437499995 0.02946085972222221
0 0.121850980859375 0.45612341666666667 0.07213578046875 0.0866495861111111
0 0.0667743375 0.4405264916666667 0.026319812499999994 0.031193852777777743
0 0.2471137890625 0.4231965743055555 0.014622117187500016 0.017329918055555598
5 0.24662638476562498 0.38507075625 0.005848846093749982 0.013863934722222224
5 0.22713022812499997 0.38680374791666666 0.00584884687499998 0.013863934722222224
5 0.20422224375 0.38507075625 0.006823654687500014 0.013863934722222224
5 0.184238682421875 0.38420426041666667 0.005848846093749982 0.015596926388888871
5 0.16571733359375002 0.38767024375000003 0.007798462500000003 0.008664959722222202
5 0.15060781210937502 0.3885367395833334 0.00682365546874999 0.017329918055555598
0 0.5304188492187499 0.4125699993055556 0.05093677031250001 0.03420258472222228