4 0.342774809375 0.43003309652777777 0.02816225000000001 0.04470198472222222
4 0.25677936562500003 0.37728475277777773 0.043249170312500015 0.08582780833333332
4 0.34327770703125 0.47831124027777777 0.01709850937499997 0.0339735083333333
4 0.42826735507812497 0.4505960097222222 0.014081124218749963 0.028609269444444387
4 0.484591857421875 0.43092713680555556 0.016092714843749967 0.03218542916666662
4 0.47956288398437497 0.48278143888888886 0.00804635703124994 0.01430463611111108
4 0.54393374140625 0.4622185256944445 0.014081123437500054 0.016092715277777753
5 0.5454424351562499 0.4193046208333333 0.009052153125000028 0.030397350000000028
5 0.5761191718750001 0.27894038680555555 0.01408112500000005 0.04649006527777778
5 0.56254094375 0.28162250625 0.013075331249999956 0.04470198472222222
5 0.360376216015625 0.45238408888888887 0.011063741406249994 0.021456952777777854
5 0.434302123828125 0.48903971736111107 0.00804635703124994 0.0196688736111111
4 0.3432777078125 0.5391059402777778 0.007040564062500021 0.02682119166666668
0 0.44586876249999996 0.5909602430555556 0.14584022656249998 0.19847681388888894