0 0.01486765390625 0.59108098125 0.029372767187500003 0.14229727361111108
0 0.021024747265624998 0.5409120708333333 0.041686953906250004 0.0820945833333333
0 0.06290496015625 0.5500336923611111 0.0646494828125 0.08939187916666663
0 0.11318789062499998 0.5080742375 0.023602192187500017 0.01641891666666666
0 0.171167188671875 0.52540531875 0.026680739843750013 0.03283783194444444
0 0.189638469921875 0.5536823395833333 0.049256749218749986 0.07844593194444442
0 0.39795346796875 0.5308782881944445 0.04309965468749999 0.07662160972222219
0 0.42514729804687496 0.5272296409722222 0.019497463281250037 0.03283783194444444
0 0.4390007578124999 0.5190201826388889 0.022576009374999994 0.045608098611111106
0 0.2922566953125 0.5746620666666666 0.180608078125 0.2517567138888888
0 0.46773386210937495 0.5299661270833333 0.03078546796875008 0.045608098611111106
2 0.48459532851562503 0.5080742388888889 0.017304017968749984 0.03831080277777777
3 0.82433219765625 0.5381755854166667 0.037968742187500126 0.16783780972222218
4 0.34151344375 0.38675669166666665 0.02462837499999999 0.03648648055555555
4 0.343052716796875 0.4259796576388889 0.027706921093749993 0.03101350694444452
4 0.613964833984375 0.4159458756944444 0.009235639843750042 0.04743242638888895
4 0.606268466796875 0.38037155833333336 0.012314186718749998 0.031013508333333325
4 0.601137555859375 0.40773641875 0.004104728906249999 0.034662156944444515
4 0.5862579128906249 0.4340621944444444 0.011288005468750039 0.03281247777777775
0 0.106309126953125 0.5688277270833333 0.12788077109375 0.1148436708333333