0 0.8669528222656251 0.5099998277777777 0.26367178359375004 0.44124985277777773
0 0.543867019921875 0.5328123208333333 0.27632802734375 0.4068748555555556
3 0.5254099941406251 0.3662052333333334 0.024257803906249986 0.04491069444444445
0 0.16874994140625 0.4833480486111111 0.3374998828125 0.6693747638888888
0 0.328007698046875 0.3637498722222222 0.05484373046875 0.06562497500000003
0 0.35279284609375 0.34218737708333336 0.02003905625 0.0412499847222222
0 0.45826155585937495 0.39093736180555555 0.22042961015624996 0.14999994583333331
5 0.70505834765625 0.22218742083333332 0.00949218437499999 0.026249991666666656
5 0.6997849113281249 0.2878123993055555 0.021093744531250014 0.029999990277777795
5 0.49253889062499995 0.24281241527777778 0.007382810937499951 0.01874999444444446
5 0.47513655078124994 0.2423436638888889 0.008437496875000061 0.017812491666666673
5 0.323788949609375 0.13031245347222223 0.01371093359375002 0.022499990277777788
5 0.14185541953124997 0.19406243125 0.01687499531250001 0.09374996527777779
5 0.5911521359374999 0.14624995000000002 0.014765618749999997 0.050624980555555546
4 0.834784864453125 0.13406245416666668 0.027421864843750043 0.026249988888888885
4 0.835839550390625 0.18093743611111113 0.009492182031249996 0.04874998333333335
4 0.7055856914062499 0.13124995694444444 0.029531239062499992 0.013124994444444463
4 0.238359291015625 0.22968741666666667 0.023203116406250012 0.04874998333333333
4 0.26419912734375 0.24562491597222222 0.009492184375000035 0.0356249875
4 0.2657811578125 0.27562490416666663 0.010546871875000008 0.016874991666666655
4 0.849550484765625 0.2671874083333333 0.012656246093749957 0.026249988888888885
0 0.48322250898437497 0.30468739375000004 0.013710933593749974 0.02437499305555555
5 0.505370937890625 0.30281239791666664 0.02847655390624997 0.05062498194444443
3 0.528640712890625 0.30562489305555557 0.020172372656250027 0.022499988888888902
3 0.8138669242187501 0.3465623840277778 0.014765620312500083 0.07687497083333332
3 0.799628647265625 0.3503123840277778 0.013710933593749886 0.08437497083333328
3 0.788554430859375 0.3465623840277778 0.008437496093750062 0.08062496805555558
3 0.7247810078125 0.3378748902777778 0.012656245312500047 0.08249996944444449
3 0.7411286609375001 0.3584998826388889 0.01160155781250003 0.08249997083333334
3 0.7701325550781251 0.3491248888888889 0.021093742968750016 0.08249996944444445
3 0.6227927515625 0.3365623826388889 0.00949218437499999 0.05437497916666665
3 0.5781284671875 0.3176323625 0.007163921874999968 0.04330192500000002
3 0.59603827109375 0.3183965125 0.011462275000000055 0.05094344166666668
3 0.635439839453125 0.340047475 0.010029489843750027 0.05349061388888888
3 0.5645170164062501 0.31330216805555555 0.011462274999999966 0.040754752777777785
3 0.554487526171875 0.3043870659722222 0.008596705468750087 0.03820758194444447
3 0.606067761328125 0.32221727083333335 0.008596705468749999 0.048396269444444445