4 0.07345828750000001 0.40924428611111113 0.020201029687500004 0.07998791111111112
4 0.12524638124999998 0.4288331631944445 0.020201028125 0.06692866250000004
4 0.3671996203125 0.40679567708333336 0.008264057812499993 0.016324062499999945
4 0.483355536328125 0.38230957986111114 0.02938331328124999 0.016324062500000024
5 0.143702773828125 0.3656590270833333 0.011018742968750005 0.02938331249999998
5 0.43248566406250005 0.3754534666666667 0.0064276000000000446 0.032648127777777744
5 0.426517178125 0.3738210590277778 0.005509371875000025 0.032648129166666706
5 0.5311952371093749 0.3860641069444445 0.008264057031249994 0.02448609444444448
5 0.367291435546875 0.44156592638888886 0.005509372656250022 0.024486097222222173
5 0.094577543359375 0.39993956180555557 0.016528114843749997 0.029383315277777752
5 0.044993199609375 0.4448307381944444 0.016528113281249996 0.01795647361111108
5 0.06611245742187499 0.33301089861111116 0.014691657031250005 0.058766627777777775
5 0.08218145820312499 0.3354595097222222 0.015609885156250003 0.05713422222222226
6 0.6328125539062499 0.5098549430555556 0.01377342812500002 0.0555018194444444
6 0.65439092265625 0.5123035506944444 0.020201028124999975 0.06692866250000004
6 0.6846924671875 0.5253628020833334 0.018364571874999937 0.06366384861111109
6 0.7526413820312501 0.5269952076388889 0.02203748593750001 0.057134223611111104
0 0.042697629296875 0.5105350930555557 0.03764737265625 0.034280533333333335
0 0.08952728593749999 0.5048216715277778 0.054175485937500004 0.03917775138888891
0 0.14324365859375 0.5252267527777779 0.080804115625 0.0963119777777778
0 0.39116537851562494 0.4844165923611111 0.011018742968750005 0.02122128472222218
0 0.382901319140625 0.4958434375 0.016528113281250034 0.02448609444444448
0 0.36820966328125 0.4991082506944444 0.022037487499999963 0.031015720833333343
0 0.347090405078125 0.4991082506944445 0.03489268515625001 0.06692866250000004
0 0.41136640546875 0.5040054673611111 0.047747885937500054 0.07345828472222217
0 0.015609886328125 0.5174728208333333 0.030301544531250002 0.04570737777777778
0 0.259399574609375 0.5161668909722222 0.17721811640625001 0.21874245416666668
0 0.505393006640625 0.5218803118055555 0.15242594453124997 0.2334341125
0 0.949958472265625 0.5222169888888888 0.09733223046874998 0.15018138611111115