5 0.39123380078125003 0.4519800548611111 0.008397506249999997 0.027725098611111085
5 0.542388913671875 0.46797530347222216 0.008397505468749955 0.021326998611111096
5 0.399031485546875 0.4515230590277778 0.0047985757812500475 0.02559240138888891
5 0.38403593789062496 0.44832400625 0.005998219531249971 0.0319905013888889
5 0.533391584765625 0.4664519590277777 0.004798574218750051 0.02559239861111114
5 0.548986955859375 0.46112020694444444 0.0047985757812500475 0.027725100000000048
5 0.285065329296875 0.5144377104166666 0.009597150781250008 0.01492889861111111
5 0.6365609484375 0.5346983604166666 0.00959715000000001 0.012796201388888859
4 0.632962017578125 0.4946340548611111 0.014395725781249969 0.0063980986111111015
5 0.627563620703125 0.5084966034722223 0.01799465703124996 0.012796201388888859
4 0.820106442578125 0.44344925416666664 0.03598931328125001 0.07464449999999997
4 0.286264973046875 0.4722407048611111 0.014395724218750017 0.012796201388888859
3 0.14290754453124999 0.5746103048611111 0.02039394375000001 0.08530799861111113
3 0.236479756640625 0.5628804541666667 0.01079679453125002 0.040521300000000024
3 0.6647525765625 0.5852738048611111 0.015595368750000027 0.05118480138888886
3 0.6233648671875001 0.5820747541666667 0.00959715000000001 0.040521300000000024
0 0.47313949609375 0.5651655006944444 0.00959715000000001 0.012796201388888939
0 0.45754412851562504 0.56623185 0.014395725781249969 0.014928899999999995
0 0.43775000546875004 0.5662318520833334 0.010796793749999978 0.019194301388888845
0 0.42635338984375004 0.5683645506944444 0.011996437500000035 0.01492889861111111
0 0.407758912109375 0.5683645506944444 0.01799465546875001 0.027725098611111085
0 0.396362295703125 0.5704972513888888 0.014395725781250012 0.027725099999999968
0 0.50552987734375 0.5651655013888889 0.00959715000000001 0.017061599999999937
0 0.5241243566406251 0.5694309 0.010796794531249976 0.02132699999999998
0 0.533121683984375 0.5683645506944444 0.009597150781250008 0.01492889861111111
0 0.544518299609375 0.5715636006944445 0.010796794531249976 0.021326998611111096
0 0.5577143812500001 0.5758290006944444 0.015595368750000027 0.02559240138888883
0 0.57870814765625 0.5811607513888889 0.02879145000000003 0.040521300000000024
0 0.26467138437500004 0.5854261604166667 0.05998218749999999 0.07037909861111112
0 0.21668563437500002 0.5758290111111112 0.03838860156249999 0.03412320277777773
4 0.2184851015625 0.49676675486111116 0.020393943749999987 0.04905209861111114
0 0.7961385984374999 0.5991363527777778 0.1127164546875 0.05758290000000004
0 0.337849653515625 0.5906055548611112 0.11036722578125002 0.13862550138888888
0 0.05915742265625 0.6076671534722222 0.1183148453125 0.12582929861111106
0 0.878208010546875 0.6014058361111111 0.06855463984375003 0.05624996111111105