0 0.9829935859374999 0.6126125756944444 0.03196840625000004 0.20969199861111107
0 0.900722449609375 0.5129655513888889 0.1442715617187499 0.09011556944444439
0 0.700399437109375 0.5346279479166667 0.11990136484375 0.16116822916666662
0 0.6185155785156249 0.5129655520833334 0.04776558359375001 0.07625163750000002
0 0.27733283203125003 0.4913031548611111 0.03411827500000002 0.03639282638888888
0 0.248576 0.4930361458333334 0.025345004687499985 0.022528891666666655
0 0.11453992265624999 0.49130315416666664 0.024370196874999993 0.02599487500000003
0 0.555640472265625 0.5017011055555555 0.01754654140625007 0.02599487777777772
0 0.506900080078125 0.4956356333333334 0.027294619531249963 0.013863933333333339
0 0.5770862441406249 0.5034340972222222 0.01949615703124996 0.0259948777777778
4 0.596884465625 0.46617477361111115 0.00914394999999999 0.02772786944444437
4 0.7739974296875 0.3621952715277778 0.04289154531249997 0.10051351805555556
4 0.77740925703125 0.4531773368055555 0.016571732812499997 0.04679077638888892