5 0.15001512578125 0.4073705097222222 0.020352931249999994 0.05988908055555555
5 0.13036402109375 0.4928372166666667 0.016141978125 0.06612752500000003
5 0.48794393515624995 0.5939000381944445 0.009825551562499956 0.0511552569444444
5 0.669716648828125 0.5764323881944444 0.008421900781250002 0.018715334722222268
5 0.789728749609375 0.5352586472222222 0.015440153906250042 0.06612752500000003
5 0.80516890234375 0.5290202020833333 0.014036503124999999 0.08359517361111114
5 0.83876753125 0.2327017840277778 0.065447696875 0.1547289652777778
5 0.8048179902343751 0.39052670486111113 0.021054755468749953 0.07111828194444444
5 0.878158718359375 0.14597963125000002 0.09755369609375002 0.25827165416666664
5 0.8163981050781249 0.26076703263888895 0.02596753046874998 0.04366911805555556
5 0.161595241015625 0.5620839638888888 0.008421900781250002 0.014972269444444445
5 0.114923868359375 0.5333871131944444 0.006316425781250001 0.01746764583333334
4 0.13282040976562498 0.44916809583333334 0.01263285234375 0.016219958333333295
4 0.79007966171875 0.48597492638888884 0.010527376562500024 0.022458405555555554
4 0.8921952214843749 0.37243521250000006 0.05614601171874991 0.12726429444444445
4 0.8409619855468751 0.4317004479166667 0.04632046015625004 0.0786044180555556
4 0.80236160234375 0.602010017361111 0.01403650312499991 0.029944540277777775
5 0.29073106796875 0.5589647409722223 0.007018251562499999 0.03867836250000004
4 0.15492790156249997 0.36557292222222215 0.0077200765625 0.023706094444444402
0 0.026493899999999997 0.6381930027777778 0.05263688750000001 0.094824375
0 0.13001310859374998 0.6606514076388889 0.0912372703125 0.07236597083333333
4 0.11352021835937501 0.6032577076388889 0.01052737734375 0.022458404166666668
5 0.2893274171875 0.5939000375 0.011229203124999998 0.02620147222222218
3 0.62795805234375 0.6787429013888888 0.012632853125000043 0.051155255555555515
7 0.747970153125 0.6974582368055556 0.0589533125 0.13849349583333337
0 0.434956135546875 0.6687613875 0.02596753046874998 0.03867836388888893
0 0.3742482609375 0.6612752513888889 0.014036503124999999 0.018715336111111154
0 0.405128567578125 0.6631467854166666 0.01684380390625 0.01746764861111111
0 0.41846324609375 0.6643944763888888 0.018247454687500043 0.022458405555555554
0 0.4216214582031251 0.6718806097222222 0.010527377343750022 0.014972269444444445
0 0.448992639453125 0.66938523125 0.010527377343749932 0.022458404166666668
0 0.3574044578125 0.6594037180555555 0.022458406249999997 0.024953783333333333
0 0.34933346796875 0.6612752534722222 0.02175657968750002 0.036182984722222186
0 0.338806090625 0.6606514069444445 0.034389431250000026 0.039926052777777776
0 0.30792578398437503 0.6600275631944444 0.07790259140624997 0.05365063472222218
0 0.23879600703124998 0.6375691583333334 0.0224584046875 0.02620147222222226
0 0.388674391015625 0.6654302805555555 0.019379141406249988 0.02679584999999997