4 0.84327151015625 0.17624987083333332 0.014501943750000024 0.023437486111111107
4 0.8643652464843751 0.17976549444444442 0.022412094531249947 0.03515622500000003
4 0.853159199609375 0.1328905263888889 0.02109373515624995 0.04921871666666667
4 0.6778175234375 0.2746873048611111 0.013183584374999936 0.042187473611111095
4 0.677817523828125 0.32039039722222223 0.026367169531249957 0.035156224999999985
4 0.607944524609375 0.26999980763888887 0.06064448984374993 0.03281247916666668
3 0.3027445390625 0.39656222083333337 0.01186522656250002 0.042187469444444445
3 0.279673265234375 0.40359346458333334 0.02109373671874999 0.06562495416666671
3 0.315268944140625 0.4012497180555556 0.010546867968749974 0.03749997222222221
3 0.878867189453125 0.4364059430555555 0.030322244531249966 0.11249992222222219
3 0.7147315601562501 0.4141403333333334 0.018457018750000033 0.04921871666666667
3 0.698911258203125 0.40828096250000007 0.01582030078125003 0.06093745833333336
3 0.6554054292968751 0.41531220694444454 0.013183585156250021 0.042187469444444445
3 0.6455177398437499 0.41882782916666667 0.01186522656250002 0.03515622500000006
3 0.63431169453125 0.41765595625 0.00791015312499992 0.04218747083333341
3 0.741757908984375 0.41648408125 0.011865225781250021 0.058593709722222165
3 0.5789406375 0.4282028215277778 0.01054686718749993 0.03046872638888887
3 0.56180197734375 0.42234345347222224 0.01054686718750002 0.046874968055555556
0 0.545322496875 0.41765595625 0.02241209375000004 0.04687496805555548
0 0.43903893085937507 0.41882783125 0.020782316406250077 0.02578123194444449
0 0.23880415390624998 0.3918747229166667 0.03427732031250001 0.08906243750000004
0 0.1597026453125 0.4141403326388889 0.14238271562500002 0.17578112916666666
0 0.41744172539062496 0.4141403340277778 0.030322244531249966 0.03046872916666672
0 0.47413113984374994 0.41648408263888886 0.035595678124999974 0.03984372361111118
0 0.5084084605468749 0.4282028236111111 0.022412094531250037 0.021093736111111146
0 0.599375194140625 0.4258590743055556 0.022412094531250037 0.0351562236111111
0 0.060735124609375 0.4469528104166666 0.12147024921875 0.30703103750000005
0 0.356797236328125 0.40945283680555555 0.05141598046875 0.06328120694444439
3 0.77603522890625 0.42117157708333336 0.01186522656250002 0.07265619861111108
0 0.758896569921875 0.4246872013888888 0.02768552734375005 0.03281247777777775