4 0.15982816328125 0.49441085486111114 0.032118578125000005 0.01631419861111109
4 0.81392558671875 0.4409365430555556 0.041295315624999954 0.09244712499999995
5 0.34731399296875 0.47968276458333337 0.006882553124999991 0.02311178194444439
5 0.503828339453125 0.4810422805555556 0.00841200859375002 0.025830813888888887
5 0.19806456484374999 0.4948640180555556 0.00611782343749998 0.021752266666666662
0 0.034795125390625 0.6321751861111111 0.03747167421875 0.021752266666666742
0 0.009176737109375 0.6321751888888889 0.01835347421875 0.08429002222222219
0 0.237193153515625 0.6045317131944444 0.04206004296875001 0.032628395833333296
0 0.388864213671875 0.5868579993055556 0.011470921093749985 0.021752265277777776
0 0.377393294140625 0.5854984819444444 0.013000377343750013 0.024471297222222275
0 0.45182683046875 0.5868579979166667 0.00994146406249996 0.010876129166666715
0 0.461768295703125 0.5854984805555555 0.0038236398437499373 0.016314200000000056
0 0.478974676953125 0.5882175138888889 0.00917673671874999 0.021752266666666662
0 0.484710137109375 0.5902567888888888 0.00841200859375002 0.02583081666666666
0 0.49273978164062504 0.5895770319444444 0.009176735156249994 0.02990936111111111
0 0.694755433984375 0.5651057340277778 0.04511895546874998 0.019033234722222243
0 0.7421685722656249 0.5725830736111112 0.04511895546874998 0.06389727777777776
0 0.30780304062499997 0.597734132638889 0.017588745312500008 0.02447129861111116
0 0.27530209765625 0.6011329229166668 0.04129531562500004 0.05030211249999997
0 0.341833439453125 0.5916163055555556 0.02600075546874998 0.025830813888888887
0 0.363628188671875 0.5922960625 0.014529833593749996 0.027190327777777808
0 0.70100072734375 0.6271903083333333 0.11012084062500005 0.11419938888888892
2 0.9281249597656249 0.5732628118055556 0.14223941796874992 0.4268881902777778
0 0.398416378515625 0.5880328743055555 0.012895058593750041 0.020377376388888833
2 0.563902965625 0.5689290833333334 0.13754729374999997 0.2266983166666667
3 0.84043033671875 0.6058630791666666 0.03152125468749993 0.11716991666666661