5 0.327115353515625 0.33554478958333334 0.007197863281249983 0.04265399861111116
5 0.5598462414062501 0.24383868819444443 0.007197862499999985 0.04265399861111112
5 0.57424196640625 0.24703773888888886 0.011996437500000035 0.04052129999999998
5 0.096783752734375 0.1745259402777778 0.026392163281250002 0.09170610277777778
5 0.43748257890625003 0.41445469027777776 0.007197862499999985 0.017061600000000017
5 0.7295958328125 0.37926514027777775 0.013196081250000002 0.01919429999999996
4 0.40749148476562497 0.3707343395833334 0.009597149218750012 0.031990498611111126
4 0.6240271828124999 0.25556853888888886 0.06118183281249996 0.023459700000000003
4 0.7187990390625 0.3547390909722222 0.013196081249999913 0.008530801388888854
0 0.502263341015625 0.4528432895833333 0.011996436718750036 0.01706159861111113
0 0.529255326953125 0.45924139027777783 0.02039394296875008 0.0383886
0 0.56044606328125 0.4699048902777777 0.046786106249999994 0.06824639999999998
0 0.49146654726562494 0.4645731402777778 0.02399287421875007 0.031990499999999936
0 0.430284716015625 0.46670584097222223 0.009597149218750012 0.019194301388888845
0 0.41888810117187497 0.46457314097222224 0.01319608203125 0.02345970138888889
0 0.39669469218750003 0.4720375902777778 0.0215935875 0.02985779999999999
0 0.350508406640625 0.4603077402777777 0.02279323203125001 0.036255900000000056
0 0.340311433984375 0.4720375902777778 0.02399287421874998 0.03412319999999996
0 0.313319450390625 0.46990489027777776 0.025192519531249992 0.034123200000000034
0 0.27613049492187497 0.47630299097222223 0.029991096093750037 0.03838860138888889
0 0.24014118164062498 0.4784356902777778 0.03239038046874998 0.051184799999999975
0 0.20655115624999998 0.4795020395833333 0.049185393749999994 0.057582898611111155
0 0.974265408984375 0.48056838958333337 0.05146918203124997 0.07251179861111115
4 0.324716065625 0.3813978402777778 0.01199643749999999 0.027725100000000048
2 0.654018276171875 0.45284329166666665 0.14515689453125002 0.25592399999999993