0 0.4617045609375 0.5434667354166667 0.028677303125000008 0.01631419861111109
0 0.44113883671875004 0.5680836972222222 0.02753020937500006 0.0407854944444444
0 0.40156416093749997 0.5568676875 0.05620751249999998 0.04282477222222217
0 0.405005437890625 0.5823586222222222 0.030971486718749962 0.03262839444444442
0 0.37231331289062497 0.5813389847222222 0.04358949765625 0.06321751944444445
0 0.31839998515625 0.5660444236111111 0.07341389218750001 0.07341389444444452
0 0.31151743359375 0.5782800729166666 0.075708078125 0.09380664027777783
0 0.21688233671875 0.5905157215277778 0.1296214046875 0.11827793750000003
0 0.51799400703125 0.5418644486111112 0.01835347343749998 0.01631419722222221
0 0.5248765597656251 0.5653161097222222 0.020647658593750062 0.02651057222222227
0 0.5587157749999999 0.5622571986111111 0.049324957812499994 0.04894259444444447
0 0.5713337878906251 0.5755124840277778 0.047030774218749995 0.05098186805555558
0 0.633276761328125 0.5897874083333333 0.11126793203125 0.12031721388888891
0 0.759702698828125 0.5653161166666667 0.19435018046875002 0.17333834166666667
0 0.8264798500000001 0.5928463347222223 0.345274715625 0.3222054194444444
0 0.97617536484375 0.6999082638888888 0.045883682812500125 0.27122355
0 0.086031905078125 0.61484135 0.16862253515625 0.1814954555555556
0 0.8282218472656251 0.5942651111111112 0.33799655390625005 0.3097060944444445