3 0.748467066015625 0.8760791979166668 0.05148308828125003 0.20593234583333336
7 0.8982360484375 0.9142148236111111 0.09360561406250004 0.16432985833333333
5 0.9725355046875 0.6073964236111111 0.04095245624999997 0.04576274166666663
5 0.94854906328125 0.5137908111111111 0.04446266562499997 0.1289677333333334
5 0.902916327734375 0.5273116222222222 0.03276196328124996 0.11856710555555555
5 0.614494032421875 0.22049322152777778 0.04095245546874997 0.15808948194444447
5 0.02653377421875 0.6209172347222223 0.030421825000000003 0.1060863638888889
5 0.077431826171875 0.6001159909722222 0.026911614843749997 0.13104785972222216
5 0.07977196484375 0.7270035972222222 0.0245714734375 0.05200311388888892
4 0.020098387500000002 0.5169110013888889 0.036272175000000004 0.03536211944444448
4 0.9684402578124999 0.6833209791666668 0.032761962499999873 0.07280436666666669
4 0.980140958984375 0.7873272187499999 0.03744224609375006 0.11440685972222218
4 0.386915384375 0.7977278381944444 0.011700700000000008 0.03952237361111107
4 0.32139145312500006 0.7384442819444444 0.014040842187500013 0.02080124444444446
0 0.5739194171875001 0.8757325152777778 0.015210910937499999 0.024961494444444395
0 0.5616336824218751 0.8798927652777777 0.021061263281249954 0.02912174722222226
0 0.4826539437499999 0.9069343847222222 0.038612315625000004 0.07072424166666672
0 0.438191277734375 0.9027741354166667 0.08073484140624995 0.10816648749999998
0 0.54291255859375 0.8882132666666667 0.03510210468750001 0.03744224444444436
0 0.61428683671875 0.8684520819444446 0.011700701562500004 0.02288137222222212
0 0.619552153125 0.8736523916666666 0.015210912499999996 0.02912174444444449
0 0.6254025042968749 0.8757325187499999 0.015210911718749998 0.033281998611111085
0 0.6406134175781251 0.8819728881944444 0.04095245546874997 0.05824348750000009
0 0.390101885546875 0.9205814173611111 0.11472581171875004 0.10683461805555557