4 0.43128448906249994 0.45984342638888887 0.026367170312499955 0.04687496944444444
4 0.4688577058593751 0.45281218055555555 0.014501942968750025 0.014062488888888917
3 0.19200242734375 0.6098433229166667 0.05405269687500001 0.1921873652777778
3 0.221665492578125 0.57234335 0.01582030078125003 0.04687496944444444
0 0.15311085273437502 0.5547652368055556 0.03691403671875 0.058593709722222165
0 0.11553763554687499 0.5594527340277777 0.04350582890624999 0.058593709722222165
0 0.07071344804687499 0.56414023125 0.06196284765625 0.07734369861111108
0 0.385141943359375 0.5160933881944445 0.06591792421875002 0.046874968055555556
0 0.362729848828125 0.5301558791666666 0.09492181015625004 0.028124983333333298
0 0.273081473828125 0.5313277520833334 0.05273433984375 0.0351562236111111
0 0.02777616328125 0.5805464687499999 0.0555523265625 0.08203119305555553
0 0.33306678359374997 0.7574994729166666 0.42319306875 0.4453121930555555