4 0.8182577488281251 0.48627585486111113 0.0394329960937501 0.020618559722222173
4 0.81825774765625 0.5110181256944444 0.03711340781249994 0.02474227361111111
2 0.568322139453125 0.558440813888889 0.13337631171875 0.1402062083333333
0 0.6553066902343749 0.5996779347222222 0.10786084296874998 0.0783505305555556
0 0.7382319624999999 0.5955542222222222 0.14149486875 0.10309279999999998
0 0.7765051644531249 0.5976160777777778 0.12061857734374995 0.09484537499999995
0 0.8588505386718751 0.6089562868055556 0.15773198515625006 0.11340208194444443
0 0.25285816953125 0.5543171013888889 0.05451031874999997 0.049484544444444445
0 0.05395349804687499 0.5780284465277779 0.03015464296875 0.05154640138888888
0 0.10904371328125 0.5914305104166667 0.0916237265625 0.09896908750000001
0 0.1960282640625 0.6161727833333334 0.13801548749999998 0.14432992222222224
2 0.334623648046875 0.6007088631944444 0.15077322109375002 0.18762889583333334
0 0.025816954687499998 0.5914305090277777 0.051633909374999995 0.2103093125
0 0.9324974578124999 0.6079253576388889 0.13105672343750002 0.1154639347222222
0 0.9701907621093749 0.6161727819444445 0.055670111718749915 0.1278350722222222
4 0.54832941328125 0.5146985423611111 0.010722885937499971 0.020795901388888892