0 0.5821099074218751 0.4201851965277778 0.010530630468749979 0.012480748611111083
0 0.5920555046875 0.42330538333333334 0.00936056093750004 0.01872112222222218
0 0.584450048828125 0.4316258819444444 0.01287077265624994 0.01872112222222226
2 0.5692391367187499 0.4191451361111111 0.019891193750000015 0.03952237222222226
0 0.556953399609375 0.41706500972222216 0.009360561718750039 0.01040062222222223
0 0.549347943359375 0.4191451333333333 0.010530632031250065 0.01040062222222223
0 0.542327522265625 0.42538550972222217 0.010530632031249976 0.014560872222222167
0 0.562218715234375 0.4326659458333334 0.015210911718749998 0.024961497222222247
0 0.5505180136718749 0.43266594652777773 0.012870772656250029 0.0166409986111111
0 0.556953400390625 0.4503470048611111 0.016380982031250026 0.031201870833333267
2 0.5177560492187501 0.41568339861111114 0.019891193750000015 0.029804847222222246
0 0.49552471484375005 0.4274656347222222 0.010530631250000066 0.014560875000000017
0 0.4867491890625001 0.4305858201388888 0.011700701562500004 0.0166409986111111
0 0.47446345234375 0.4347460722222222 0.019891193750000015 0.0332819972222222
0 0.4610076453125 0.4347460694444444 0.01638098281250002 0.024961497222222247
0 0.436436171484375 0.43474607222222217 0.018721122656249988 0.016640997222222214
0 0.4019191015625 0.4524271305555555 0.04329259531250003 0.06032361944444449
0 0.455157294921875 0.4701081909722222 0.04446266640625005 0.05408324305555554
0 0.5048852769531249 0.45554731875000004 0.026911613281250003 0.03744224583333333
0 0.53706220703125 0.4701081916666666 0.03978238593750003 0.06656399166666671
0 0.742409521484375 0.4509710430555556 0.03861231640625 0.03328199166666674
0 0.675130486328125 0.4217452916666667 0.021061263281249954 0.02080124722222223
0 0.9577024316406249 0.5385442958333333 0.08307498203124997 0.1684901055555555
0 0.18604115664062498 0.4522191215277778 0.030421824218749994 0.03328199583333339
4 0.089656608203125 0.40547573263888886 0.02106126328125 0.039522370833333376
4 0.090826679296875 0.44811828819444444 0.02106126328125 0.033281995833333314
4 0.839671584765625 0.3357915527777778 0.07254435078124999 0.1248074833333333
4 0.85722263828125 0.42003660416666666 0.02574154375000006 0.04368261944444451
4 0.617943288671875 0.4189965430555555 0.010530630468749979 0.02080124722222223
0 0.021426901171875002 0.4772400375 0.042853802343750004 0.07488449166666666
5 0.4978615921875 0.39374972916666673 0.006591792187500012 0.018749986111111068
5 0.5128414441406249 0.38671848402777775 0.007910150781250014 0.02109373472222218
5 0.53986779296875 0.3855466104166666 0.006591792187499923 0.018749987499999954