0 0.34611975156249997 0.4861459895833333 0.03152125625000002 0.06113212916666665
0 0.31889685078125 0.4912403326388889 0.04298352968749999 0.06113212916666665
0 0.291673946875 0.4963346777777778 0.05158023437499999 0.06113213055555554
0 0.23364618203125 0.5065233652777777 0.08453427343749997 0.09169819444444442
0 0.15484304726562498 0.5319950875 0.10459325390624999 0.09679253888888889
0 0.43853433828125005 0.4441176486111112 0.018626195312500027 0.02801889444444446
0 0.53094892578125 0.4275610347222222 0.020058979687499968 0.025471722222222187
0 0.51088994609375 0.4504855819444444 0.03152125468750002 0.06622647222222224
0 0.5810963765625 0.44539123472222225 0.017193410937499997 0.04075475277777782
0 0.593275044140625 0.4517591659722222 0.030088471093749992 0.053490615277777764
0 0.611184847265625 0.45430633749999993 0.03152125546875002 0.058584958333333347
0 0.6247962984375001 0.4568535083333333 0.027222901562500023 0.05858495277777773
0 0.639124141015625 0.4594006854166666 0.024357332031249967 0.08405667916666673
0 0.67709292734375 0.4453912381944444 0.08310149062500001 0.1324529513888889
0 0.808192687890625 0.48359881875000005 0.16763576328125004 0.17320770138888889
0 0.9228154339843752 0.4810516444444445 0.15044235234375006 0.2750945861111111
3 0.693990271875 0.45820688125 0.026382248437499988 0.10682166527777781
0 0.538112847265625 0.4581270986111111 0.028655685156250055 0.030566063888888884
0 0.4757867296875 0.4670421979166666 0.07020643125 0.11971709027777777
0 0.068159596484375 0.5625611534722221 0.09169819453125 0.14264164027777776
0 0.9859686453125001 0.6413472083333334 0.02294184218749997 0.3307798055555556
6 0.5696341015625 0.4861459916666667 0.022924546875000028 0.0916981944444445
4 0.61906516171875 0.36151649375 0.015760628125000054 0.033113237500000045
5 0.59532187890625 0.3685758048611111 0.010029490625000026 0.022924548611111106
3 0.37180752734375 0.47250042499999995 0.010029490625000026 0.04330192500000002
5 0.43638516171874997 0.3842591055555556 0.008596704687500002 0.030566063888888884
5 0.5666634855468751 0.3711480131944444 0.00917673671874999 0.016314195833333323
5 0.596487879296875 0.39459967430555565 0.011470921093749985 0.01835347361111109
4 0.42106472617187496 0.3902297993055555 0.02867730234375001 0.01835347361111109