5 0.479560164453125 0.21543376944444445 0.004304849218750029 0.013775513888888863
5 0.472672405078125 0.2253827534722222 0.004304847656250032 0.012244904166666693
5 0.40939112812499995 0.19017865694444444 0.006026787500000008 0.01224490277777777
0 0.48210394062499995 0.26321759166666664 0.03357782187499998 0.05969390555555556
1 0.53376212734375 0.24791146249999998 0.0645727328125 0.0872449361111111
2 0.2910279625 0.23192373263888888 0.11709188906250004 0.18367355138888888
0 0.533821438671875 0.28549518472222224 0.04477042734375001 0.08571432222222224
0 0.604563721484375 0.3268217347222222 0.15870396015625002 0.1897960027777778
0 0.40855033710937505 0.2992707027777778 0.14378195234374996 0.2234694888888889
0 0.901886018359375 0.5663626590277777 0.19199626015624993 0.39948997361111105
4 0.9569880839843752 0.09187264861111112 0.028412002343750055 0.03214287222222222
3 0.009790685546875 0.2674530701388889 0.01862619609375 0.18339639027777777
5 0.143756018359375 0.11886800555555556 0.017193411718749996 0.040754752777777785
5 0.9239070722656251 0.19273601527777778 0.015760627343749965 0.04584909722222223