4 0.2055545078125 0.3203392097222222 0.014040842187500013 0.024961497222222205
4 0.41558210351562497 0.3661019541666667 0.017551053906250048 0.012480747222222198
0 0.364099016015625 0.3577814555555555 0.010530632031249976 0.008320499999999993
0 0.37638475234374996 0.3629817666666667 0.014040842187500013 0.018721122222222223
0 0.3886704890625 0.3629817666666666 0.012870771874999987 0.01040062222222223
0 0.409731753125 0.38898332708333333 0.017551054687499956 0.029121748611111147
0 0.35122824374999995 0.3577814541666667 0.010530631250000023 0.012480747222222198
0 0.34596292851562505 0.36922214166666667 0.009360561718749993 0.014560872222222245
0 0.340112578125 0.37234232916666665 0.01170070156249996 0.012480747222222198
0 0.342452717578125 0.38170289166666665 0.011700702343750003 0.027041622222222214
0 0.337187401171875 0.3910634513888889 0.015210913281249993 0.04160249444444438
0 0.2880444546875 0.3858631402777778 0.017551053125000004 0.03952236944444441
0 0.272833542578125 0.3962637638888889 0.017551052343750005 0.04784286944444444
0 0.204384437890625 0.40458426249999996 0.04446266640625003 0.07280436388888892
0 0.488126452734375 0.42226532291666674 0.04563273515624999 0.08736524027777783
0 0.534344225 0.4413086347222222 0.10062603437500002 0.11713136388888891
2 0.31729621015625 0.36506189166666664 0.022231332812500025 0.022881372222222238
0 0.3015002625 0.3900233881944445 0.011700701562500004 0.03536211805555559
0 0.31846627890625 0.39730382569444445 0.03393203437499999 0.04160249583333334
0 0.35415341875 0.37546251666666663 0.011700701562500004 0.01872112222222218
0 0.383405173046875 0.3900233895833333 0.032761964843750005 0.052003118055555575
0 0.42786783984375 0.4004240131944445 0.028081684374999936 0.03536212083333336
0 0.252357314453125 0.3983438875 0.032761964843750005 0.04368261944444443
0 0.152901351171875 0.41602494930555556 0.07254435078124999 0.08736524027777774
0 0.70107922421875 0.4721883159722223 0.24454466562499996 0.27873671527777777
1 0.595187873046875 0.3910634520833333 0.05850350703125003 0.04576274305555559
4 0.45536448984375 0.3421805201388889 0.010530631249999978 0.010400623611111114