0 0.666549976953125 0.46733469305555564 0.02340140234375001 0.024961497222222247
0 0.8128087484375002 0.4704548784722222 0.0655239296875001 0.043682618055555546
0 0.8912034492187499 0.4870958770833334 0.17083024531250005 0.09776586249999997
0 0.626962609375 0.47253500347222227 0.01755105156250005 0.02704162083333333
0 0.608826521484375 0.47045487916666673 0.025741542968749975 0.03120186944444446
0 0.608241487109375 0.4870958770833334 0.03627217578124995 0.052003118055555575
0 0.593615609765625 0.49021606388888883 0.03510210546875001 0.058243491666666675
0 0.514635873828125 0.5560866861111111 0.16497989296874999 0.24961496944444445
0 0.36837709414062497 0.45624069166666664 0.057333438281249996 0.05408324444444443
0 0.33386002460937503 0.47808200069444445 0.07020421015624997 0.0520031180555555
0 0.15503429687499998 0.4895226868055556 0.03627217500000002 0.10400623749999996
0 0.189551366015625 0.5040835583333333 0.09360561328125001 0.14144848333333337
0 0.11993219179687502 0.4919495020833333 0.03159189453125 0.08528511527777777
0 0.09068043789062499 0.4950696888888889 0.06435385859375001 0.10400623888888892
0 0.0450477015625 0.502350125 0.090095403125 0.13936835833333333
0 0.019891192578125 0.5283516840277778 0.03978238515625 0.14976898194444443
4 0.859709055078125 0.10400623680555555 0.042122525781249996 0.07696461527777779
4 0.843913107421875 0.16849010277777776 0.024571472656250037 0.03120186944444444
4 0.8801852835937499 0.16849010555555555 0.03627217500000004 0.060323616666666684
4 0.9509745277343751 0.31305877361111106 0.018721122656249988 0.029121747222222223
4 0.759083021484375 0.20489228541666668 0.025741542968749975 0.04160249583333334
4 0.773123862109375 0.23401403472222226 0.03978238515624995 0.029121747222222223
4 0.7450421777343751 0.4503470048611111 0.02340140234375001 0.033281995833333314
4 0.253612708203125 0.41810507361111116 0.009360560156249998 0.0228813722222222
5 0.517463530859375 0.33698020763888886 0.0070204210937500735 0.022881370833333352
5 0.639735864453125 0.3681820798611112 0.005850350781250046 0.022881370833333314
5 0.733341476953125 0.4274656333333334 0.00819049140625001 0.016640999999999986
5 0.04651028828125 0.3817028902777778 0.01053063125 0.029121744444444413
5 0.180483323828125 0.3629817666666667 0.007020421093749984 0.024961497222222205
5 0.25712291953125 0.38794326388888883 0.005850350000000004 0.02080124722222223
5 0.035394622265624995 0.40666438680555556 0.009360560156250003 0.033281995833333314
5 0.647341320703125 0.3733823916666667 0.007020421093749984 0.029121744444444413
4 0.71579042421875 0.4045842618055556 0.012870771874999942 0.012480748611111163
4 0.694729161328125 0.3702622027777778 0.010530630468749979 0.01872112222222226
3 0.8945186429687499 0.5198231743055555 0.03627217500000004 0.1518491069444444
3 0.86351178359375 0.5219033 0.03978238593750003 0.16849010277777773
3 0.757620432421875 0.49902192847222215 0.019891192968750016 0.09776586249999997
3 0.71023259140625 0.4927815548611111 0.014040842187499968 0.07696461527777775
3 0.7219332921875 0.49486167708333334 0.01872112187500008 0.09776586250000005
3 0.6833209773437501 0.4907014284722223 0.01872112187499999 0.08528511527777777
3 0.69443664453125 0.49486167916666657 0.019891192187500017 0.08528511388888889