0 0.237110447265625 0.3854628826388889 0.010287216406250011 0.011254390277777778
0 0.22721889335937498 0.38968328125000007 0.007913242968749979 0.016881587499999996
0 0.25531090703125 0.39390367638888885 0.008704568749999985 0.014067988888888846
0 0.27074173359375 0.3960138743055555 0.009495892187500044 0.015474787500000057
0 0.254519582421875 0.4009376708333333 0.008704567968750031 0.011254391666666664
0 0.279446300390625 0.40515806666666665 0.012661189843749998 0.01688158611111111
0 0.292898813671875 0.41992945486111116 0.012661189843749998 0.02672917638888895
0 0.275094016796875 0.4213362534722222 0.013452514843750008 0.021101984722222276
0 0.24106706992187502 0.4656504173611111 0.05143608359375 0.06752634305555555
4 0.198335554296875 0.3699880965277778 0.010287216406249989 0.011254390277777778
4 0.31545155859375 0.3896832784722222 0.010287215624999967 0.019695181944444407
4 0.34591754531249996 0.38546288194444445 0.011078542187500017 0.014067988888888926
4 0.36451366796875 0.3840560861111112 0.010287215625000012 0.014067988888888846
4 0.43375454804687497 0.3826492854166667 0.012661189843749998 0.019695181944444487
4 0.43217190039062503 0.34818271180555554 0.03956621796875002 0.06049235138888886
0 0.11722480859375 0.43048044583333334 0.009495892187499999 0.014067986111111154
0 0.08952845703125001 0.4410314375 0.017409137500000005 0.018288383333333356
0 0.066184387890625 0.44525183472222224 0.01503516171875 0.018288383333333356
0 0.607845908203125 0.40375127013888884 0.03165297421875 0.03939036805555555
4 0.7686430234375 0.21284865833333333 0.08704567812500005 0.09144192500000001