5 0.377738040234375 0.28161115555555555 0.012672502343749992 0.012130941666666692
5 0.328997648046875 0.27727867638888887 0.016571733593749992 0.013863933333333339
5 0.33338428359375 0.31973697361111114 0.007798464062499999 0.008664958333333316
5 0.36019149921875 0.32233646111111114 0.006823654687500014 0.013863933333333339
4 0.353855248046875 0.29287560069444446 0.021445772656249983 0.013863931944444453
4 0.35726707578125 0.27381269305555556 0.006823654687500014 0.013863933333333339
4 0.21786955351562504 0.29634158541666666 0.012672502343749992 0.020795901388888892
0 0.30950149101562496 0.36999373333333335 0.016571733593749992 0.03639282500000003
0 0.292442353515625 0.3769257006944444 0.027294619531249963 0.039858809722222256
0 0.2592988875 0.3760592048611111 0.023395389062500004 0.04505778472222224
0 0.34167015 0.3803916847222223 0.03411827500000002 0.046790777777777806
0 0.21494513007812496 0.40898604791666665 0.11795174921874998 0.11784343750000004
0 0.3957719859375 0.38125817986111105 0.04094192968749999 0.06238770138888891
5 0.40357044804687503 0.3370668909722222 0.007798461718750005 0.019062909722222205
3 0.54053095 0.3803916847222223 0.010722885937499971 0.046790777777777806
3 0.7627871390625 0.39165613125 0.022420579687500018 0.06931967083333335
3 0.721357805859375 0.3803916833333334 0.023395388281250006 0.05025675833333333
0 0.847234387109375 0.5321060868055555 0.30439278671875 0.2843658958333333
4 0.46498334257812496 0.33100141875 0.013647310156250026 0.010397948611111079
4 0.451823436328125 0.3491978333333333 0.010722885156249973 0.012130944444444462
5 0.46059670703125005 0.2928756020833333 0.006823654687500014 0.04505778472222224
5 0.445487185546875 0.31453799791666665 0.007798463281250001 0.025994876388888876
4 0.7837455078125 0.24261884166666667 0.01949615781249996 0.06585368611111109