0 0.3802855390625 0.37683081388888884 0.009566932812500007 0.017007880555555487
1 0.35038887734374996 0.37470482916666664 0.0430511921875 0.07653545277777778
0 0.32348188125 0.3874607381944445 0.013154531250000013 0.02976378749999995
0 0.3061418171875 0.39064971458333336 0.021525596874999976 0.044645681944444404
0 0.29119348632812503 0.39064971388888886 0.02032973046875002 0.04039371111111107
0 0.26906995703125 0.3874607381944445 0.04065946093749999 0.059527576388888864
0 0.24814229335937502 0.39809066180555563 0.05859745703125001 0.06803151527777776
0 0.398821469921875 0.39096861597222227 0.027504928906250024 0.04464567916666663
0 0.41915119882812507 0.3952205854166667 0.015546266406250009 0.02763780138888884
0 0.4323057296875 0.3984095625 0.022721462499999935 0.03826772777777773
0 0.443068527734375 0.4037245243055556 0.015546263281250017 0.04889765138888886
4 0.45323339335937496 0.3527008888888889 0.014350397656250014 0.019133863888888904
0 0.45442926015624996 0.4111654715277778 0.019133864062500016 0.06377954583333331
0 0.467583791015625 0.4143544479166667 0.023917328906250025 0.0701574986111111
0 0.5070473847656249 0.41860643611111115 0.07175198828124998 0.11692916666666661
0 0.7423939277343751 0.53914976875 0.29179141953124993 0.2678740902777778
0 0.922775412109375 0.6105828388888889 0.14948330859374986 0.4634646944444445
0 0.06115361914062499 0.4383780666666667 0.12197838046875001 0.45070878611111104
7 0.1442663375 0.4064882951388889 0.05381399062500001 0.10629924305555558