0 0.421693287890625 0.44930694375 0.09360561328124994 0.12064723472222225
0 0.575557515234375 0.46261974166666675 0.04563273671875008 0.04992299444444441
0 0.6703331984374999 0.46157967916666665 0.029251753124999967 0.03120187222222223
0 0.707775444140625 0.46053961666666665 0.06669399921874994 0.02912174722222226
0 0.8383552742187501 0.44701880625 0.01287077187500003 0.01456087361111113
0 0.864681853125 0.4428585576388889 0.037442245312499976 0.02288137361111116
0 0.9079744492187501 0.43661818194444446 0.023401403125000008 0.022881372222222276
0 0.953022151171875 0.43661818194444446 0.043292596093749934 0.027041622222222214
1 0.510033585546875 0.4108246354166667 0.13455806796875 0.1643298541666667
5 0.39361160429687503 0.17889072777777776 0.014040841406249971 0.06656399166666668
5 0.409407551171875 0.1799307895833333 0.01755105234375005 0.05616336805555555
5 0.33803327148437495 0.3765025791666667 0.012870772656249984 0.02080124722222223
5 0.826537565625 0.31409883680555556 0.018721121874999903 0.02912174861111111
5 0.807231408203125 0.31617896041666665 0.015210911718749998 0.024961495833333323
4 0.64459165546875 0.3702622034722223 0.010530632812499973 0.033281995833333355
4 0.237992272265625 0.3296997715277778 0.016380982031250026 0.08528511527777777
0 0.066108964453125 0.4909094388888889 0.02457147421875 0.016640997222222214
0 0.09770085859375 0.4877892513888889 0.02457147343749999 0.014560872222222245
0 0.12519750703125002 0.48986937638888894 0.025741543749999995 0.014560872222222167
5 0.9906106371093749 0.10697783194444445 0.016380982031249935 0.09152548888888887