4 0.31535033828125 0.42284998124999995 0.028269428124999996 0.04852376805555557
4 0.371889193359375 0.39945459305555553 0.012672502343750036 0.022528891666666655
4 0.8973106222656251 0.2816111548611111 0.026319811718749975 0.02946085694444444
4 0.9333785125 0.24868431319444445 0.008773270312499904 0.03639282638888888
0 0.826637053125 0.3474648409722222 0.048740392187499995 0.02252889305555554
0 0.8129897433593751 0.3708602298611111 0.06238770234374993 0.0415918013888889
0 0.7847203160156251 0.36566125347222217 0.03314346640625008 0.03465983194444446
0 0.9606731324218749 0.361328775 0.06921135703125003 0.0641206944444444
0 0.47668103671874995 0.40638655902777776 0.009748078124999981 0.025994873611111143
0 0.461084111328125 0.3951221131944444 0.02144577265625003 0.04852376805555557
0 0.21494513007812496 0.36826074166666667 0.020470964843749995 0.015596924999999985
2 0.438663530859375 0.361328775 0.03119385078125001 0.07798462777777775
2 0.425503625 0.36306176597222223 0.006823656250000009 0.025994873611111143
1 0.28464389140625 0.37779219583333334 0.05069000937500001 0.07625163611111109
4 0.236390903125 0.34919783263888887 0.006823656250000009 0.019062909722222205
0 0.088220109765625 0.3691272375 0.014622116406249996 0.02079590000000001
3 0.32071178125 0.38732365069444447 0.007798462500000003 0.025994876388888834
0 0.52444662109375 0.44191289027777775 0.09553116874999992 0.1490372888888889
0 0.4459745890624999 0.4107190388888889 0.03996712031250001 0.055455736111111126
3 0.59609499765625 0.3994545923611111 0.004874039062500035 0.04332479305555555
3 0.6034060570312499 0.39858809652777777 0.007798464062499999 0.04852376805555549
4 0.250038212109375 0.38472416388888886 0.016571732031249998 0.01386393611111111
0 0.069211357421875 0.35699629513888886 0.009748078906250002 0.027727868055555563