0 0.37867274218749997 0.41938151041666666 0.010438145312500025 0.020618559722222173
0 0.389110887890625 0.4204124388888889 0.010438146093749979 0.018556702777777743
0 0.442461412890625 0.42556707986111114 0.012757733593750053 0.041237120833333384
0 0.45173976484375 0.42556707986111114 0.015077323437500035 0.041237120833333384
0 0.467396984375 0.4307217208333333 0.03479382187500004 0.0639175361111111
0 0.4929124523437499 0.4348454298611111 0.041752584375 0.08041238472222226
0 0.52364699453125 0.4410310013888889 0.063788671875 0.09690723611111111
0 0.546262976953125 0.38948459861111107 0.025515467968750018 0.02268041666666668
0 0.59207483984375 0.4389691451388889 0.11945878281250008 0.1752577625
0 0.697964054296875 0.46268048819444446 0.2087629210937501 0.24742272083333333
0 0.8719331546875001 0.5542268951388888 0.2528350937499999 0.47010317361111104