4 0.5016489046875 0.06297854236111111 0.09520864218750003 0.11419939027777778
4 0.6593740648437499 0.06042944861111111 0.09635573437499997 0.11725829999999998
4 0.741677923046875 0.12772551597222223 0.017779927343750047 0.03568730972222222
4 0.827136282421875 0.05686071597222222 0.12560658203125002 0.11216011250000002
4 0.6451460964843749 0.1865936423611111 0.007456097656250016 0.014274923611111094
4 0.645146097265625 0.19780965625000002 0.009750282031250012 0.008157098611111104
4 0.6098730160156249 0.21106494236111112 0.020647657031249978 0.01835347361111109
4 0.54018717109375 0.21514348958333332 0.017779928124999955 0.022432020833333313
0 0.531103630859375 0.23604605833333336 0.00975028359375001 0.015294561111111094
0 0.540280367578125 0.2391049722222222 0.009750282031250012 0.0112160111111111
0 0.5875979156250001 0.2324773270833333 0.006882553124999991 0.012235648611111137
0 0.595914332421875 0.2324773284722222 0.01204446640625001 0.02447129861111112
0 0.636636102734375 0.23553624027777778 0.017779927343750047 0.0224320222222222
0 0.757654315234375 0.23502642083333333 0.026956663281250036 0.029569483333333344
0 0.50798255625 0.2543995319444444 0.044736590624999996 0.06831570555555556
0 0.6112208421875 0.24879152569444443 0.03441276093749997 0.05098187083333335
0 0.65509711484375 0.25185043749999997 0.04301595156250002 0.05709969444444446