0 0.630008091015625 0.5113922104166666 0.01893179609375002 0.0635734375
0 0.6378963390625 0.5170016305555556 0.0178800296875 0.08975073333333339
0 0.6967952601562499 0.5198063416666667 0.10202134531249998 0.17763166388888887
0 0.8119636832031251 0.5459836402777778 0.23349214765625 0.2711220138888889
0 0.913797216796875 0.633063225 0.17106230703125008 0.3515237138888889
0 0.207342601171875 0.6104919805555556 0.32604759296874997 0.2972993111111112
0 0.48027598984375003 0.4571678083333334 0.028397693749999942 0.035526333333333326
4 0.4616503328125 0.3734271645833333 0.011569429687500054 0.026177293055555533
4 0.43325264140624997 0.4033440763888889 0.013672964062500004 0.007479227777777769
4 0.9471156695312501 0.22197280069444444 0.04312242343749997 0.04113575694444446
4 0.6869537417968751 0.37436206875 0.02524239453124997 0.013088648611111135
4 0.49348882109375003 0.38461929097222225 0.00841413124999999 0.005609420833333366
4 0.42512400429687497 0.42575504583333335 0.010517666406250025 0.013088649999999941
4 0.28292516953125 0.3257470763888889 0.04207065624999999 0.07666208611111114
4 0.28239928632812494 0.38397821388888886 0.015776496093750002 0.03926594722222221
5 0.50169258671875 0.33450846875 0.006310598437499948 0.03178671805555556
4 0.444897198046875 0.38125364722222227 0.008414128906249995 0.016828263888888903
4 0.48837022304687494 0.40294340486111113 0.01051766484375003 0.009349034722222172
0 0.50256906875 0.4222647493055556 0.011569429687500054 0.01682826250000002
2 0.562619911328125 0.4414080097222222 0.11674607265625 0.2935596972222222
4 0.6748527796875 0.39265946666666673 0.024190628124999947 0.011218841666666653
4 0.42543952070312496 0.3861151423611111 0.01577649609374996 0.00934903472222225
4 0.47750195859375 0.38518023888888886 0.004207065624999995 0.014958455555555538
4 0.496358626953125 0.39359437013888887 0.009465899218750008 0.005609420833333287
3 0.63544221796875 0.44283261180555555 0.007362365624999967 0.039265948611111094