0 0.01578047109375 0.5440808902777778 0.0315609421875 0.19722932499999998
0 0.325173344140625 0.43866522013888887 0.08990086640625003 0.10201516805555555
0 0.59894060859375 0.44837230347222223 0.038255689062499966 0.055969606944444514
0 0.561402214453125 0.4595783305555555 0.011476703906250042 0.01870277777777779
0 0.47389232968750006 0.44512618472222226 0.05260157031250001 0.040806066666666634
0 0.4279855046875 0.44512618333333337 0.04877600156249997 0.05780859444444444
0 0.510713428515625 0.45702795277777775 0.028691764843750002 0.030604550000000015
0 0.541477397265625 0.46275214027777783 0.01625866640625002 0.02210328611111115
4 0.137173965625 0.18787792083333335 0.021040631249999997 0.05270783611111113
4 0.398337345703125 0.37269540416666663 0.012433096093749985 0.017002527777777724
0 0.575859328515625 0.4664999624999999 0.012656247656249953 0.026999997222222225