4 0.27989273046875 0.34581608680555553 0.03586369375 0.09563651249999998
4 0.66191902109375 0.44630373194444445 0.02027078281249999 0.03880902222222223
6 0.648275225390625 0.5904515159722223 0.03976191953125001 0.09425047638888889
0 0.27340380234375 0.5562626187499999 0.05145660156250002 0.06098560138888895
0 0.21259145429687498 0.5430952743055555 0.029626528906249994 0.02910676527777775
0 0.3926895609375 0.5604207291666666 0.053015890625000006 0.06930182222222223
1 0.523670003515625 0.5174536027777777 0.21518215546875002 0.34096496111111113
1 0.28383303359375 0.5224492145833334 0.022385214062500002 0.02448980694444442
0 0.30750970234374997 0.5487247354166667 0.019802304687499994 0.029081643055555557
1 0.31827182421875 0.5242349291666666 0.034438790625000014 0.022959194444444442
1 0.34711431171875 0.5311226881944445 0.016358425 0.015306131944444464
0 0.12957595117187498 0.5548471875 0.04390945859374999 0.027551033333333346
1 0.9220986152343752 0.38104821111111115 0.15325259296875 0.6811227555555555