0 0.097455684375 0.36522059722222217 0.0732866734375 0.04296712777777773
0 0.8490339378906249 0.30215594027777776 0.22609719140625 0.13305949444444443
0 0.711816331640625 0.31532328402777776 0.06081234765624997 0.0790040763888889
0 0.6003270261718751 0.33542081458333334 0.18087775390624997 0.19127302638888885
0 0.504820455078125 0.3534392861111111 0.053795539843750004 0.10533876666666665
0 0.447516511328125 0.3416579791666666 0.06860880390624997 0.09286444166666664
0 0.40697494453124994 0.3527462701388889 0.021830073437500007 0.05682749305555552
0 0.38124664453125 0.36729965138888887 0.038982274999999955 0.03326487500000002
0 0.35707763359375 0.37561587152777776 0.02338936406250003 0.027720729166666697
0 0.34421348515625 0.3763088902777778 0.019491137499999978 0.0374229861111111
0 0.21713126875 0.3693787076388888 0.05223624687499999 0.062371640277777765
0 0.27911308593750006 0.3638345611111111 0.06704951249999999 0.08177614722222226
0 0.31653606953124996 0.3776949256944445 0.006237164062500034 0.023562620833333308
0 0.01442344296875 0.3686856895833333 0.027287592187499998 0.06930182083333333