0 0.03952151875 0.4751436479166666 0.0790430375 0.20632696805555553
0 0.12833688046875 0.47625293194444446 0.1185548109375 0.1375513138888889
0 0.201029698046875 0.4518486701388889 0.07300480546874999 0.1064913375
0 0.25001155703125 0.4512940291666666 0.04866987031249996 0.07432208333333337
0 0.27309854375000003 0.44186510347222224 0.03743836093749997 0.0687756569444444
0 0.29930539765624997 0.4440836763888889 0.024958907812500007 0.051027099999999985
0 0.3083530015625 0.43576404166666666 0.031822607812499994 0.054354955555555605
0 0.40725267265625 0.42929321111111113 0.018719181250000005 0.026622833333333377
0 0.370438283984375 0.42984785416666665 0.017471236718749995 0.02107641111111115
0 0.396957123046875 0.42873856874999994 0.005615753906250021 0.01442070138888888
4 0.34173554140625 0.4120992958333334 0.007487671874999968 0.01885784444444446
4 0.4805694640625 0.3843671791666667 0.01684726249999997 0.04104353611111106
4 0.4295012085937501 0.4117295409722222 0.004991782812499945 0.009983562500000036
4 0.4787950515625 0.4311420270833333 0.006239726562500003 0.017748556944444417