4 0.455722668359375 0.29634158541666666 0.02826942890625004 0.020795901388888892
4 0.709660112109375 0.2885431222222222 0.015596925781250003 0.015596924999999985
4 0.761324927734375 0.2764121798611111 0.013647310156250026 0.005198973611111097
4 0.754448959765625 0.23895746874999998 0.015492299218750016 0.03773504027777778
4 0.6721300097656251 0.29114261041666667 0.014622117968750015 0.013863934722222224
0 0.6131541351562501 0.3639282625 0.02924423593749994 0.03812581666666668
0 0.686264723828125 0.3812581791666667 0.05458923984375001 0.09011556944444447
0 0.64922202578125 0.39685510625000003 0.06238770156250002 0.10051351805555556
0 0.46742036171874995 0.3647947583333334 0.02047096406250004 0.06065471111111115
0 0.4401257421875 0.3847241618055556 0.03606789062499995 0.06238770138888887
0 0.40064602460937504 0.41245203125 0.08188385859374998 0.1247754041666667
0 0.7915439703124999 0.4315149381944445 0.21835695624999998 0.2668807263888888
1 0.77887146953125 0.30500654375 0.13062425156250007 0.05892171805555557
0 0.537606527734375 0.4774392201388889 0.20568445546875003 0.28594363472222223
0 0.27782023593750005 0.4635752875 0.22615542031250002 0.2582157694444444
0 0.102354823828125 0.4349809236111111 0.20470964765625 0.2599487583333333
0 0.9460510140625 0.4193839979166667 0.10430443906250009 0.11437745416666666
5 0.5181103703125001 0.28115259583333335 0.008773270312499993 0.028543738888888885
5 0.425503624609375 0.31973697361111114 0.0068236554687500115 0.015596924999999985
5 0.6336251 0.2833441465277778 0.007798462500000003 0.02252889305555558