2 0.8383584628906251 0.41600953402777774 0.32283603203125005 0.5612970263888889
0 0.6855697128906251 0.44759377361111113 0.08426223359374996 0.13716583333333338
0 0.62211923359375 0.4620322805555555 0.0812166140625 0.122727325
0 0.586079362890625 0.4548130256944445 0.03350185234374994 0.07941179583333333
0 0.55257751015625 0.4394721104166667 0.04974517343749998 0.08482623749999997
0 0.46323923632812497 0.43586248541666667 0.01522811328125 0.02707220416666666
0 0.434305819140625 0.4385697055555555 0.01827373828124994 0.03248664444444442
0 0.39268230625 0.44217933125000003 0.01218249218749996 0.02165776250000001
0 0.32923182695312503 0.48369004374999996 0.04568434453124999 0.06136366250000004
0 0.34090671601562506 0.4566178395833333 0.03654747578125002 0.05053477916666667
0 0.363241284765625 0.46293468888888895 0.01015207578124997 0.04151071666666668
0 0.36831732265625006 0.45481302777777777 0.012182492187500005 0.02526739444444443
0 0.373900964453125 0.44759377361111113 0.015228114843749996 0.028877016666666734
0 0.03492313671875 0.5161766881944445 0.0698462734375 0.06858291805555557
0 0.028831891406249997 0.5432488944444445 0.057663782812499995 0.08663105555555559
0 0.0172292953125 0.8434690548611112 0.034458590625 0.3080605180555556
4 0.280501859765625 0.37179160069444445 0.015228114843749996 0.014438506944444403
4 0.11487845703124999 0.35789037152777775 0.044824187500000015 0.09609368472222218