4 0.837359939453125 0.3405328736111111 0.06823654921874986 0.1577022472222222
4 0.5010512328125 0.4471118652777778 0.023395389062500004 0.024261883333333383
4 0.508849695703125 0.46964075833333335 0.011697694531249959 0.02426188611111115
4 0.499589021484375 0.42718245972222224 0.03606789140625004 0.01906290833333328
4 0.5293206609375 0.47483973333333335 0.017546540624999985 0.013863933333333339
4 0.53273248828125 0.44451237847222225 0.008773271874999988 0.04679077916666669
3 0.4547478601562499 0.4739732368055556 0.010722885937499971 0.04679077638888892
0 0.56928778203125 0.4722402444444444 0.04094192968749999 0.022528891666666655
0 0.550766433203125 0.47224024513888896 0.02144577265625003 0.025994876388888834
0 0.66823077890625 0.48870366597222226 0.018521350000000058 0.02772786527777779
0 0.70429866875 0.4999681131944445 0.05946327812500005 0.05025675972222222
1 0.411856315234375 0.4540438326388889 0.07116097421875 0.11091147083333336
0 0.31535033828125003 0.4878371708333333 0.06531212656249999 0.09184856111111112
0 0.193499357421875 0.5051670881944444 0.15304483203125 0.1473042958333333
2 0.28171946718749996 0.4306484444444444 0.050690007812500014 0.11264446388888882
0 0.25832407890625 0.4748397326388889 0.033143465625000035 0.05545573472222224
0 0.097968188671875 0.45924280625 0.07116097265625002 0.09358155138888888
0 0.046303372265625 0.4609758 0.020470963281249997 0.01386393611111111
0 0.007798462890625001 0.4549103291666667 0.015596925781250002 0.029460861111111094