0 0.36548166914062497 0.6829595090277778 0.011192607031249979 0.01836735416666665
0 0.35558051679687497 0.6875513479166666 0.01205357734375001 0.021428581944444462
0 0.347401304296875 0.6913778805555556 0.011192607031249979 0.022959194444444442
0 0.339652576171875 0.6952044125000001 0.011192607031249979 0.03061225833333331
0 0.328890453515625 0.6982656381944443 0.018941335156250006 0.033673484722222154
0 0.319419786328125 0.7036227833333334 0.018941335156250006 0.03520409722222221
0 0.306505239453125 0.7059187027777778 0.024107153906250022 0.039795936111111034
0 0.29832602695312505 0.7112758479166668 0.016358425781249998 0.0413265486111111
0 0.276371297265625 0.7135717673611112 0.03616073046874999 0.06122451805555558
0 0.24064105195312502 0.7258166715277778 0.045631397656249996 0.0918367763888888
0 0.40637773359375 0.6768370576388889 0.015497456249999963 0.03367348472222223
0 0.41455694609375 0.6821942027777778 0.012914546874999999 0.04438777500000002
0 0.429193432421875 0.6814288958333333 0.02324618359374995 0.05816329166666666
0 0.4334982816406249 0.6898472673611111 0.011192607031250024 0.04744900138888886
0 0.459327374609375 0.6867860416666667 0.04390945859375002 0.08418371111111114
0 0.185538986328125 0.7457146388888889 0.08179212890624998 0.1255102611111112
0 0.46965901171875 0.6990309451388889 0.06285079375000002 0.08724493750000006
4 0.013775516015625 0.6293880569444444 0.013775516406249999 0.03979593611111112
4 0.5122770156249999 0.5972451847222222 0.025829093749999997 0.033673483333333344
4 0.89626953515625 0.2827042097222222 0.03271685156250008 0.13928577777777776
4 0.515720894921875 0.6339798951388889 0.020663274218750072 0.03673470972222219
5 0.15239165 0.3723981305555556 0.017219395312500007 0.07500003333333333
5 0.44167749453125005 0.19561233194444444 0.022385214062499957 0.11020413055555554
5 0.138185648828125 0.37163282499999994 0.012914546093750002 0.07040819444444442
5 0.170472015234375 0.37239813125 0.020663274218750007 0.07193880694444449
5 0.461479798828125 0.2002041708333333 0.020663274218749982 0.08877555000000001
5 0.418000825390625 0.19714294444444447 0.02669006328124999 0.10408168055555556
3 0.513137985546875 0.6984187090277778 0.020663274218749982 0.10561229305555551
3 0.526483016796875 0.6930615638888888 0.02669006328124999 0.11938780833333328
4 0.014574986718749999 0.6742350201388889 0.0077487281250000015 0.03214287083333329
4 0.014574986718749999 0.7224493277777779 0.0077487281250000015 0.030612258333333385