4 0.9044535046875 0.08886831041666667 0.055605103125 0.04593193749999999
4 0.9072618437500001 0.16974845902777777 0.08256515156249992 0.11183427916666666
4 0.447817666015625 0.47679346875000006 0.07470180390624996 0.03494821249999999
0 0.38350671484375 0.5655619229166666 0.010110018750000015 0.009985204166666664
0 0.34643664687500003 0.5700552645833332 0.022466707812499997 0.014977804166666667
0 0.3138599203125 0.5825367680555555 0.02920672031249998 0.029955608333333335
0 0.368903355078125 0.63096500625 0.09323683828125003 0.11482984027777784
0 0.26931966171875 0.6030064354166668 0.09941518281250002 0.10484463472222222
0 0.2022969078125 0.6942711874999999 0.2300906828125 0.2326552416666666
0 0.046849098828125005 0.62892518125 0.09155183515625001 0.2476330486111111
0 0.567902212890625 0.7320152770833334 0.35328898359374994 0.5322113486111111