4 0.6038469976562499 0.44901756388888886 0.01775518437499999 0.0461331305555556
0 0.62798724609375 0.5152689076388889 0.057362906250000026 0.07180120138888889
0 0.553415459765625 0.4916820513888889 0.01365783515625001 0.02185253333333337
0 0.5267826828125 0.4965381694444444 0.012292051562499929 0.016996416666666646
0 0.469419776171875 0.49289607916666667 0.015023617968750003 0.019424472222222277
0 0.44838671874999997 0.4953241381944445 0.012292051562500017 0.019424473611111083
0 0.42311972460937497 0.4965381680555555 0.01365783515625001 0.021852533333333292
0 0.54194288671875 0.511106526388889 0.03277880312499999 0.04613313055555553
0 0.436094666796875 0.5013942888888888 0.01775518359374999 0.021852536111111064
0 0.45931298671875 0.4953241381944445 0.009560484375000034 0.019424473611111083
7 0.199404387109375 0.527617338888889 0.030047236718750002 0.04613313055555553
4 0.34621397265625 0.41486167777777777 0.02677898125000002 0.013602022222222211
4 0.35769067890625 0.42846370000000006 0.061209099999999995 0.017002527777777804