4 0.355957296875 0.3713196590277778 0.051899771874999966 0.031564773611111124
4 0.627748208984375 0.33368473819444444 0.01912096796874998 0.038848951388888865
4 0.47819491718750007 0.3834599569444445 0.012292051562500017 0.016996416666666646
4 0.23713413632812502 0.32033040972222226 0.02731566953125002 0.016996416666666687
4 0.24532883593749996 0.343396975 0.04097350312499999 0.033992833333333375
0 0.537606500390625 0.38953010555555556 0.010926267968750025 0.014568358333333324
0 0.521217098046875 0.38953010555555556 0.01912096796874998 0.014568358333333324
0 0.374395374609375 0.41623875972222224 0.012292050781249975 0.033992833333333375
0 0.3334218703125 0.4150247291666667 0.01502361875 0.026708655555555558
0 0.307471984375 0.4089545805555556 0.012292051562500017 0.014568358333333324
0 0.293131257421875 0.40774055 0.013657833593750012 0.02185253611111114
0 0.27947342265624997 0.4077405500000001 0.013657835937500007 0.012140297222222231
0 0.2487432953125 0.40288443333333335 0.012292051562500017 0.02185253611111114
0 0.262401130078125 0.40774055 0.02048675234374997 0.02185253611111114
0 0.187283037109375 0.40652652083333335 0.02048675234374999 0.024280594444444463
0 0.23440256835937498 0.40895458055555556 0.010926267968749981 0.024280597222222235
0 0.35390862226562503 0.4235229381944444 0.03687615390625001 0.05827342916666664
0 0.3907847765625 0.4186668201388889 0.01502361875 0.024280593055555577
0 0.43585563085937495 0.4210948784722222 0.02321831953125004 0.033992831944444406
0 0.47273178320312503 0.4320211479166667 0.036876153906249966 0.04127700972222222
0 0.5259973398437501 0.44537547222222224 0.06965495781250004 0.09712238055555554
0 0.07324011835937501 0.35917936041666665 0.13930991484375 0.04613312916666664
0 0.11651839257812499 0.5194312895833333 0.23303678515624998 0.28893908194444445