4 0.09894299609375001 0.29200910694444443 0.024370196875000007 0.03985880833333333
4 0.1418345421875 0.23828636319444443 0.010722885937500015 0.012130943055555576
4 0.13744790625 0.25561627986111113 0.011697693750000005 0.012130943055555576
4 0.280257255859375 0.2946085930555556 0.014622117968750015 0.013863933333333339
4 0.6896765515625 0.33966637986111115 0.012672503125000035 0.01039795416666666
4 0.570749993359375 0.35179732013888887 0.016571732031249998 0.010397948611111119
4 0.580498072265625 0.3717267256944444 0.004874041406250029 0.015596926388888871
4 0.6804158761718749 0.36739424722222225 0.0077984632812499125 0.02079590000000001
0 0.09455636132812499 0.3604622791666667 0.06628693359375001 0.0831836027777778
0 0.21153330234375 0.3587292875 0.033143465625000014 0.02426188333333334
1 0.032168658984375 0.3136715027777778 0.06433731796875 0.06585368611111109
1 0.332896879296875 0.3587292868055556 0.06726174140625 0.031193851388888937
0 0.400158620703125 0.39165612916666664 0.032168658593749996 0.03812581666666672
0 0.42306660507812505 0.3951221138888889 0.013647310156250026 0.020795902777777778
0 0.427940644921875 0.38732364999999996 0.013647310156249936 0.022528894444444426
0 0.44061314570312504 0.3899231375 0.009748078906250068 0.02426188611111115
0 0.44987382148437505 0.3916561298611111 0.00877327109374999 0.017329918055555518
1 0.477168439453125 0.3777921965277778 0.01462211640624993 0.031193851388888857
1 0.51323633046875 0.3812581791666667 0.03411827343749998 0.07971761944444443
0 0.487598037109375 0.3847241631944444 0.010136308593749987 0.02426188472222227
0 0.8276118609375 0.5632223111111112 0.34118274531250004 0.3431323611111112
0 0.9177815875 0.4488448583333333 0.15694406406250003 0.12824139166666665
0 0.566850762890625 0.4055200652777778 0.032168660156249994 0.04505778888888885
0 0.63617298671875 0.41971730208333335 0.04408808593749995 0.04919037638888884
0 0.61266673203125 0.4089860493055555 0.032168659375 0.04505778472222228
0 0.5951201898437499 0.4063865611111111 0.024370196874999993 0.03985880833333337