5 0.441518133984375 0.4014427833333334 0.007003460156249997 0.026679850000000015
5 0.476035185546875 0.41922934930555555 0.006002966406249932 0.023122534722222178
5 0.51855619609375 0.45302382430555554 0.009004448437499946 0.030237162500000005
0 0.42250874140625 0.5001582243055555 0.017008403125000005 0.021343879166666666
0 0.4400173921875 0.49926889583333334 0.010004943749999917 0.01956522222222227
0 0.4024988546875 0.50549419375 0.013006426562500017 0.03557313194444447
0 0.38448995703125 0.5099408361111111 0.033016312500000033 0.04802373055555557
0 0.35197389101562504 0.5126088201388889 0.03601779609375 0.060474323611111123
0 0.30695164609375 0.5090515069444443 0.06803361406250001 0.09960476944444446
0 0.268932862890625 0.5232807597222222 0.06403163671874998 0.07826088888888884
0 0.216406909765625 0.5730831430555555 0.16308057421875 0.15296446388888887
0 0.05242589609375 0.5624112048611111 0.1048517921875 0.2063241652777778
0 0.534063858203125 0.5108301631944444 0.01400692109374999 0.04980238472222227
0 0.5500717667968751 0.5001582236111111 0.020009885156250018 0.028458505555555607
0 0.55307324921875 0.52239143125 0.0240118640625 0.05513835416666666
0 0.5759180839843749 0.5193952395833333 0.037685711718749994 0.0918337291666667
0 0.62210735859375 0.5383993409722223 0.09404646875000004 0.1440711847222222
0 0.476535435546875 0.5330633708333333 0.07703806328125004 0.10494073888888893
4 0.715153330859375 0.43256927361111114 0.028013841406249983 0.05335969722222218
0 0.858224019140625 0.5606325479166667 0.2821393992187501 0.7043480041666668