7 0.5616959292968751 0.47832384791666666 0.07891549453125002 0.09794124305555556
0 0.060799666796875 0.49147091527777775 0.09678315390625 0.08470594166666671
0 0.1225919875 0.47294149166666666 0.056580920312500005 0.0635294555555556
0 0.164283191796875 0.4676473715277778 0.044669147656250005 0.05294121527777781
0 0.28265643515625005 0.4385297048611111 0.03722428906249999 0.031764729166666686
0 0.31055693398437495 0.43317256736111115 0.01786766015625001 0.02382354583333337
0 0.326935621484375 0.4252313819444445 0.01786766015625001 0.029117666666666667
0 0.39393934375 0.4225843243055556 0.014889715625000032 0.034411787499999964
0 0.42148531875 0.4172901986111111 0.016378687499999954 0.029117666666666667
0 0.38128308750000006 0.4292019784722222 0.028290460937500005 0.031764729166666686
0 0.44233092109375 0.4080254895833333 0.01637868906249995 0.0370588486111111
0 0.45052026484374996 0.4186137298611112 0.01488971718750003 0.031764729166666686
0 0.48551109648437496 0.42655491319444444 0.043180175781249996 0.06882357638888889