0 0.2487758140625 0.48432997986111115 0.012757734374999963 0.01855670416666671
0 0.3038660296875 0.49051554722222224 0.013917528125 0.018556702777777743
0 0.37577325742187495 0.4874227638888889 0.01159793984374997 0.01649484722222228
4 0.225000037109375 0.42371140972222227 0.011597939843750016 0.030927838888888854
4 0.343299025390625 0.4154639861111111 0.025515467968750018 0.03917526388888888
4 0.317203660546875 0.4494846097222222 0.022036086718749993 0.012371136111111111
4 0.35721655390624996 0.4742268826388889 0.0069587640625 0.016494848611111165
0 0.139755177734375 0.4731959541666667 0.02899485078124999 0.02268041666666668
0 0.23659797734375002 0.4824743069444444 0.009278353124999982 0.012371136111111111
5 0.338659849609375 0.47731966597222225 0.009278352343749985 0.01855670416666663
5 0.34967789296874996 0.4793815229166667 0.005798970312500007 0.01855670416666663
0 0.11771909140624999 0.4752578104166667 0.015077321875000016 0.014432993055555541
4 0.745747545703125 0.3422680986111111 0.01855670390624997 0.01649484999999997
4 0.16206671796875 0.3938144979166667 0.011597939062499996 0.028865984722222276