4 0.7313495863281251 0.29720808125000003 0.016571733593749992 0.024261884722222227
4 0.7303747781250001 0.3154044944444444 0.012672501562500039 0.012130941666666652
4 0.66944928828125 0.31540449444444446 0.009748078124999981 0.015596924999999985
4 0.6416672648437499 0.31800398194444446 0.006823656250000009 0.017329916666666674
4 0.4554789671875 0.28507713888888886 0.006823657812500006 0.017329916666666674
4 0.4554789671875 0.30067406458333334 0.006823657812500006 0.013863934722222224
0 0.581229177734375 0.32190321180555553 0.013647308593750029 0.02252889027777777
0 0.590489853125 0.31930372569444443 0.006823656250000009 0.020795901388888892
0 0.599263123828125 0.3210367173611111 0.010722885156249973 0.024261884722222227
0 0.61700243046875 0.35652228611111114 0.05010073281250005 0.07790310833333337
0 0.541749459375 0.31930372569444443 0.01072288593750006 0.020795901388888892
0 0.553447154296875 0.3279686840277778 0.024370196093749998 0.038125818055555566
0 0.532488784765625 0.32190321527777777 0.015596925781250003 0.02599488055555553
0 0.51640445625 0.3236362048611111 0.01852134999999997 0.02946085972222221
0 0.43452059648437497 0.33403415625 0.043866352343749956 0.05025676250000003
0 0.480823969140625 0.33230116249999997 0.05848847109374997 0.07798462500000002
0 0.38139356953125 0.3400996263888889 0.03509308281250001 0.062387702777777755
0 0.300971922265625 0.28897636944444444 0.061412894531249984 0.0502567611111111
0 0.329728755078125 0.3357671479166667 0.07408539921875001 0.08838257916666663
0 0.20714666757812497 0.2872433777777778 0.029244236718749983 0.029460858333333326
0 0.221768783984375 0.2993743194444444 0.03509308046875002 0.04332479166666666
0 0.256374463671875 0.29330884791666667 0.06531212578124998 0.024261884722222227
0 0.26466033046875 0.34703159236111114 0.09163193750000001 0.09011557083333331
0 0.16279291015625003 0.27857841875 0.0419167375 0.025994876388888876
0 0.10674145898437501 0.2855103854166667 0.08188385859375 0.07451864305555556
0 0.072135780859375 0.28724337777777775 0.07311058828124999 0.06758667500000001
0 0.033387167578125 0.2798781638888889 0.06628693046875 0.07105266111111111
0 0.012916203515625002 0.2868101298611111 0.02534500234375 0.06238770138888887
0 0.145418986328125 0.3500643284722222 0.15889367890625 0.1282413875