4 0.74637216328125 0.31218727777777777 0.018457018750000033 0.023437486111111107
4 0.747031343359375 0.28289042291666666 0.022412094531250037 0.0351562236111111
4 0.160361823828125 0.24304670069444445 0.017138658593749988 0.06328120694444443
3 0.13465383515625 0.35203100069444443 0.031640603125000014 0.14062490416666668
3 0.10630912734375 0.3473435034722222 0.027685528125000004 0.14062490416666668
0 0.568871679296875 0.3421872645833333 0.009228510156250013 0.02578123194444441
0 0.555028915625 0.34335913958333336 0.023730451562500043 0.042187473611111095
0 0.52998010546875 0.3445310125 0.03427732031249997 0.07265620000000005
0 0.49833950117187503 0.35507788125 0.05273433828125 0.09843743194444442
0 0.46406218046875003 0.35507788263888884 0.03691403593750007 0.13593740694444448
0 0.23928206249999998 0.3304685222222222 0.10942375156249998 0.0820311916666667
3 0.2557615421875 0.2847654277777778 0.013183584375000024 0.023437483333333335
3 0.27619609921875 0.29195097569444445 0.014501943750000024 0.03780857916666665
0 0.644677290625 0.34570288749999994 0.015820301562499937 0.028124980555555564
0 0.582055263671875 0.3410153909722222 0.014501942968749936 0.01874998750000003
0 0.5972163859374999 0.3421872645833333 0.01318358593750002 0.021093734722222222
0 0.6626564 0.3590622458333333 0.03823239531249998 0.06093745833333336
0 0.361411491015625 0.3813278555555556 0.18984361953125 0.2273435944444444
0 0.78790045625 0.37898410694444445 0.09360345156250008 0.07734369722222224
0 0.047551539843750004 0.4621871736111111 0.09510307968750001 0.6421870583333332