0 0.37968735273437504 0.7526177791666666 0.40385636328125 0.4878848222222222
0 0.185945448828125 0.6812369041666666 0.14891228984375 0.2176077194444444
0 0.138387074609375 0.645892975 0.06003270234375 0.11088291388888886
0 0.59408986328125 0.6188652638888889 0.056134474999999996 0.08454822500000003
0 0.546531487890625 0.5973817013888889 0.024948657031249953 0.0360369472222222
0 0.56212439765625 0.5786702069444445 0.02027078281249999 0.0346509083333333
0 0.6654274253906249 0.6278744993055555 0.09277781328124997 0.1136549875
0 0.8353901421875001 0.6985623590277777 0.18945385312500013 0.16355229861111104
4 0.6615291984375 0.4338294006944444 0.021050428124999954 0.044353168055555635
4 0.661997221484375 0.47272064305555556 0.021093735156250036 0.04174553611111109
4 0.671664589453125 0.5100614034722223 0.016372555468749984 0.01940450972222223
4 0.41360193203124995 0.5045172597222223 0.014813264062499965 0.019404508333333344
5 0.40112760468750003 0.4968940583333334 0.005457517187500027 0.023562619444444426
5 0.5841126960937499 0.5114474402777778 0.00811290312499997 0.02772072777777773
3 0.74900888046875 0.671718288888889 0.031640603124999965 0.12187491666666672
3 0.74175790859375 0.6049214597222222 0.022412093749999952 0.1054686777777778