5 0.678476702734375 0.20859360625 0.014501942968749936 0.0749999486111111
5 0.767465898828125 0.3515622583333333 0.010546867968750017 0.023437483333333335
5 0.13333547578125 0.37499974166666666 0.013183584375000001 0.028124980555555526
5 0.15772510703125 0.3832028618055555 0.006591792187500012 0.03515622638888887
5 0.39239291484375 0.21796859999999998 0.011865226562499975 0.06093745833333332
5 0.6613380421875 0.20507798472222222 0.009228509375000016 0.0726562027777778
5 0.78328620078125 0.3492185097222222 0.01054686718749993 0.03281247777777779
5 0.44446807421875 0.39023410625 0.005273434375000008 0.02578123194444441
5 0.41019075429687496 0.4019528486111111 0.00527343359375001 0.025781233333333375
5 0.36272984921875 0.3902341069444445 0.005273434374999964 0.021093736111111067
0 0.47808621484374997 0.4546871875 0.00922850781249993 0.018749986111111148
0 0.465561809765625 0.4558590618055556 0.010546867968750017 0.03515622638888895
2 0.49917995078125 0.4464840680555555 0.03032224531250005 0.07265619999999996
0 0.518296148046875 0.4734371743055555 0.04218746953124999 0.06562495416666671
0 0.553891826953125 0.45468718680555553 0.026367169531250047 0.07499994861111109
0 0.66265640078125 0.4839840416666667 0.03032224531250005 0.07265620000000005
0 0.6521095332031249 0.46289030694444444 0.03559567890625006 0.0773436972222222
0 0.606626166015625 0.4933590361111111 0.12128897890625004 0.16640613611111107
0 0.39107455625 0.4582028097222222 0.011865226562499975 0.021093736111111146
0 0.37591343359375 0.4593746847222222 0.015820301562500028 0.028124980555555606
0 0.3475687265625 0.4617184326388889 0.0250488109375 0.02343748472222226
0 0.30933633125000004 0.46289030624999994 0.030322245312500006 0.03046872916666664
0 0.429306951953125 0.5085934006944445 0.09624016796875004 0.1546873930555555
0 0.244077587109375 0.5156246458333332 0.14238271484374998 0.1453124
0 0.120811069921875 0.4769527972222223 0.03295896171875001 0.035156224999999985
0 0.098398976171875 0.48632779027777784 0.030322244531249987 0.04453121944444444
0 0.053574788281249994 0.4957027840277778 0.10678703593750001 0.0914061875
0 0.008000785937500001 0.4710934256944444 0.016001571875000002 0.04218747083333333
3 0.07400934453125 0.4980465333333333 0.015820301562500007 0.10078118333333334
3 0.054233967578125 0.4980465326388889 0.018457017968750006 0.0914061875
3 0.030503514843750003 0.49570278472222223 0.0158203015625 0.1054686777777778
3 0.6910011078125 0.4523434388888889 0.01054686718750002 0.07031245277777774
3 0.679135881640625 0.45351531319444444 0.013183585156249933 0.06796870416666663
3 0.790537172265625 0.44999969027777775 0.01713866015624994 0.08437494166666666
3 0.8511816617187499 0.44765594166666667 0.019775376562500037 0.08906243888888889
3 0.8689795011718751 0.44882781666666666 0.013183585156250111 0.09609368333333335
3 0.8874365195312499 0.43593720069444447 0.013183584375000024 0.07499994861111116
3 0.9467626507812501 0.41718721319444446 0.013183584375000024 0.0609374569444444
3 0.9671972070312499 0.43945282291666665 0.009228509374999838 0.08203119305555553
3 0.97642571640625 0.43124970347222225 0.006591792187500012 0.08437494305555562
3 0.9889501218749999 0.41953096111111104 0.01054686718750002 0.06093745833333336
0 0.948081009375 0.5648433618055555 0.1028319609375 0.2484373291666667
4 0.225620568359375 0.40546847152777776 0.06064448984375002 0.046874968055555556
4 0.150474135546875 0.4593746840277777 0.010546867968749995 0.046874968055555556
4 0.7714209746093751 0.2988279194444444 0.007910150781250014 0.025781233333333337