5 0.24272715351562502 0.24348533749999998 0.009748078906250023 0.050256761111111145
4 0.24175234570312498 0.20969199861111112 0.007798463281250001 0.013863933333333339
4 0.223230996484375 0.2486843125 0.017546541406249984 0.029460858333333326
5 0.170103969140625 0.3647947583333333 0.012672502343749992 0.04332479444444443
4 0.16717954570312502 0.32926842777777776 0.010722886718749991 0.020795899999999968
5 0.8388221515625001 0.19409507361111109 0.03606789062500013 0.14557130555555556
5 0.542480566015625 0.1984275527777778 0.026319811718749975 0.0987805277777778
0 0.317299953515625 0.44191289027777775 0.022420580468750017 0.027727866666666677
0 0.354830055859375 0.42198348541666664 0.011697694531250002 0.02252889305555554
0 0.39138535 0.42891545208333337 0.008773270312499993 0.019062909722222247
0 0.40795708359375 0.4323814354166667 0.016571732812499997 0.015596926388888871
0 0.37481361679687497 0.44104639444444443 0.018521349218750018 0.022528891666666735
0 0.29049273828125 0.4540438319444445 0.048740392187499995 0.0623877027777778
7 0.360678903125 0.44104639444444443 0.005848846875000024 0.015596924999999985