0 0.466348082421875 0.46184229444444447 0.007798461718750005 0.015596927777777757
0 0.45172596445312496 0.4549103277777778 0.007798461718750005 0.008664958333333396
0 0.46001183124999995 0.46790776666666667 0.008773271874999988 0.017329919444444404
0 0.45026375312500005 0.4713737486111111 0.012672501562499949 0.02079590000000001
0 0.47365914140625004 0.46964075833333335 0.008773270312499993 0.013863930555555569
0 0.499004144921875 0.46790776736111106 0.012672500781249952 0.020795901388888892
0 0.506802608203125 0.4731067409722223 0.00877327109374999 0.027727868055555483
0 0.512651455078125 0.47310674236111117 0.010722885156249973 0.031193851388888937
0 0.5219121296875 0.47830571666666666 0.013647307812499943 0.031193847222222203
0 0.5365342468750001 0.46964075833333335 0.019496157812500046 0.024261883333333383
0 0.5526185773437501 0.48263819583333334 0.05946327968749996 0.04679077777777773
0 0.561391847265625 0.48697067569444447 0.028269427343749952 0.04505778750000004
0 0.569677713671875 0.48957016180555557 0.02144577109375003 0.05025675972222222
0 0.599896757421875 0.49303614444444444 0.056538855468749996 0.0745186444444444
0 0.6695955191406251 0.4757062270833333 0.05166481640624996 0.039858809722222256
0 0.71005004375 0.4861041784722222 0.05848847031250006 0.039858809722222256
0 0.11298022890625 0.4713737472222222 0.07700981875000001 0.06585368333333332
0 0.07398791640624999 0.47570622777777777 0.100405209375 0.060654711111111065
0 0.03375270625 0.44451237708333335 0.033143465625 0.02252889027777777
0 0.021080205078125 0.4471118652777778 0.03899231484375 0.027727866666666677
0 0.013951930078124999 0.48437118749999997 0.027903860156249998 0.06758667777777781
0 0.48606354804687496 0.4764489284722222 0.021445774218749936 0.02946085972222221