5 0.338463586328125 0.44620471944444445 0.017931846093750002 0.029106766666666634
5 0.43319051250000007 0.4212560631944445 0.015592907812499935 0.03187883750000001
4 0.495172330078125 0.4791725916666667 0.01949113828124993 0.027720724999999963
4 0.493613038671875 0.5062003034722222 0.013253972656250034 0.03187883750000001
5 0.12795930429687502 0.5242187784722222 0.008576100781249995 0.015246404166666613
4 0.136925226953125 0.5105564243055555 0.017152200781250015 0.0180184736111111
4 0.26361761953125 0.45026383888888893 0.014813264062500008 0.011088291666666725
4 0.26868531484374997 0.5057052958333333 0.014033618750000042 0.013860363888888906
5 0.27765123867187497 0.5191696409722222 0.011694683593749967 0.016632437500000048
0 0.20085615781250002 0.5775811805555555 0.076405259375 0.044353166666666666
0 0.522515623046875 0.5533255409722222 0.023389364843749937 0.026334690277777798
0 0.36307812031250003 0.5637208145833333 0.01637255468750003 0.027720726388888926