0 0.06222446953124999 0.47139117986111106 0.1228502546875 0.13153370972222223
0 0.16694219375000002 0.4347460722222222 0.1146668765625 0.09568573888888889
0 0.24650696445312503 0.4233053854166667 0.06318378984374999 0.08112486527777776
0 0.764848048828125 0.4565873798611111 0.22933375234374997 0.23921434305555553
2 0.3652690859375 0.38690320347222223 0.05031301718749996 0.049922993055555524
0 0.41616713828125 0.3692221423611111 0.03510210468749997 0.04784287083333333
2 0.297990051171875 0.38690320347222223 0.058503508593749975 0.033281995833333314
0 0.4647250507812499 0.3671420166666667 0.015210912499999996 0.027041622222222252
0 0.50567750703125 0.35466126666666664 0.015210912499999996 0.022881372222222238
0 0.5448748570312499 0.35570132986111114 0.009360562499999947 0.02496149861111109
0 0.53200408515625 0.34426064444444443 0.009360562500000036 0.01872112499999999
0 0.43664336640625 0.37442245347222225 0.010530631249999978 0.03328199861111116
0 0.446003928125 0.3713022659722222 0.01287077187500003 0.0270416236111111
0 0.641405644921875 0.3921035145833334 0.08541512109375002 0.10608635972222223
0 0.59986815390625 0.3754625173611111 0.03510210468750001 0.05616336805555555
2 0.588752487890625 0.35258114375 0.04329259765624993 0.08528511527777777
0 0.56476605 0.35778145624999996 0.007020420312499986 0.024961498611111133
0 0.560085768359375 0.35154108194444444 0.011700702343750003 0.02080125
0 0.5156231027343751 0.35154108194444444 0.011700702343750003 0.02080125
0 0.520888418359375 0.34842089583333336 0.00819049140625001 0.01872112222222218
4 0.446528009765625 0.3399518034722222 0.011700700781250007 0.020801248611111114
4 0.842056659765625 0.15690082569444444 0.03267209921875001 0.0665639902777778
4 0.8406722820312499 0.09345702083333332 0.03310071250000011 0.060323619444444435
4 0.104867521875 0.32643099305555556 0.014040842187500003 0.05616336944444448
4 0.8177924917968751 0.021692719444444446 0.06247931015625001 0.04160249444444444