4 0.07512407890625 0.3836485194444445 0.025838856249999997 0.015311913888888837
4 0.6084093640625 0.3934311326388889 0.008612951562500016 0.012759929166666635
5 0.31628673046875 0.45914476527777787 0.008612951562500016 0.011483936111111129
0 0.4115760554687499 0.47913534166666666 0.005741967187500041 0.011483936111111129
0 0.402604230078125 0.4791353409722222 0.012201682031249961 0.014035923611111103
0 0.42054788046875 0.47849734652777776 0.010766190624999972 0.015311915277777723
0 0.45248757734375006 0.47658335625 0.010048443749999959 0.01658790972222227
0 0.48622163828125 0.47913534236111116 0.017225903125000032 0.01658790694444442
0 0.25690179453125 0.4950852527777777 0.029427584374999993 0.025519855555555578
0 0.277357556640625 0.4925332673611111 0.02870983984375002 0.020415884722222284
0 0.22998632031249996 0.50337920625 0.0416292671875 0.057419679166666605
0 0.20307084609375003 0.5072071840277778 0.04234701250000002 0.0701796097222222
0 0.53436189921875 0.4808670326388889 0.07536332812499999 0.06635162916666673
0 0.555535405859375 0.49043697847222223 0.027274347656249986 0.049763720833333344
0 0.57599116640625 0.49107497638888886 0.03947602968749999 0.06379964444444444
0 0.71431106640625 0.47959103888888893 0.06531488437499995 0.0740075861111111
0 0.9236365765624999 0.49426495833333334 0.14785567343749992 0.12377130833333333
0 0.46750897968749994 0.4887052875 0.02655660156250006 0.038279786111111096
0 0.43844026679687503 0.48870528888888887 0.033016314843750026 0.04593574444444444
0 0.623208602734375 0.4823253243055556 0.07033910703124997 0.10207942916666665
0 0.78429130078125 0.5231570958333333 0.16077510000000003 0.13780723055555555
0 0.3842504453125 0.4818696055555556 0.016508157812500014 0.021691877777777792
0 0.136320469140625 0.5093034527777778 0.10694415234375002 0.10973538611111111
0 0.9584472570312499 0.6719925430555556 0.08110529687499994 0.3687619388888889
0 0.013432103125 0.5255267819444445 0.02686420625 0.03572780000000001
0 0.0787192078125 0.5024998243055555 0.026367178125 0.03749998750000003