4 0.0423297203125 0.29399095277777776 0.017551053125 0.037442244444444446
0 0.23518410351562496 0.3983438875 0.004680280468749976 0.0228813722222222
0 0.23050382265625 0.4014640743055556 0.007020420312499986 0.0166409986111111
0 0.224653471484375 0.39730382569444445 0.011700702343750003 0.020801248611111114
0 0.212952771875 0.40562432430555556 0.007020421874999983 0.029121745833333375
0 0.19832689414062502 0.3983438868055556 0.026911614843749997 0.043682618055555546
0 0.19832689218750002 0.4108246354166667 0.015210909375000026 0.03536212083333328
0 0.19072143789062498 0.41186469861111114 0.021061264843749993 0.04992299444444441
0 0.18019080625 0.41394482083333334 0.028081684375000006 0.054083238888888885
0 0.17375542031250002 0.41914513402777787 0.012870773437500005 0.052003118055555575
0 0.159714578515625 0.41498488750000007 0.022231333593750003 0.06864411944444444
0 0.129877788671875 0.42122525833333335 0.07254435078125 0.08944536111111105
0 0.052653157421875 0.45034700625 0.10530631484375 0.1476888569444444
2 0.35979657539062504 0.35674139375 0.13455806953125 0.2475348458333333
2 0.24337459531250002 0.3962637625 0.01638098281249998 0.03120186944444438
0 0.2615106828125 0.39210351527777776 0.01287077187500003 0.03952236944444441
2 0.28081684023437503 0.3806628277777777 0.03744224609374998 0.11648698333333331
2 0.20183710429687501 0.38378301597222225 0.040952455468749996 0.06864411527777783