0 0.283345885546875 0.57253489375 0.06100245234375001 0.059833823611111114
0 0.32068359375 0.5557066305555556 0.034708292187500024 0.022437683333333305
0 0.327520075390625 0.5500972097222222 0.02103532734375002 0.018698069444444423
0 0.346451871484375 0.5529019201388888 0.02734592734375001 0.028047104166666594
0 0.4412160171875 0.5500972090277778 0.038915357812499975 0.033656526388888844
0 0.5614329390625 0.5407481743055556 0.014724729687500026 0.02243768472222219
0 0.5425011433593749 0.5370085604166667 0.031552992968750006 0.037396140277777726
0 0.6738667476562499 0.5332689465277778 0.018300729687500007 0.026177298611111156
0 0.02682004375 0.5493492979166666 0.0536400875 0.059833823611111114
0 0.6020310976562501 0.5300902805555555 0.04207065781250004 0.035526333333333326
0 0.494225038671875 0.5749656479166666 0.09360721171875 0.13649590972222217
6 0.679020412890625 0.5998964125 0.04964338828125001 0.1614266611111111
4 0.646310470703125 0.4356650270833334 0.032604758593750026 0.041135754166666615
4 0.644206937890625 0.381440625 0.05153655546874995 0.07479228055555558
4 0.553755024609375 0.461842325 0.01788002890625 0.011218841666666653
0 0.3760064984375 0.5609420951388889 0.05784715312499995 0.05235459583333327
0 0.417551272265625 0.5001733687500001 0.021035328906249973 0.03552633194444444
4 0.61055041171875 0.4235112819444445 0.009465896874999925 0.016828263888888827
5 0.582152718359375 0.4322370576388889 0.007362364843749969 0.024307490277777788
0 0.660509317578125 0.5257274069444444 0.012621197656249982 0.031786719444444445
5 0.621068076171875 0.42506946041666666 0.007362364843749969 0.02243768472222227
2 0.094133095703125 0.5478534465277778 0.15040259921875002 0.14397513750000002