0 0.44593620898437497 0.5438212437500001 0.010029488281250032 0.028018893055555574
0 0.458114875390625 0.5438212430555556 0.011462272656249972 0.02292454999999999
0 0.4287427964843751 0.5438212430555556 0.030088471093749992 0.04330192500000002
0 0.387192053125 0.5705665506944445 0.055878587499999986 0.09169819583333338
0 0.34564130976562496 0.6024062 0.08166870546875002 0.10952839722222225
4 0.2740020921875 0.4877834576388889 0.03295403750000001 0.028018895833333345
4 0.18158750546875 0.43301925694444443 0.02865568593750001 0.02037737777777772
4 0.8084306390624999 0.44066077291666667 0.04441631406249993 0.02547172083333338
0 0.5032475816406251 0.5400004854166667 0.012895058593749998 0.03056606527777777
0 0.5369180140625 0.5310853854166666 0.03152125625000002 0.028018893055555574
0 0.599960522265625 0.7246704631944444 0.30661584140625003 0.37952864583333334
0 0.9674696968750001 0.6011326159722222 0.06160972499999993 0.08660385138888885