0 0.59732082109375 0.49662978333333335 0.021061265624999947 0.03952236944444441
0 0.5686541003906249 0.5028701569444445 0.05733343671875 0.06448386666666665
0 0.507123024609375 0.5097791368055555 0.08006203515625003 0.09776586250000005
1 0.58737522578125 0.46282775763888884 0.08190491249999994 0.10608636527777777
1 0.75434424921875 0.47198032638888887 0.05967357812499996 0.09360561388888892
0 0.6882937765625 0.4378662590277778 0.06552392968750001 0.020801245833333346
0 0.674837969140625 0.5616336826388889 0.17902073515624997 0.2392143486111111
1 0.8183470679687499 0.46615595208333327 0.04446266562499997 0.06614797083333339
3 0.10179610703125 0.5165643131944445 0.023401404687499995 0.11232672916666668
3 0.156204368359375 0.5248848152777777 0.029251755468749984 0.11648698611111112
3 0.176095562109375 0.5186444409722222 0.017551053906250003 0.10400623750000003
3 0.18779626328125 0.5196845027777778 0.019891192187499997 0.10192611388888888
3 0.135143104296875 0.5237754159722223 0.019891191406249998 0.10317419861111109
3 0.11817708593750001 0.5264795833333333 0.014040842187500013 0.1019261111111111
3 0.25566033046875003 0.5181590861111112 0.012870771874999987 0.09360561388888884
3 0.24512969960937497 0.4963177743055555 0.00819049140625001 0.054083245833333314
3 0.23401403437499999 0.5212792736111111 0.014040843750000009 0.09984598888888882
3 0.289007331640625 0.5284556944444445 0.018721122656250033 0.11835908611111114
3 0.46873011757812505 0.5001660020833334 0.007020421093749984 0.041810490277777744
3 0.45059402734375 0.49590175416666665 0.010530631249999978 0.06240374166666669
3 0.337272726171875 0.5106706236111112 0.018721122656249988 0.08320498888888885
3 0.30626586640625 0.5158709347222222 0.04095245468749997 0.2308938444444444
3 0.81817156328125 0.47998878333333334 0.00936056093750004 0.03328199444444443
3 0.8117361792968751 0.4893493451388889 0.012870772656250118 0.052003118055555575
3 0.8497634589843749 0.47831725416666665 0.009360560156249953 0.029938936111111127
3 0.8665831984375 0.476645725 0.00936056093750004 0.037442244444444446
3 0.9239166363281249 0.5585134937499999 0.09594575390625 0.38898332638888894
3 0.98808159453125 0.4846690659722222 0.021560973437500054 0.11440685972222218
4 0.287252224609375 0.38419904236111113 0.029251752343750013 0.018721120833333296
4 0.5212662605468751 0.43516210416666673 0.010530632031249976 0.024961494444444475
4 0.535307102734375 0.43308197986111113 0.010530633593749972 0.029121743055555607
4 0.8030191765625 0.3987599055555555 0.01053063124999989 0.014560875000000017
4 0.8717022765625 0.30577833541666666 0.018721123437499897 0.029121743055555566
4 0.831334853125 0.3879432659722222 0.024571473437499946 0.03536212083333328
5 0.27438145507812506 0.41775838333333326 0.017551053906250003 0.035362119444444395
5 0.71579042421875 0.4025041395833333 0.010530631250000066 0.024961498611111133