0 0.101607184375 0.5283516833333333 0.20321436875 0.15808948055555558
0 0.22427563085937502 0.5241914340277778 0.06318378828124997 0.062403740277777724
0 0.30442543671875 0.5054703104166667 0.05499329687500003 0.06240374027777781
2 0.34830306796875 0.4836290027777778 0.042122525 0.07696461666666662
0 0.4430787515625 0.498189875 0.021061264062499953 0.039522372222222185
0 0.483446171875 0.50027 0.024571471874999952 0.03120187222222223
0 0.38700070703125 0.4929895638888889 0.015210912499999996 0.01872112222222226
0 0.39577623359374997 0.5013100625000001 0.021061264062499953 0.0228813722222222
0 0.413912321875 0.4940296256944445 0.012870770312500035 0.0166409986111111
0 0.470075688671875 0.49714981249999995 0.010530632031249976 0.0228813722222222
0 0.464225338671875 0.49818987569444445 0.010530630468749979 0.024961498611111053
2 0.46305526914062495 0.48362900277777776 0.012870772656250029 0.02080124444444446
4 0.4378987589843749 0.25793546944444445 0.10764645546875 0.05200311944444446