4 0.28422412578125 0.2915799159722222 0.02228530312500001 0.03378522361111113
4 0.5247552902343751 0.2927517902777778 0.020828433593749994 0.03144147500000002
4 0.49917995078125 0.22898421041666667 0.02241209375000004 0.02578123194444445
4 0.511704355859375 0.2301560847222222 0.013183583593750025 0.028124980555555564
0 0.39898470625 0.3942184722222223 0.014501943750000024 0.028124980555555526
0 0.385801122265625 0.4012497173611111 0.02504881015625 0.046874968055555556
0 0.369321641796875 0.41062471041666665 0.02636716953125 0.05156246527777779
0 0.313291406640625 0.38601535347222216 0.02504881015625 0.03046872916666664
0 0.340976933984375 0.41296845972222224 0.059326130468750016 0.1031249277777778
0 0.514341072265625 0.41296845972222224 0.050097619531250005 0.08437494166666666
0 0.172886230078125 0.44109343888888886 0.05273433828125 0.10312492777777772
0 0.4550149421875 0.4598434270833333 0.13183584687500005 0.1828123736111111
0 0.25330609648437497 0.4387496916666666 0.12656241328125 0.1546873916666667
0 0.051506615624999995 0.42234345347222224 0.10301323124999999 0.11718742083333338
0 0.085783935546875 0.6051558263888889 0.17156787109375 0.43124970277777774
0 0.879526369921875 0.5770308465277777 0.23994124140625006 0.41718721249999996