0 0.34347738984375004 0.7415987340277778 0.44015799062499994 0.4661874263888889
2 0.10009473124999999 0.5719567951388889 0.1984822734375 0.7873357375000001
2 0.44095244726562505 0.5182172604166666 0.11409266328125 0.12625909305555555
3 0.562873493359375 0.6141256104166667 0.03414458671874998 0.10440655694444448
3 0.513705289453125 0.5934871055555555 0.017755186718749982 0.06312954722222225
3 0.5266802316406249 0.5837748666666667 0.010926267968750025 0.06798566666666667
3 0.51643685546875 0.5862029256944444 0.006828917187499961 0.05827342916666664
5 0.339567895703125 0.4436411604166666 0.0054631335937499696 0.03399283194444449
5 0.428343821484375 0.42907280347222226 0.008194700781250041 0.03399283194444449
5 0.555361684375 0.5225530951388889 0.016389401562499996 0.026708654166666672
5 0.422197795703125 0.43271489097222227 0.006828917968749959 0.031564773611111166
5 0.334787653125 0.44849727847222215 0.006828917187500005 0.0388489513888889
4 0.53350914921875 0.45265965416666665 0.016389401562499996 0.024280594444444383
4 0.5478498746093751 0.47208412847222225 0.02321831953125004 0.019424476388888934
4 0.5116566132812499 0.48422442777777774 0.016389401562499996 0.00971223888888891
4 0.25625510351562497 0.4708700993055555 0.01638940390624999 0.007284179166666702