0 0.09341669296875 0.6323579208333333 0.1868333859375 0.4201851972222223
2 0.8566985554687501 0.36090164236111116 0.28432705 0.7176430347222222
2 0.47993596210937495 0.4513870701388889 0.08073484140625001 0.17057022916666667
0 0.462384909765625 0.5231513722222222 0.10647638515624998 0.15600935555555553
0 0.4149970679687501 0.4836290006944444 0.011700701562500004 0.03536212083333336
0 0.375214681640625 0.4836290020833333 0.06786406796875002 0.11024660972222217
0 0.1435407890625 0.5096305604166667 0.0491429484375 0.06240374305555558
0 0.191513666796875 0.5075504375000001 0.03276196484374998 0.04992299444444441
0 0.22018038515624996 0.5065103736111111 0.036272175 0.03952236944444449
0 0.241826683203125 0.5085904993055556 0.01638098203124998 0.03536212083333336
0 0.26405801796875006 0.5075504368055556 0.032761965625 0.033281995833333314
0 0.281609067578125 0.5023501236111111 0.025741544531249973 0.03536211944444448
5 0.337187401953125 0.3369802048611111 0.008190492968750008 0.033281995833333355
5 0.6490111015625001 0.41706501180555555 0.011700701562500004 0.02288137361111116
5 0.310860823828125 0.4108246368055556 0.00468028046875002 0.018721120833333375
5 0.306180542578125 0.4108246368055556 0.009360561718749993 0.018721120833333375
5 0.6373103992187501 0.41498488750000007 0.009360562499999947 0.0228813722222222
5 0.5232285578125 0.3005780256944445 0.008190489062500018 0.03536211805555559
5 0.5343442246093749 0.29849790000000004 0.014040842968749967 0.039522369444444455
4 0.632045083984375 0.34634077013888886 0.019891192968750016 0.01456087361111113
4 0.63906550546875 0.37234232916666665 0.019891193749999925 0.012480747222222198
3 0.33464006757812503 0.4961097506944444 0.007020421093749984 0.031201870833333346
3 0.32820468164062505 0.4971498131944445 0.005850350781250002 0.0291217458333333
3 0.32293936562500003 0.49818987430555556 0.007020420312499986 0.02704162083333333
3 0.312408734765625 0.4961097493055555 0.004680280468749976 0.022881370833333314
3 0.3059733484375 0.4950696895833333 0.0058503515625 0.024961498611111053
3 0.6802787878906249 0.4836290020833333 0.009360561718750039 0.052003118055555575
3 0.5521561046875 0.4867491868055555 0.005850351562500045 0.04160249305555557
3 0.564441841015625 0.48674918888888896 0.007020421093749984 0.024961497222222247
3 0.72111426484375 0.4877892513888889 0.015210910937499999 0.06448386666666665
0 0.526297564453125 0.48570912499999996 0.014040842968749967 0.03952236944444449