4 0.444999781640625 0.4020540805555555 0.010722886718749968 0.048523769444444455
4 0.261248502734375 0.3942556180555556 0.021445772656249983 0.019062911111111133
4 0.291467545703125 0.40985254375 0.005848846093750026 0.015596926388888871
4 0.3007282203125 0.39598861041666666 0.010722885937499971 0.015596926388888871
4 0.3197369734375 0.3968551055555556 0.027294620312500007 0.017329916666666632
4 0.33874572656249996 0.39858809652777777 0.0068236546874999695 0.013863934722222224
0 0.3733514046875 0.4739732368055556 0.10722886249999997 0.16463421527777777
0 0.5229844085937501 0.4861041784722222 0.09065712968749998 0.0987805263888889
0 0.30901408671875 0.44711186597222224 0.037042698437499987 0.051989754166666714
2 0.195448973046875 0.4046535680555556 0.05361443203125003 0.057188727777777774
0 0.15304483203125 0.4107190402777778 0.02924423593750001 0.027727866666666677
4 0.8573435003906249 0.46617477361111115 0.01852134921875006 0.03465983333333335
0 0.289030526171875 0.43411442777777776 0.012672502343749992 0.022528891666666735