3 0.5853886921875 0.5361232694444444 0.018921290624999986 0.08297336111111109
3 0.6396297253906249 0.50472794375 0.013875613281250043 0.042607943055555514
3 0.644044693359375 0.5877013076388888 0.03279690390624994 0.12782383194444447
3 0.692609339453125 0.5047279430555556 0.018921291406249985 0.05157803611111112
3 0.7052235328124999 0.5293957 0.034058323437499996 0.08297336388888894
3 0.723514113671875 0.5899438298611112 0.03279690390624994 0.17715934305555558
3 0.733605468359375 0.5260319152777778 0.015137032031250008 0.05382056111111114
3 0.748111791796875 0.5641548125 0.02901264609375005 0.14352149166666664
3 0.756311017578125 0.5888225680555556 0.06054813046874994 0.1794018666666667
3 0.7916307605468751 0.5372445305555555 0.030274064843750014 0.08073083888888893
3 0.791000050390625 0.5092129902777778 0.021444128906250005 0.060548130555555545
3 0.8143363089843749 0.5787312131944445 0.030274064843750104 0.19958457638888888
3 0.8490253414062501 0.5193043444444445 0.046672517187499984 0.07176074444444443
3 0.675670280859375 0.5966714 0.03658116171875001 0.1950995305555556
3 0.92858486640625 0.5753674291666666 0.042888259375 0.1928570083333333
3 0.9620124800781251 0.5641548125 0.03658116328125001 0.14352149166666664
3 0.8888501558593749 0.5899438298611112 0.04162683984375004 0.19958457638888888
3 0.8497461550781249 0.6078840166666667 0.04162683984375004 0.21752476388888892
3 0.8055964765624999 0.6493706986111112 0.06433238749999992 0.251162613888889
3 0.704682926953125 0.6146115868055555 0.031535485156250063 0.21752476249999997
3 0.5376642457031251 0.5711706868055555 0.029012646093749962 0.13679392361111112
3 0.458825534375 0.5417936340277778 0.025228387499999984 0.10136204583333329
3 0.5674284769531249 0.5382056006944445 0.01135277421874994 0.07624579305555557
3 0.6141009933593751 0.5830560680555555 0.04414967890624997 0.17043177499999998
3 0.47447388984375005 0.49351532777777785 0.01513703125000001 0.047092991666666646
3 0.9828258996093749 0.5585485041666667 0.030274064843749927 0.13230887499999996
0 0.35635097382812503 0.4962704215277778 0.011352774218749983 0.02018270972222227
0 0.390409297265625 0.5041192541666667 0.01387561328125 0.035880374999999985
0 0.29706426328125 0.4985129444444444 0.01639845156249997 0.029152802777777806
0 0.283188650390625 0.5097255624999999 0.02396696796875002 0.047092991666666646
0 0.266159488671875 0.5108468229166666 0.022705549218749965 0.0493355125
0 0.251022455859375 0.5142106090277778 0.017659871093750022 0.05606308472222226
0 0.1475860671875 0.5153318687499999 0.06054812968749999 0.11212616527777779
0 0.079303861328125 0.48707606249999996 0.15860772265625 0.6323915833333333
1 0.42572903945312496 0.4893186027777778 0.06433238671875001 0.13455140000000007
1 0.368334458203125 0.4904398645833333 0.020182710156249995 0.042607943055555514
0 0.329230457421875 0.5397753770833333 0.06559380703124998 0.10091354861111113
0 0.222640519921875 0.5162288826388889 0.05676387109374999 0.07176074583333332
7 0.182275100390625 0.5397006277777778 0.03153548515625002 0.05382056111111114
4 0.678013697265625 0.13239801874999998 0.053380125781249975 0.03673470972222221
4 0.674139333203125 0.22193887500000004 0.04046557890625006 0.10561229166666668
4 0.6737088484375 0.3191327965277778 0.029272971875000043 0.06734696805555554
5 0.325385075390625 0.4472669659722222 0.006026788281249962 0.019897968055555597
5 0.36369823046875 0.45109349861111114 0.0017219390625000219 0.018367355555555537