4 0.805039115234375 0.4703902937499999 0.019775377343750032 0.04453121805555556
4 0.340976934765625 0.42820282361111106 0.01977537734374999 0.03984372222222221
4 0.335044322265625 0.3860153527777778 0.021093735156249994 0.021093736111111067
4 0.277695728125 0.39773409444444446 0.01186522656250002 0.03984372222222221
3 0.1313579375 0.5090621430555555 0.030322243750000012 0.1171874194444445
3 0.68309095703125 0.5289840041666666 0.018457018749999943 0.07734369722222227
0 0.50888636875 0.5109371486111112 0.013183584375000024 0.021093736111111146
0 0.4943844265625 0.5109371479166667 0.021093735937499948 0.016406240277777803
0 0.481860019921875 0.5249996395833334 0.043505830468749986 0.03046872916666664
0 0.439013369921875 0.5308590097222222 0.07382807421875004 0.09374993611111111
0 0.556347273828125 0.5214840159722223 0.010546867968750017 0.02343748194444441
0 0.5655757828125 0.5214840166666667 0.007910150000000015 0.018749986111111068
0 0.54711876484375 0.5226558909722223 0.013183584375000024 0.03046872916666664
0 0.59194295234375 0.5214840159722223 0.015820301562499937 0.014062490277777723
0 0.23862288320312502 0.5097652743055556 0.03691403671875002 0.05156246527777779
0 0.74619089296875 0.5857696736111111 0.023730451562499956 0.039843722222222294
0 0.76530709140625 0.557644692361111 0.13579092343750004 0.07734369861111116
0 0.8226556839843748 0.5588165666666667 0.13974599765624998 0.08906243611111112
0 0.8569330046874999 0.5812496013888889 0.18457018593749996 0.12656241388888886
0 0.617832212890625 0.5125777659722223 0.04614254609374999 0.02578123194444449
0 0.6217872890624999 0.534843375 0.04614254687499999 0.03281247777777775
0 0.34822790625 0.5137496402777777 0.1740233171875 0.14062490555555557
0 0.524887941015625 0.5324996270833334 0.042187471093749984 0.07031245138888893
0 0.57432638359375 0.5231246340277778 0.022412093749999952 0.03749997638888887
0 0.9263280941406251 0.5969527076388889 0.14633778984374998 0.13359365694444444
0 0.9395116796875002 0.6297651854166666 0.11997062187500003 0.1804686263888889