0 0.177500485546875 0.6175777006944445 0.35463842890624997 0.4195309625
0 0.3459188578125 0.5460983520833333 0.061299826562500034 0.06375767638888889
0 0.439208302734375 0.5779771895833333 0.10549600234374998 0.13028742361111117
0 0.57888677578125 0.5856003895833333 0.16450519843750006 0.2896816124999999
2 0.47172877148437503 0.5101558770833333 0.09970812265625 0.15468739583333327
2 0.7567377609375 0.4707027888888889 0.21093735468750002 0.38671848333333336
6 0.8628656175781251 0.6078120694444444 0.03823239453124998 0.08437494166666666
3 0.860888080078125 0.5363277437499999 0.02373045234374995 0.05859370972222225
3 0.9795403421875001 0.5855464590277778 0.018457018749999853 0.11015617361111106
3 0.958446606640625 0.5867183340277778 0.01845701796875012 0.11718742083333329
5 0.489110992578125 0.3324216340277778 0.015820302343749936 0.05859370972222225
4 0.27950290820312496 0.38046699930555555 0.01793184609374996 0.0180184736111111
4 0.276384326171875 0.4005645270833333 0.028846883593750004 0.02217658194444449
3 0.8914466718749999 0.5663344923611111 0.00779645468750001 0.06375767638888889
3 0.880141812109375 0.5898971118055556 0.011694682031249926 0.06652974861111108