4 0.744180172265625 0.37199700902777777 0.10082328046875003 0.09815599861111113
4 0.46171494882812497 0.44170199444444447 0.025605913281250014 0.012802955555555526
4 0.452912916015625 0.46304025416666666 0.04641071640624998 0.03271866388888896
4 0.41370386210937493 0.4744206611111111 0.00800184765624996 0.0099578555555556
4 0.48812104726562494 0.46588535625 0.016003694531249925 0.04125397083333332
4 0.53373157734375 0.44881474791666665 0.08001847656249997 0.08677559305555557
0 0.295108134375 0.5057167736111111 0.012802956250000008 0.024183358333333318
0 0.344319498046875 0.502871675 0.0072016632812500255 0.021338261111111083
0 0.36072328515624996 0.5007378493055555 0.01600369531250001 0.028451015277777793
0 0.3247149703125 0.5121182541666667 0.04481034687499998 0.06828243333333338
0 0.19708549882812498 0.5405692694444445 0.16403787734374997 0.2162277083333333