4 0.671413112109375 0.3078196902777778 0.03359002578124999 0.06824640277777776
0 0.36490413203124994 0.33874384027777776 0.008397506249999997 0.023459700000000003
2 0.349908584375 0.3206158895833333 0.02399287499999998 0.05971560138888891
0 0.28512782265625003 0.33234574027777775 0.00959715000000001 0.023459699999999965
0 0.27373120859375 0.33021303888888887 0.020393943749999987 0.03199050000000001
0 0.21494866249999997 0.3270139909722222 0.02279323124999997 0.029857801388888876
0 0.130661230859375 0.3255544208333333 0.021018680468749995 0.04826566388888891
0 0.16936219960937499 0.33021304027777776 0.07317826796875 0.0874407
0 0.24314029023437503 0.35367274027777773 0.07437791328125001 0.0874407
2 0.31511891796875 0.31635048958333334 0.05758289999999997 0.11090040138888892
0 0.04899169765625 0.3728670388888889 0.0979833953125 0.22819890277777782