4 0.63395955390625 0.2249999875 0.03900113124999995 0.03126888055555557
4 0.689402337109375 0.26170693125 0.01529456171875001 0.020392748611111088
4 0.9211149359374999 0.09652567361111111 0.026000753125000033 0.035347430555555566
4 0.68251978515625 0.20664651319444446 0.021412385937500035 0.04350452916666667
5 0.573928402734375 0.21820240347222222 0.012235649218749955 0.042145012500000016
5 0.47719030390625 0.21276433958333335 0.017588743750000014 0.036706948611111144
0 0.273007914453125 0.39969785972222227 0.08488481484374999 0.08157099166666665
0 0.47527848320312494 0.3942597944444444 0.08412008515625002 0.14410875277777777
0 0.546015828125 0.3677492236111111 0.03900113125000004 0.05845921111111107
0 0.620959178125 0.3691087381944444 0.071119709375 0.10196374027777778
3 0.31047958867187503 0.39901810347222216 0.01147092109375003 0.050302109722222196
3 0.780404975390625 0.33376130902777784 0.01682401640625004 0.06389727361111114