5 0.64093615859375 0.3240694527777778 0.004874039062499946 0.017329916666666674
5 0.63606211953125 0.32580244375 0.004874039062500035 0.020795898611111082
5 0.49666459765625 0.31453799791666665 0.006823654687499925 0.025994876388888876
5 0.49179055859375004 0.3171374861111111 0.006823656250000009 0.02079590000000001
4 0.6575078921874999 0.3292684284722222 0.01072288593750006 0.038125818055555566
5 0.5975572093749999 0.36219527083333336 0.009748078124999981 0.017329916666666674
5 0.6219274050781249 0.3526638166666667 0.007798461718750005 0.015596925000000025
4 0.6852899156250001 0.3474648416666667 0.009748078124999981 0.008664961111111128
0 0.619490386328125 0.37259322013888885 0.010722886718749968 0.013863931944444453
0 0.629238464453125 0.3691272375 0.010722886718749968 0.010397950000000043
0 0.628263656640625 0.37692570000000003 0.012672502343749947 0.012130941666666692
0 0.6394739464843749 0.3786586923611111 0.007798461718750005 0.019062909722222247
0 0.6292384648437499 0.39685510625000003 0.006823656250000009 0.017329918055555518
0 0.6375243312500001 0.39945459375 0.007798462500000003 0.015596926388888871
2 0.6565330839843749 0.38645715555555554 0.032168658593749996 0.03812581944444441
4 0.57659884140625 0.3578627909722222 0.014622118750000013 0.025994873611111104
0 0.642398370703125 0.4367139152777778 0.027294619531249963 0.0623877027777778
0 0.71160972734375 0.43584741875 0.011697693750000049 0.05718872638888889
3 0.720870401953125 0.41245203125 0.010722886718750057 0.045057784722222195
3 0.74670281015625 0.39945459305555553 0.007798462500000003 0.022528891666666655
3 0.771560410546875 0.3985880972222222 0.010722886718749968 0.02079589999999993
3 0.78228329609375 0.39772160208333335 0.010722887499999967 0.015596926388888871
3 0.8217630140625001 0.39772160208333335 0.00974807812500007 0.015596926388888871
3 0.73646732734375 0.3994545923611111 0.012672501562500039 0.02946085972222221
0 0.681878087890625 0.38819014652777784 0.018521349218749972 0.020795901388888892
0 0.6799284730468751 0.40032108888888884 0.04971520078124998 0.010397949999999965
0 0.678953664453125 0.4540438319444445 0.06921135703125003 0.10051351944444444
0 0.606330480078125 0.4540438319444445 0.06433731796875 0.16636720555555554
0 0.39187275351562495 0.42978194791666674 0.03704269765624999 0.04852376805555557
1 0.151582619921875 0.39945459375 0.30121562421875 0.2443518347222222
4 0.95141245703125 0.3725932208333333 0.013647309375000027 0.017329916666666712
0 0.818838590625 0.5484918805555555 0.25345004062500004 0.28247765
0 0.501538636328125 0.5172980298611112 0.20178522265624999 0.3483313375
0 0.287568313671875 0.4817717 0.22225618671875003 0.235686875