4 0.770976292578125 0.66093726875 0.008437496093749974 0.020624993055555527
4 0.70031225390625 0.6459372715277778 0.008437495312499977 0.024374990277777737
0 0.6702536718750001 0.7337497340277779 0.03480467499999999 0.05624998194444441
0 0.698202880078125 0.740312229861111 0.046406233593750026 0.07687497083333336
0 0.752519268359375 0.7449997291666667 0.08753903359374995 0.12749995277777784
0 0.829129102734375 0.7700622305555556 0.14343745078124998 0.16687494166666664
0 0.4514060917968751 0.6924997493055555 0.01054687109375001 0.01499999583333336
0 0.4292576625000001 0.7074997430555555 0.04429685937499998 0.04874998333333325
0 0.40605454453125 0.7215622388888889 0.010546870312500012 0.028124988888888917
0 0.62332009375 0.6971872465277777 0.04218748437499995 0.01687499305555562
0 0.631757591796875 0.7253122368055556 0.05273435703125005 0.03187499027777771
2 0.655488051171875 0.7028122444444445 0.04746091953124996 0.03937498611111102
0 0.561114539453125 0.6606443000000001 0.08121091015625001 0.06187497777777777
2 0.483067690625 0.6775192965277778 0.07277341249999995 0.15187494583333333
0 0.37707163593750004 0.7243942777777779 0.05273435781250004 0.05812498055555556
0 0.295333382421875 0.7450192708333333 0.06855466171874998 0.08812496944444442
0 0.22308731484375 0.7590817659722222 0.10757808750000002 0.10874996527777772
0 0.5399998109374999 0.8212497118055555 0.18773430937499996 0.30374989305555555
0 0.09703121718749999 0.784687226388889 0.1919530578125 0.1593749472222222
0 0.9260153011718749 0.7949997215277778 0.14554682421875 0.21749992361111117