5 0.186030969140625 0.41064159375 0.009470666406250005 0.05204084027777777
5 0.5433334253906249 0.36854973819444437 0.012914547656249997 0.0658163569444444
5 0.198515030859375 0.41424946319444444 0.012053575781250015 0.05357145416666671
5 0.8103570589843748 0.3698616861111111 0.01635842578125004 0.07193880833333328
5 0.558953884765625 0.3698616861111111 0.012914547656249997 0.059693905555555524
5 0.5305418824218749 0.37215760833333333 0.012914547656249997 0.05510206666666669
5 0.84479584921875 0.5366984965277778 0.02496812343750001 0.0413265486111111
5 0.82628499921875 0.5389944173611111 0.013775517187499985 0.03979593472222223
4 0.802239354296875 0.5599856826388888 0.01463648515624998 0.0459183875
4 0.7910467488281251 0.5163632118055556 0.012914547656249997 0.019897968055555517
4 0.8276379636718751 0.43983256666666665 0.022385214843749956 0.016836744444444444
4 0.476690262890625 0.49209205833333336 0.01894133359375001 0.03826532222222217
4 0.48702190000000006 0.5250002347222222 0.018941334375000007 0.012244902777777848
4 0.47755123203125 0.5364798333333334 0.024107153125000023 0.016836744444444444
4 0.646588300390625 0.4339287652777778 0.05596303515625003 0.04744900277777783
4 0.672417394140625 0.5785716881944445 0.009470667968750046 0.0397959375
5 0.493766166015625 0.5823982222222223 0.012914547656249997 0.02602041944444448
5 0.48386501328125 0.5841839465277777 0.008609698437500058 0.021428584722222234
0 0.8939018671875001 0.6818880618055556 0.13258934531249994 0.09489800138888893
0 0.9439242164062499 0.70637786875 0.10874047187499994 0.1530612930555555
0 0.9359602734374999 0.6577043944444445 0.0835140671875001 0.04744899999999998
0 0.13818564960937502 0.6946431840277777 0.15066971015625 0.15153067916666663
0 0.41005121445312503 0.657551325 0.02594388828125003 0.042857161111111076
1 0.32487259023437504 0.6022961888888889 0.14464292109375002 0.2892858444444444
4 0.0279815171875 0.5881380194444444 0.00947066875 0.018367355555555537
4 0.807714246875 0.5158023500000001 0.025790117187499996 0.06367930277777774
4 0.8335043640625 0.46358532152777776 0.03152125468750011 0.02547172083333338