4 0.38083456953125 0.5050603895833333 0.02141238593749999 0.03534742638888891
4 0.6117824390625 0.5023413583333334 0.03670694687500005 0.0380664611111111
4 0.582340409375 0.49350450277777774 0.022177112500000006 0.04758308055555555
0 0.316979778125 0.5546827444444444 0.02676548281250004 0.023111780555555583
0 0.3628634609375 0.5512839555555555 0.014529831250000003 0.01631420277777775
0 0.3770109296875 0.5519637131944445 0.013765106250000025 0.012235648611111098
0 0.44966009296875004 0.5526434715277778 0.008412007812500021 0.019033234722222243
0 0.45807210156250006 0.5540029895833333 0.014529832812500042 0.029909362499999995
0 0.66148976328125 0.5587612951388888 0.03364803125 0.036706945833333296
0 0.6129295316406249 0.5682779138888889 0.06959025234375008 0.03670695277777772
0 0.800670269921875 0.5628398486111111 0.02064766015624988 0.0258308222222222
0 0.8148177390625 0.585271867361111 0.012235648437500047 0.019033226388888855
0 0.784228615625 0.5675981527777777 0.01835347343749998 0.021752266666666662
4 0.88746690234375 0.3949395520833333 0.05964878750000011 0.11963745416666664
0 0.42748298046875 0.5675981541666666 0.041295317187499944 0.06797582777777783
0 0.490955409375 0.581873079861111 0.06959025156249998 0.11283987361111111