5 0.197275861328125 0.024843728472222222 0.014501942968750025 0.049687456944444444
5 0.20716354960937497 0.026249975694444445 0.013183585156249978 0.046874968055555556
5 0.18013720234375 0.0438280875 0.0250488109375 0.07734369722222223
4 0.8182227003906251 0.08015618958333334 0.01713866015624994 0.018749987500000002
4 0.602436752734375 0.14460926805555555 0.017988341406250007 0.049218713888888904
4 0.44051299843749997 0.2840622972222222 0.013183584375000024 0.023437483333333335
4 0.26583050195312496 0.24304670069444445 0.030322244531250007 0.04921871527777778
4 0.1208110703125 0.17624987222222221 0.0382323953125 0.023437483333333335
4 0.14981495625000002 0.21492172152777778 0.04350582968750001 0.05859370972222225
4 0.9223730187499999 0.13523427430555554 0.011865225000000024 0.030468726388888888
4 0.13399465429687502 0.06257807638888889 0.04350582890624999 0.06328120555555557
4 0.36075231093750004 0.2676560597222222 0.0514159796875 0.06093745555555555
4 0.3027445390625 0.2782029263888889 0.009228509375000016 0.025781230555555527
5 0.725278428125 0.1903123638888889 0.013183584375000024 0.028124980555555547
3 0.75296395625 0.2535935701388889 0.018457018750000033 0.07499994861111112
3 0.54861839375 0.30398415902777776 0.023730451562500043 0.0914061875
3 0.574326383203125 0.30281228472222227 0.01713866015624994 0.07031245277777778
3 0.613877137109375 0.29343729097222226 0.019775375781250038 0.07031245138888889
3 0.669248192578125 0.2782029263888889 0.01713866015625003 0.06796870277777778
3 0.74241708828125 0.2582810652777778 0.013183584375000024 0.06093745833333336
3 0.7654883605468751 0.25593731597222225 0.011865225781250021 0.07031245138888885
3 0.8004248617187499 0.24070295277777778 0.013183584375000024 0.07734369722222224
0 0.132017117578125 0.36492161666666667 0.023730453906249994 0.021093733333333337
0 0.50247584609375 0.2934372916666667 0.01054686718750002 0.014062491666666649
0 0.4932473375 0.2946091652777778 0.01054686718750002 0.016406238888888876
0 0.48072293203124994 0.3039841583333333 0.011865226562499932 0.021093733333333337
1 0.526865478515625 0.2899216680555556 0.02768552734374996 0.04921871388888886
2 0.9441259335937501 0.19617173333333335 0.11074211093750001 0.15234364444444443
0 0.9882909429687501 0.2219529659722222 0.022412095312500036 0.07265619861111113