4 0.582895713671875 0.7364057354166665 0.02109373515624995 0.037499973611111174
4 0.49588405429687493 0.7270307423611112 0.026367169531250047 0.042187473611111095
4 0.1452007015625 0.678983901388889 0.029003885937500008 0.0632812055555556
0 0.38316440546874997 0.7516401013888889 0.014501943749999979 0.021093736111111146
0 0.39371127265625 0.7528119756944446 0.01186522656250002 0.01874998750000003
0 0.40359896210937496 0.7563275972222223 0.018457019531250028 0.016406236111111146
0 0.45369658359375 0.7598432208333333 0.015820301562500028 0.028124977777777834
0 0.44051299804687505 0.7551557236111112 0.013183585156250021 0.018749983333333376
0 0.350205443359375 0.7457807298611111 0.01713866015625003 0.01874998750000003
0 0.3686624625 0.7516401013888889 0.01186522656250002 0.021093736111111146
0 0.41730595273437493 0.768777625 0.027413980468749967 0.031931302777777795
0 0.528843016796875 0.7762494597222223 0.029003886718749962 0.04218747222222213
0 0.47874539453125 0.789140076388889 0.0527343390625 0.08671868888888888
0 0.589487505859375 0.8020306916666666 0.07646479140625004 0.11249991944444448
0 0.197935041015625 0.8102338097222221 0.20566392265625 0.2085936083333333