1 0.423695738671875 0.5243527402777778 0.023408603906250037 0.043279908333333277
0 0.356747130859375 0.5351727166666667 0.016854196093750006 0.028298402777777752
0 0.34317014101562504 0.5443280819444444 0.029026669531249993 0.03662146111111113
0 0.272476155859375 0.5376696354166667 0.016854196093750006 0.016646118055555565
0 0.240640453125 0.5459926930555555 0.029963012499999976 0.01997534166666668
0 0.3033755125 0.5434957770833333 0.056180649999999985 0.07157830972222222
0 0.38717831796874996 0.5360050215277777 0.05711699531249996 0.09321826527777775
1 0.4461680003906251 0.5268496583333334 0.01779053828124999 0.10154132500000002
1 0.46208585234375 0.5210235152777778 0.021535917187499986 0.11652283055555554
1 0.5032849949218751 0.5160296791666668 0.08520731953125002 0.2130703194444445
1 0.641863933203125 0.5110358451388889 0.25936733671875 0.3895191763888889
1 0.111893129296875 0.49106050277777774 0.22378625859375 0.30628858333333336
3 0.845050619921875 0.5526511416666666 0.051498928906250005 0.1598027388888889