4 0.55219276484375 0.4319823673611111 0.010546873437500003 0.021874995833333345
4 0.55263221796875 0.4640136138888889 0.013183592187500004 0.02031249722222223
4 0.5495560464843751 0.4897948597222222 0.010546874218750002 0.01562499722222215
4 0.5552689371093751 0.5429198541666667 0.02900390234375001 0.04687499444444446
5 0.34652872890625 0.4116698701388889 0.017578123437500003 0.0624999902777778
5 0.329390058984375 0.4788573631944445 0.020214841406250007 0.04687499583333334
5 0.9947220066406249 0.39760737222222226 0.007910155468749912 0.0718749916666667
5 0.9898880226562501 0.47026361388888893 0.017578123437500003 0.04218749722222223
0 0.8264114796875 0.5530761020833334 0.010546873437500003 0.017187495833333344
0 0.830806011328125 0.5569823520833334 0.01054687421875009 0.031249995833333342
0 0.8352005421875 0.5624511020833333 0.015820310937500005 0.032812495833333344
0 0.862886085546875 0.5819823486111111 0.06591796015624993 0.07812498888888891
0 0.707319698046875 0.5390136034722222 0.037792963281249925 0.023437495833333342
0 0.691059934765625 0.5835448486111111 0.04394530703124992 0.07812498888888891
0 0.900239596484375 0.6280760930555556 0.11777342265624995 0.13906248333333338
0 0.7692825812499999 0.6538573388888889 0.1634765406249999 0.23437496944444453