4 0.46914569140625 0.4108697027777778 0.016508157812499924 0.04848772777777776
4 0.669037949609375 0.4389415465277778 0.01866139609374997 0.03317581527777773
4 0.76413929296875 0.38662584097222225 0.009330698437499941 0.02807184305555555
4 0.806127432421875 0.39619578541666667 0.02296787109374998 0.04210776527777777
4 0.6589895050781249 0.5378309923611111 0.027274347656249986 0.06252365138888887
0 0.0137358609375 0.4274576111111112 0.027274346875 0.030623830555555523
0 0.75143518984375 0.4778593291666667 0.017225904687500026 0.029347836111111133
0 0.7618425082031249 0.4797733159722223 0.00789520546875 0.022967870833333296
0 0.76363687265625 0.4950852326388889 0.027274346875000077 0.05614368472222221
0 0.21276682695312502 0.5024859951388889 0.23039646328125 0.2398866597222222
0 0.702628462890625 0.5043999826388889 0.045935744531250045 0.05741967916666668
0 0.801677409375 0.5229018819444444 0.10048443906249993 0.11994332777777778
0 0.6459265296875 0.45910223680555556 0.025838854687499958 0.03317581249999996
0 0.747128714453125 0.43166839027777776 0.012919427343750022 0.016587905555555615
0 0.72846731953125 0.43804835555555555 0.017225904687500026 0.02169187500000002
0 0.682531575390625 0.43422037569444444 0.011483935156249991 0.011483934722222245