2 0.055564047265625006 0.5008346104166667 0.11112809453125001 0.22182294027777777
0 0.20617185937500002 0.5571568395833334 0.22907984374999998 0.22355593194444442
2 0.258324078515625 0.4419128888888889 0.11697694140624999 0.13170737222222217
3 0.332409474609375 0.48697067499999996 0.017546541406249984 0.06585368611111109
0 0.38553650351562496 0.49563563541666666 0.08285866640624998 0.11091147083333336
0 0.4337894910156249 0.48783717013888894 0.029244236718750028 0.06758667638888885
0 0.46693295859375006 0.48437118749999997 0.037042698437500035 0.057188727777777774
0 0.490815749609375 0.4731067416666666 0.016571733593749992 0.017329916666666712
0 0.894797178125 0.7105266090277778 0.21040564374999998 0.4297819486111111
0 0.761324927734375 0.5805522270833333 0.25345003984375003 0.22528892361111105
0 0.6614071238281249 0.5320284597222222 0.12575021328125002 0.1698331888888889
0 0.5990194214843749 0.5086330715277777 0.05751366328124998 0.11264446249999993
0 0.559052299609375 0.48003870763888884 0.032168658593749996 0.04505778472222228
0 0.535169507421875 0.4765727243055556 0.015596925781250003 0.017329918055555518
4 0.6234273609375001 0.40379119027777777 0.011996437500000035 0.02132699999999998