0 0.476272644140625 0.5605286930555555 0.009176736718750078 0.009516613888888909
0 0.464801723828125 0.5598489361111111 0.01223565078124995 0.01631419722222221
0 0.451801346484375 0.5700453069444444 0.012235649218749955 0.014954683333333366
0 0.44912479648437503 0.5734441000000001 0.01147091953124999 0.013595166666666674
0 0.43956569648437505 0.57820240625 0.010706191406249932 0.020392748611111164
0 0.42393152890624997 0.5843202298611112 0.014444317187499944 0.021752265277777776
3 0.42141979023437504 0.5624514208333333 0.008412010156250016 0.016314194444444517
3 0.402503369921875 0.5698982319444444 0.009470667968750002 0.033673483333333344
3 0.40853015820312494 0.5673472013888888 0.011192607031250024 0.03571431388888884
0 0.485371710546875 0.5571431090277777 0.0077487289062499794 0.012244904166666654
3 0.49613383281250006 0.56135229375 0.00860969843749997 0.013775518055555519
3 0.531074864453125 0.5668370055555556 0.006026788281250006 0.015306130555555578
3 0.536240683203125 0.5668370069444444 0.006026788281250006 0.021428583333333348
3 0.55346007890625 0.5660717006944445 0.009470667187500049 0.026020420833333367
7 0.54269795625 0.5767859881944445 0.008609696874999972 0.02908164583333333
0 0.532854187890625 0.5816329138888889 0.00947066640625005 0.018367355555555537
0 0.5255359449218749 0.5793369951388889 0.010331636718750037 0.019897968055555597
3 0.561782777734375 0.5729594583333333 0.009470667968750046 0.03673471111111116
3 0.7786037015625 0.5872451930555556 0.010331637499999945 0.03061225833333331
3 0.79237921796875 0.5918370333333333 0.015497456249999963 0.048979613888888926
3 0.80357182421875 0.5918370319444445 0.010331637500000036 0.05204084166666666
3 0.813472977734375 0.5903064208333333 0.01808036484375002 0.06122451944444439
3 0.840163040625 0.5857145805555556 0.014636485937499976 0.06734696944444446
3 0.84877273828125 0.5941329506944445 0.018080365624999928 0.05663267916666667
3 0.8771847402343749 0.5818880479166667 0.03013394296875003 0.03214287361111106
3 0.4291934390625 0.6240309125 0.0277232234375 0.07806125833333337
3 0.39475464843749997 0.6209696847222221 0.022557406249999933 0.0964286138888889
3 0.35936879140625 0.6133166208333334 0.01721939531250003 0.06275513055555557
3 0.380032065625 0.6263268298611111 0.022385214062500002 0.09183677361111112
3 0.3468847296875 0.62938805625 0.033577820312499986 0.1102041319444445
3 0.00947066796875 0.6462247993055555 0.0189413359375 0.09489800138888885
4 0.11479596562500001 0.44158183125 0.0327168515625 0.026020420833333287
4 0.1135045109375 0.4653063333333334 0.02324618437499999 0.027551033333333346
4 0.12857148125 0.48903083402777775 0.020663275000000002 0.03214287361111106
4 0.109199661328125 0.5073981868055555 0.016358425781249998 0.022959193055555556
4 0.18797839609375 0.5250002361111111 0.018941335937500005 0.015306130555555578
4 0.27364488867187503 0.5051022680555556 0.016358425781249998 0.01224490555555554
4 0.2706314953125 0.535714526388889 0.008609696875000017 0.018367355555555537
4 0.28440701171875 0.5617349465277778 0.012053576562500012 0.015306129166666614
5 0.26589616132812505 0.5571431069444445 0.016358425781249998 0.018367355555555537
5 0.38023653671875 0.46530633194444443 0.007748728124999982 0.030612261111111157
5 0.5528609765624999 0.4477042840277778 0.008609696874999972 0.032142870833333365
5 0.66736995625 0.5410716729166667 0.015497456250000052 0.022959193055555556
5 0.449241734765625 0.5356051993055555 0.0060267898437500024 0.022959195833333328
5 0.5409350148437501 0.45295210208333336 0.01205357812500001 0.044387776388888904
5 0.645973328125 0.4521867944444444 0.010331637500000036 0.03979593611111112
5 0.6825645433593751 0.40473779513888886 0.012914547656249997 0.0459183875
5 0.81152552109375 0.5049929409722222 0.018941334375000098 0.032142870833333365
4 0.33758625468750003 0.47525531458333337 0.0352997609375 0.016836740277777786
4 0.598460094921875 0.4584185729166666 0.03702170078125002 0.016836743055555558
4 0.666304503515625 0.5043369618055555 0.019802305468749993 0.019897968055555597
4 0.65554238125 0.4048471201388889 0.01721939687499994 0.02908164583333333
4 0.6564033515625001 0.5257655423611111 0.01721939531250003 0.013775518055555599
4 0.6305742578125 0.5227043173611111 0.013775517187499985 0.032142873611111136
4 0.631004741796875 0.5464288187499999 0.018080366406250013 0.015306129166666693
4 0.78950928359375 0.45918388055555553 0.018941335937500005 0.08265309999999997
4 0.8256700132812501 0.4530614277777778 0.01894133593750009 0.030612258333333385
0 0.48636183398437505 0.6041329430555555 0.08523600859374998 0.08112248611111118
0 0.6048312667968749 0.6329084472222222 0.09556764609375001 0.1561225222222222
0 0.703842790625 0.6635207048611111 0.186830440625 0.2234694875000001
0 0.5105550761718749 0.6811227541666667 0.15841843828124996 0.2647960361111111
0 0.16638240937499998 0.72183706875 0.33276481874999997 0.3642858763888889
0 0.8742870433593751 0.7914711284722222 0.25142591328124997 0.4076473375