4 0.31769326484375 0.6025422583333333 0.017161012499999996 0.04118643333333331
4 0.303535428125 0.6109320854166667 0.042044479687500004 0.06101693749999997
0 0.346652475390625 0.6762710756944444 0.013728810156250004 0.021355931944444486
0 0.329062437890625 0.6831354791666667 0.011154661718749992 0.01983050277777778
0 0.31233044843749996 0.6785592090277777 0.022309314062499964 0.02593219861111109
0 0.28615990468749997 0.6724575131944445 0.007722456250000009 0.01067796250000007
0 0.27168936328125 0.6907625986111111 0.04227712812500002 0.04118643333333338
0 0.22309317890625002 0.6892371736111111 0.05663134375000001 0.08694913611111114
0 0.146297641796875 0.7037286944444444 0.11412074140624999 0.11288133611111119
0 0.086234094140625 0.715932082638889 0.021451266406250002 0.05491524305555555
0 0.04075740703125 0.7161863069444444 0.0815148140625 0.1510169194444444
0 0.72004755 0.6811015666666667 0.0832309171875 0.047288125000000035
2 0.9096767515625 0.6864405472222221 0.035180078125000055 0.07627117222222218
2 0.848183101953125 0.6889829520833334 0.07636651171874984 0.08237286249999995
0 0.444041228515625 0.6826269881944445 0.00772245390625006 0.013728812500000014
0 0.51483041015625 0.6856778354166667 0.01887711562500005 0.019830506944444437
0 0.42945436835937495 0.6849151229166667 0.01801906640624997 0.024406776388888888
0 0.474073003125 0.6894913930555556 0.054057192187499936 0.08542371388888886
0 0.380545476953125 0.6894913930555556 0.05062498671875 0.07322032500000009