0 0.5174321378906249 0.42970792569444444 0.017193411718749996 0.043301926388888905
0 0.528894412109375 0.42716075277777776 0.017193411718750086 0.03820758055555555
0 0.5346255492187499 0.4284343381944445 0.020058979687500055 0.05094344027777779
0 0.548237000390625 0.429707925 0.024357333593749964 0.06877364999999998
0 0.561848451171875 0.4284343395833334 0.028655685156250055 0.08660385138888885
0 0.581191039453125 0.43352868333333333 0.03868517578124999 0.10188688333333336
0 0.61629425546875 0.44753812847222224 0.08596705937500007 0.13500012083333332
0 0.45152405976562504 0.42970792430555554 0.02579011796874999 0.05349061249999999
0 0.43504704101562497 0.429707925 0.02722290234375002 0.06877364999999998
0 0.291768609375 0.4284343375 0.07307199843749998 0.066226475
0 0.137744297265625 0.44753812986111113 0.04584909921875 0.08915102361111112
0 0.4042421781250001 0.4335286840277778 0.05731137187500002 0.08150950694444445
0 0.7130071953125 0.5048495020833333 0.19915701874999997 0.24452852083333335
3 0.45224045234375004 0.43480226944444444 0.012895059374999995 0.058584958333333347
0 0.476161976953125 0.4296230208333333 0.03152125546875002 0.030566066666666655