0 0.14699242578125 0.7294584361111112 0.15843088281249998 0.18453252222222227
0 0.54784987578125 0.7622372409722222 0.14613883281250004 0.1918167013888889
0 0.23371967656249998 0.7051778416666666 0.06146025625 0.1214029750000001
0 0.265132695703125 0.70274978125 0.039607719531249995 0.08255402361111111
0 0.282204989453125 0.699107692361111 0.03004723671874996 0.07041372361111102
0 0.2856194484375 0.6881814256944444 0.04780242187499999 0.07769790416666661
0 0.31293511875 0.6845393354166667 0.02321831875 0.0558453708333334
0 0.323178494140625 0.6808972458333333 0.01365783515625001 0.0485611916666667
0 0.330007410546875 0.6821112756944444 0.01365783515625001 0.04613313194444449
0 0.338885004296875 0.6796832166666666 0.009560483593750035 0.031564772222222204
0 0.349811271875 0.6796832173611111 0.009560484374999989 0.026708654166666672
0 0.35322573085937503 0.6772551576388889 0.01365783515625001 0.021852534722222258
0 0.475463351171875 0.7209602291666667 0.06692338984375006 0.10440655833333336
0 0.43653852265625004 0.699107692361111 0.04370507031250002 0.07041372361111102
0 0.416734662109375 0.694251575 0.012292050781250018 0.04127701111111111
0 0.409222851953125 0.6906094854166667 0.01638940234375008 0.0437050708333334
0 0.39829658437500004 0.6796832166666666 0.010926267187500028 0.031564772222222204
0 0.39283345039062495 0.68332530625 0.016389400781249952 0.029136712499999995
0 0.37297627265625 0.6771524562500001 0.025843250000000005 0.03621549305555563
4 0.11011627187499999 0.5133611402777777 0.024584103125000013 0.06798566666666667
4 0.7465713707031251 0.3713196583333333 0.057362905468750024 0.04127701111111111
4 0.67281906328125 0.3616074215277777 0.02185253593750005 0.04613313194444441
4 0.5744826527343749 0.5764906881944444 0.01365783515625001 0.019424476388888855
5 0.389931182421875 0.6288674131944444 0.004097349218749979 0.019424476388888934
5 0.3626155125 0.6288674131944444 0.004097349999999977 0.019424476388888934
5 0.39471142421875005 0.6276533826388889 0.005463134375000012 0.03156477361111109
4 0.9808634496093749 0.5235778513888889 0.038273100781250055 0.044786699999999985