5 0.6233200937500001 0.4218748534722222 0.010546870312500012 0.041249987500000015
5 0.402890483203125 0.4771873326388889 0.01898436640625003 0.024374990277777737
4 0.26578115703125 0.5099998215277778 0.02109374218750002 0.06374997638888884
5 0.7103317828125 0.5081248222222222 0.01582030468750002 0.026249991666666656
4 0.39076158203125 0.4574998395833333 0.00949218437499999 0.03374998749999997
4 0.67816382578125 0.44249984375 0.02953124062499999 0.029999990277777756
4 0.7224606847656251 0.4490623423611111 0.01898436796874998 0.028124990277777803
3 0.726152089453125 0.6140622861111111 0.034804675781249995 0.1781249388888889
3 0.0669726328125 0.6843747618055556 0.133945265625 0.6262497847222221
3 0.39972642187499996 0.5203123159722222 0.012656243750000008 0.020624990277777835
3 0.384433458984375 0.5174998166666667 0.013710930468750026 0.026249988888888885
0 0.52998028359375 0.5456248097222223 0.030585928125000005 0.044999986111111036
2 0.46142561953124994 0.5071873215277778 0.09808590468749996 0.23812491805555552
0 0.39234361171875004 0.62062478125 0.13921870000000003 0.18374993472222226
0 0.5690037054687499 0.5549998041666667 0.049570293749999994 0.0862499666666667
0 0.9555465406250001 0.7509372388888889 0.08648434531249993 0.23812491666666663
3 0.8822457843750001 0.5765622979166666 0.02214842968749995 0.1406249541666667