4 0.392297166796875 0.3250462215277778 0.028021225781249947 0.01245387916666666
4 0.371981777734375 0.35493553194444444 0.01260955234375003 0.01743543055555554
4 0.47075660039062495 0.34497242916666665 0.025219103906249974 0.037361636111111096
4 0.4392327207031251 0.34248165347222226 0.015411674218750004 0.02241698194444446
4 0.205255481640625 0.38731561527777775 0.015411674218750004 0.02739853333333334
4 0.110683843359375 0.34372704097222223 0.030823349218750008 0.014944654166666637
4 0.630477589453125 0.1799585416666667 0.025219103906249974 0.03487085833333333
4 0.009807430859374999 0.3792205951388889 0.01401061328125 0.024907756944444435
4 0.43643059804687495 0.36676671736111105 0.02662016484375007 0.019926206944444483
5 0.6555565867187501 0.24035985069444446 0.021015920312500037 0.047324737500000005
5 0.6366422593750001 0.24035985069444446 0.022416981250000044 0.047324737500000005
4 0.17569308828125002 0.3462178166666666 0.014010612499999997 0.029889308333333316
5 0.076638053515625 0.33999087777777776 0.010367853906250002 0.02739853333333334
5 0.083363148046875 0.3412362652777778 0.009807428906249993 0.029889308333333354
5 0.14781196875 0.34870859236111107 0.009807428125000017 0.024907756944444397
5 0.36777859375000005 0.33874549236111107 0.007005306249999998 0.01992620416666667
4 0.37058071640625 0.3208949277777778 0.015411675000000003 0.022416980555555573
4 0.507884724609375 0.357011175 0.015411674218750004 0.03487085833333335
0 0.12119180351562502 0.42343186250000003 0.026620164843750006 0.04981551388888887
0 0.051138737499999996 0.4358857409722222 0.029422287499999998 0.04483396250000003
0 0.011208490625000001 0.4371311312499999 0.022416981250000002 0.03736163472222221
0 0.13870506953125 0.4296588020833333 0.01681273593749999 0.027398531944444453
0 0.428024230078125 0.40288296319444444 0.015411674218749916 0.03238008472222226
0 0.32014250859375004 0.4252999430555556 0.043432899999999997 0.06226938888888896
0 0.18143743828124997 0.4396219034722222 0.07986049531250002 0.10710335138888882
0 0.41086122851562495 0.40475104375 0.03082334765625001 0.04483396527777772
0 0.375134165625 0.40994016041666664 0.043432899999999997 0.05023064027777772
0 0.258495812890625 0.4674355638888889 0.11348596640624997 0.16439119444444447
0 0.09106898515625 0.4358857374999999 0.06444882031250002 0.08468637222222218
0 0.005464140234375 0.5457289472222222 0.00980742890625 0.10212180277777776
3 0.750618596484375 0.41284606597222223 0.02662016484374998 0.09215869861111103
3 0.782843006640625 0.43526304652777775 0.04343290078125008 0.21669748194444444
3 0.8364803074218748 0.4186993847222223 0.03185078671875008 0.21370855833333333
3 0.821582351953125 0.42990787847222217 0.04483396171875 0.21420670416666662
3 0.7186043453125001 0.43738020902777774 0.04623502187499993 0.22416980972222228
0 0.9019332179687499 0.4371311291666667 0.04903714531249985 0.05479706666666668
5 0.41236000859375005 0.3143195701388889 0.006459714062499966 0.022967870833333334
5 0.417743103515625 0.31240558055555556 0.005741967968750039 0.021691877777777792