5 0.50836229140625 0.5233635006944444 0.006823654687500014 0.013863931944444375
0 0.495524576171875 0.5541580756944444 0.014479613281250003 0.018591109722222242
0 0.4758162121093751 0.5555881618055556 0.013675191406249976 0.018591109722222242
0 0.45972775234374996 0.5577332895833333 0.013675190625000066 0.02288136527777777
0 0.448063619140625 0.5627385875 0.011261924218749986 0.027171619444444496
0 0.43519284999999996 0.559163375 0.017697304687500016 0.0371822194444444
0 0.42111544765625003 0.5613085027777778 0.01689288124999999 0.03861230555555555
0 0.40462477578125 0.5648837166666667 0.02091499687499998 0.037182219444444484
0 0.38853631484375 0.5677438868055555 0.02091499843750002 0.048622901388888966
0 0.2791347859375 0.58418986875 0.19145267968750002 0.21308271805555556
0 0.5856199546875 0.5427173930555556 0.025741535937499994 0.0471928166666667
0 0.602512837109375 0.5441474770833333 0.02252384453125007 0.0386123013888889
0 0.60492610625 0.5548731194444444 0.014479614062500002 0.04576273333333331
0 0.628656585546875 0.5577332888888888 0.031372497656249984 0.05434324444444445
3 0.740873596484375 0.5613085048611112 0.011261924218749986 0.055773329166666726
3 0.7549509984375 0.5684589312499999 0.018501729687500034 0.10439623472222219
3 0.77868147734375 0.5691739715277778 0.01608846093750005 0.09438563194444442
3 0.935141753515625 0.5713191 0.034590189843749994 0.12155725555555558