0 0.034118275390625 0.5588898319444444 0.06628693515625 0.1784981472222222
0 0.048252988281250006 0.5025676 0.0770098203125 0.16636720555555554
0 0.183263873828125 0.5051670875000001 0.24175234296874998 0.24088585
0 0.41965477734374995 0.48090520347222226 0.1413471375 0.1992940486111111
0 0.563926337890625 0.4540438326388888 0.06726173984375006 0.10744548749999999
0 0.6190029820312499 0.4271824604166667 0.02924423593750003 0.05372274305555559
0 0.630822512109375 0.4339906326388889 0.018521349218749972 0.05892171805555554
0 0.6459320339843749 0.4331241375 0.01949615703124996 0.0745186444444444
0 0.66006674765625 0.4339906326388889 0.03801750625000002 0.08664958472222221
0 0.69662204140625 0.4420366715277778 0.07408539531249998 0.10917847916666663
0 0.740000991015625 0.45850009305555556 0.07311058828124999 0.13863933888888894
0 0.866586764453125 0.45676710138888893 0.24662638515624993 0.2599487583333333
0 0.94164696875 0.5096233493055555 0.112102903125 0.28594363472222223
4 0.8558638769531249 0.2511600055555555 0.043866350781249966 0.09531454444444445
4 0.71987818359375 0.3178801868055556 0.011697693750000049 0.04505778472222224
4 0.443520160546875 0.36727045347222226 0.010722888281249964 0.025994879166666686
4 0.09453895 0.2962177902777778 0.0263198109375 0.09878052777777775
0 0.5307654617187499 0.42185969097222226 0.015596925000000006 0.02426188472222219
0 0.497621994140625 0.4279251618055555 0.011697692968749961 0.032926843055555585
0 0.4864117046875 0.43572362638888884 0.018521348437499974 0.03465983888888889
0 0.514193728125 0.4313911451388888 0.031193851562500007 0.04679077638888892
5 0.49581162578125004 0.32790678055555555 0.005848846875000024 0.022528891666666655
5 0.562585964453125 0.3131763527777778 0.006823657031250008 0.02772787222222222
5 0.6356965515624999 0.3660325979166667 0.004874039062500035 0.02252889305555554
0 0.593640567578125 0.42235482916666667 0.010722886718749968 0.027727866666666677