3 0.30413271640625 0.4981740659722222 0.034430120312500014 0.10541567638888891
5 0.080336944140625 0.31029613194444444 0.032517335156249993 0.039105813888888875
4 0.059774510937500004 0.2167822305555556 0.023909804687499998 0.02890429722222222
4 0.017215059765625 0.17682628819444443 0.03443011953125 0.04760707638888889
4 0.12959114101562502 0.047607078472222224 0.07938055234375001 0.09521415694444445
1 0.435158446484375 0.4539674916666666 0.12624376796874998 0.2210328638888889
0 0.504496880078125 0.4803214097222222 0.01052031484375 0.06630985833333337
0 0.51501719375 0.47862115625 0.018171451562499996 0.05950884861111108
0 0.53079766484375 0.47692090347222227 0.017215059375000053 0.056108343055555565
0 0.5437089601562499 0.4726702708333333 0.020084235937499972 0.047607077777777736
0 0.55709845 0.4633188819444445 0.023909804687500015 0.039105813888888875
0 0.5704879406250001 0.4616186291666666 0.01625866718750002 0.03570530833333328
0 0.5833992359375 0.4607685020833333 0.015302274999999987 0.020403034722222203
0 0.596788725390625 0.4573679972222222 0.01338949140625001 0.020403033333333397
0 0.6273932765625 0.45481761805555565 0.017215059375000053 0.025503791666666664
2 0.682385826171875 0.44886673680555556 0.10042118046875004 0.20062983194444448
0 0.742160337890625 0.48542216875 0.028691764843750002 0.09351390416666669
0 0.762244573828125 0.49307330763888885 0.05164517890624998 0.11901769861111113
0 0.82106269296875 0.5126262152777777 0.1252873765625 0.14452149166666667