4 0.6930066984375 0.3472746395833334 0.016795012499999994 0.061848298611111116
3 0.8825504125 0.49976269027777775 0.03838860000000004 0.19620839999999998
3 0.91014221796875 0.4421797895833333 0.02399287500000007 0.07251180138888892
0 0.557446954296875 0.4560423402777778 0.014395725781249969 0.023459700000000003
0 0.5502490921875 0.46137409027777776 0.016795012499999994 0.034123200000000034
0 0.53465372421875 0.4763029888888889 0.02879144999999994 0.055450199999999936
0 0.581439829296875 0.45284329027777775 0.011996438281250032 0.04265399999999996
0 0.58563858203125 0.47843568888888893 0.02279323125000001 0.05971559999999998
3 0.605432705078125 0.48483379097222223 0.026392163281250002 0.1364927986111111
0 0.65821702890625 0.4901655402777777 0.07917648750000002 0.12156389999999999
3 0.7146002859375 0.46883853888888893 0.01919430000000002 0.12156389999999999
0 0.46987296015624996 0.46457313958333335 0.016795012499999994 0.027725101388888933
0 0.455477234765625 0.4720375888888889 0.031190736718749966 0.04691939999999993
0 0.35410733867187505 0.5072271402777777 0.05158468359374999 0.0917061
0 0.32171695703125003 0.5008290409722223 0.03958824375000001 0.06611370138888893
0 0.180758815625 0.4933645888888889 0.23752946406250003 0.2601894
3 0.07279087773437501 0.5018953909722221 0.019194300781250007 0.0981041986111111
3 0.01940673046875 0.5360185902777778 0.0251925203125 0.08957340277777774
0 0.49866441054687505 0.5146915916666667 0.08397506328124997 0.1236966
6 0.41468934687500003 0.6095967409722222 0.07677719999999995 0.21966809861111117