2 0.22128138125000002 0.5354944423611111 0.083833475 0.06585368472222221
0 0.03899231484375 0.5519578638888889 0.0428915453125 0.06758667499999997
0 0.023395388281250002 0.5874841944444444 0.0428915453125 0.12130941944444444
4 0.050202603515625 0.5086330722222223 0.012672500781249995 0.015596927777777835
4 0.651659045703125 0.17243267708333335 0.055564047656250004 0.032926843055555544
4 0.6618945281249999 0.42804895486111116 0.007798462500000003 0.020795901388888892
5 0.67066779765625 0.3587292861111111 0.009748079687499977 0.04505778333333339
5 0.493252769140625 0.14643779930555556 0.013647310156249936 0.05372274305555555
5 0.911445335546875 0.30760603124999997 0.023395388281250006 0.08838257916666667
0 0.281024033984375 0.5286983722222222 0.03627217578124999 0.03120187222222223
0 0.32080641953125 0.5318185590277777 0.03393203437500003 0.033281995833333314
0 0.351813279296875 0.5286983722222222 0.03042182421875004 0.03120187222222223
0 0.410316787109375 0.5234980604166667 0.018721122656249988 0.04160249583333334
5 0.9046714328124998 0.39314357569444447 0.024571473437500123 0.03744224583333333