0 0.491450427734375 0.3382776972222222 0.013778983593750026 0.016330650000000013
0 0.47422669804687495 0.33963858333333335 0.014544482031250005 0.01633064722222224
0 0.46044771523437494 0.34099947013888887 0.017606480468749998 0.01905242083333335
2 0.43786549140625003 0.32943192847222225 0.029088965625000008 0.055796379166666715
0 0.37219377812500004 0.35413683055555556 0.03794125468750002 0.04493831944444445
2 0.25944951171874997 0.36160719166666666 0.16152030781249999 0.13881050277777776
0 0.024866196875 0.4000453680555556 0.04973239375 0.12314652222222221
0 0.5570281703125 0.3375000444444444 0.007654992187500031 0.013608874999999977
0 0.5497559285156249 0.33750004305555553 0.009951488281250054 0.02993952222222222
0 0.56009016640625 0.33069560694444444 0.009185989062499988 0.029939519444444448
0 0.574634648828125 0.32593250208333335 0.021433974218749974 0.047631054166666645
0 0.58075864140625 0.34158270347222225 0.029088965624999918 0.043548390277777765
0 0.656032720703125 0.33750004375 0.021433974218749974 0.057157265277777744
0 0.6212025121093749 0.3463458111111111 0.06200542578124999 0.09526210833333333
0 0.5232186285156251 0.35859379652777784 0.055881433593749995 0.08981855972222223
4 0.6300057515625 0.2898689888888889 0.029088965625000008 0.02585685833333334
4 0.605127030859375 0.30619963680555556 0.017606480468749998 0.014969759722222243
2 0.9271114488281249 0.34902757291666664 0.14368038515624998 0.1877765486111111