5 0.40512327578124996 0.13226746874999998 0.007796454687499921 0.06375767638888888
5 0.274922478125 0.29235467430555556 0.023389364062499984 0.029106765277777787
5 0.6580625578125 0.16830441666666668 0.010915037500000047 0.044353163888888894
5 0.46354100898437506 0.3055220222222222 0.003898227343750005 0.013860363888888906
5 0.408965825 0.30413598611111115 0.0038982281250000026 0.013860366666666677
5 0.84796193671875 0.3318567145833333 0.01559290937500002 0.02217658472222222
5 0.8269115082031249 0.3338367784722222 0.010915035156249964 0.024948654166666667
5 0.8440637101562501 0.1883029548611111 0.017152201562499948 0.08593425694444447
5 0.46047812890625 0.30611605138888887 0.003118581250000041 0.016632438888888896
5 0.41330957656250006 0.13474254027777777 0.010135390624999996 0.059599566666666666
5 0.388360920703125 0.13474253958333332 0.01793184609374996 0.06514370694444445
4 0.274922478125 0.12068416805555555 0.023389364062499984 0.012474327777777777
4 0.48035906523437505 0.31126417777777776 0.008576100781249974 0.011088294444444417
4 0.5053077203124999 0.28007835833333333 0.007016806249999963 0.015246402777777807
4 0.5111550625 0.3029479597222222 0.0062371640624999895 0.022176583333333333
3 0.3209215640625 0.3588844229166666 0.007796457812500002 0.034650906944444414
6 0.361463127734375 0.3942283527777778 0.009355744531249988 0.03880901944444438
3 0.058960677343750004 0.3450240583333333 0.018711492187499994 0.04019505277777778
3 0.076112879296875 0.3464100979166667 0.017152200781250005 0.05405542083333334
3 0.24685524218749996 0.38660515416666674 0.01871149375000001 0.10118065555555557
3 0.20865261132812501 0.37135875416666664 0.023389363281249985 0.08732029999999998
0 0.38407284765625 0.3651215895833333 0.021830073437500007 0.04158109583333333
0 0.31273528515625 0.3623495138888889 0.007016807812500003 0.016632433333333314
0 0.416817958203125 0.38314006250000004 0.05769376640625001 0.09425047222222223
0 0.60593769140625 0.4039306076388889 0.3040617421875 0.23839826527777777
0 0.063784740625 0.40600966388888887 0.12756948125 0.19265906388888887
3 0.6856202390625 0.37838794375 0.007796454687499921 0.02494865972222221
3 0.696145452734375 0.38185303749999994 0.010135391406249994 0.026334694444444452