4 0.06840803046875 0.2995465701388889 0.042238517187500005 0.15834341805555555
4 0.68040738125 0.5395103041666667 0.019282799999999954 0.04081015555555554
5 0.6370975957031251 0.10719467986111111 0.024792171093749982 0.12732769583333334
4 0.7575418125000001 0.12735958125 0.13454989687500002 0.05550181527777778
4 0.609536840234375 0.44618953055555555 0.023873946093750043 0.08651753888888894
0 0.54588689375 0.6194982152777778 0.01836457031250003 0.03101571666666661
0 0.45222757890625004 0.6194982166666667 0.016528114062499988 0.03428052777777779
0 0.4678374640625 0.6162334069444444 0.01836457031250003 0.027750908333333355
0 0.050961687109375 0.6660218006944444 0.058766630468750004 0.05223700416666672
4 0.09549577265625 0.49135431805555563 0.0321380015625 0.026118499999999992
4 0.09595488671875 0.5166566166666666 0.03489268593749999 0.024486097222222173
0 0.5723485820312499 0.6233798215277777 0.03213800156249995 0.047339784722222174
0 0.49889029453125 0.6152177902777778 0.04866611562500003 0.09304716388888884
0 0.427727577734375 0.6274608374999999 0.03672913984374997 0.06203144166666661
4 0.522231033203125 0.5556711319444444 0.012855200781249998 0.013059252777777728
4 0.55115523359375 0.554038725 0.013773429687499927 0.013059252777777806
4 0.9571489609375 0.3541695763888889 0.05855794843749997 0.03578772777777775
3 0.8420156140625 0.621130623611111 0.028465085937499877 0.11590085277777781
5 0.9872219863281251 0.45348249097222226 0.023873944531250045 0.05550181527777775
0 0.7844176453125 0.5957773118055556 0.027546857812500037 0.040810154166666654
0 0.041108662890625 0.8358239472222222 0.07804942890625 0.2775090833333333
0 0.008387803125 0.6546268402777777 0.01677560625 0.06856106666666667
5 0.6670615140624999 0.09972220972222223 0.0277512265625 0.13455140000000002