0 0.05472023984375 0.47893529097222226 0.10725633593749999 0.17542369583333337
0 0.10148400078125 0.4941895236111111 0.029173721875000003 0.11440675555555554
4 0.10405815390624999 0.39503700208333326 0.042902534375 0.06254236250000002
0 0.20487910937500003 0.5041047770833333 0.035180078125000014 0.048813548611111125
0 0.25421702421875 0.4903759659722222 0.0755084609375 0.06711863194444448
0 0.308274215625 0.49724037222222217 0.027457621875000005 0.03203389444444448
0 0.32758035742187497 0.4980030833333334 0.012870760156250017 0.024406775000000006
0 0.3674797140625 0.5079183368055555 0.013728810937500002 0.028983048611111114
0 0.383353652734375 0.5048674895833334 0.01801906640624997 0.04423728194444452
0 0.42496911015625 0.5285115527777778 0.08408896718749995 0.12203387500000001
0 0.503480745703125 0.5102064701388889 0.057489394531249974 0.0610169347222222
0 0.6339044515625 0.5285115506944444 0.160455478125 0.1830508097222222
4 0.7111290121093751 0.3851217493055556 0.01630296171875001 0.03355931527777779
4 0.71584829140625 0.43851157222222226 0.01716101406249999 0.03355932222222222