4 0.017340063671875 0.5368111715277778 0.027504928906250004 0.012755909722222233
5 0.056803657031249996 0.5336221944444445 0.01076279687499999 0.027637805555555575
5 0.251131959765625 0.5198032944444445 0.01435039921875001 0.021259844444444474
5 0.306380996484375 0.5429765472222223 0.009566932031249965 0.029763786111111065
5 0.30195628398437496 0.57061435 0.008371064843749965 0.017007877777777795
5 0.310925281640625 0.5706143520833333 0.007175199218750006 0.021259848611111132
5 0.394635936328125 0.5291576451388889 0.011958664843750012 0.019133862499999942
4 0.378491737890625 0.5323466215277778 0.02032973046875002 0.008503934722222163
5 0.351584743359375 0.5580710173611111 0.009566932031249965 0.02338583194444447
5 0.5536861769531249 0.5240552638888889 0.009566932031250008 0.019133863888888904
4 0.577603507421875 0.5261812486111112 0.019133863281250017 0.014881894444444457
4 0.48193418828125 0.5442521201388888 0.009566931250000011 0.008503937499999933
4 0.5112329164062499 0.54425211875 0.02032972968749993 0.03401575972222217
4 0.4855217875 0.57082693125 0.009566931250000011 0.010629923611111123
0 0.4843259203125 0.6165356055555555 0.021525596875000018 0.05527560555555553
0 0.23797742734375 0.6175985965277778 0.011958662500000017 0.01488189305555557
0 0.22482289765625 0.6101576493055556 0.014350398437500012 0.012755909722222233
0 0.21166836601562497 0.6144096215277778 0.011958664843749967 0.012755909722222233
0 0.191936568359375 0.6229135597222223 0.01793799609375002 0.021259850000000018
0 0.17758617187499998 0.6229135597222223 0.015546264062499992 0.021259850000000018
0 0.165029573828125 0.6250395451388889 0.016742132031250013 0.021259848611111132
0 0.145297776171875 0.6186615875 0.01793799609375 0.025511819444444386
0 0.06577265546875 0.6250395444444444 0.023917328125000005 0.025511819444444386
2 0.10284451523437502 0.6292915138888888 0.07175198984375 0.0637795472222222
0 0.027504928906249997 0.6569293159722223 0.05500985781249999 0.11055121250000002
0 0.326471547265625 0.6133466284722222 0.023917327343750027 0.04889765138888886
0 0.30673975078125004 0.6154726111111111 0.029896662499999983 0.061653558333333316
0 0.39104833710937503 0.6037796944444445 0.02870079453125003 0.042519697222222264
0 0.380883471875 0.6154726125000001 0.02032972968750002 0.04039371388888892
0 0.600922902734375 0.5995277270833334 0.013154530468750014 0.021259848611111132
0 0.5895621703125 0.6027167027777778 0.023917329687500023 0.03188976944444448
0 0.572222108203125 0.5963387479166666 0.013154530468750014 0.01913385972222225
0 0.783890473046875 0.6059056791666666 0.08490651953125009 0.05952757499999998
0 0.716921949609375 0.6016537118055556 0.06098918984374997 0.0637795458333334
1 0.65952036015625 0.5740159055555556 0.0992569171875 0.09354333333333334
0 0.94341908984375 0.6069686708333333 0.11121558124999993 0.12118113888888891
4 0.77001845078125 0.49216549236111107 0.05142225781249996 0.048897651388888935
4 0.7731276742187501 0.60909465625 0.013154531250000013 0.02338583194444447
4 0.7737256085937501 0.6356694694444444 0.011958665625000009 0.025511819444444386
0 0.5473651710937499 0.63096193125 0.07414372031249998 0.09141734861111112
0 0.43819964179687504 0.6405288631944444 0.09327758515625004 0.14456696805555552
0 0.3562827890625 0.6235209840277777 0.05859745937500001 0.08929136250000001
0 0.27436593398437503 0.6213949993055555 0.06696852109374998 0.08929136250000001
4 0.30494595117187495 0.50757888125 0.009566932031249965 0.01700787916666668