1 0.09163193750000001 0.3439988576388889 0.18326387500000002 0.6879977152777778
0 0.23346647890625 0.3769257006944444 0.043866353125 0.046790776388888886
4 0.267584753125 0.17503216458333332 0.014622117187500016 0.027727868055555542
4 0.360678902734375 0.17849814791666666 0.015596925781250003 0.027727868055555542
6 0.574649225390625 0.4020540805555555 0.00877327109374999 0.03465983611111112
6 0.59706980546875 0.38732365069444447 0.012672501562499949 0.04679077638888892
0 0.392847562109375 0.3751927090277778 0.03119385078125001 0.046790776388888886
0 0.45133603242187503 0.37345971736111117 0.02144577265625003 0.03639282638888888
0 0.337770918359375 0.36739424583333335 0.020470964843749995 0.027727866666666715
0 0.29926600937500003 0.36739424652777775 0.01754654218749998 0.020795901388888892
0 0.28123206367187503 0.3587292875 0.020470964843749995 0.02079590000000001
0 0.35434265195312503 0.3691272381944444 0.010722886718750014 0.020795901388888892
0 0.41283112265625005 0.3725932208333333 0.010722885937499971 0.024261883333333303
0 0.43183987578125 0.36739424583333335 0.00974807812500007 0.013863933333333339
0 0.467907766015625 0.36652775000000004 0.00974807890624998 0.012130941666666612