4 0.5411489128906251 0.43392826597222217 0.012614192968749993 0.024667756944444442
4 0.53988749375 0.4585960229166667 0.01261419375000008 0.024667756944444442
0 0.396085684765625 0.46980863819444446 0.020182710156249995 0.03363785138888886
0 0.3677037484375 0.47317242430555556 0.041626839062500046 0.06279065416666658
0 0.3449982 0.4642023291666667 0.0214441296875 0.06279065277777779
0 0.25606813359374997 0.4574747611111111 0.055502453125 0.0717607472222222
0 0.22705548750000001 0.4473834069444444 0.01009135468750002 0.024667758333333328
0 0.126772647265625 0.4496259284722222 0.06180954921875 0.07400327083333333
0 0.19110503515625 0.46644485416666664 0.092083615625 0.08970093333333334
0 0.314724134765625 0.473172425 0.07442374296875003 0.09418598055555552
0 0.43392826601562506 0.4989614416666667 0.08325367890625004 0.11436868888888883
0 0.07820800156249999 0.5026989930555555 0.15641600312499998 0.45074718888888893