0 0.29251754179687495 0.6895613513888889 0.01638098203124998 0.022881375000000048
0 0.27379641835937496 0.6958017243055555 0.030421824218749994 0.03952236805555553
0 0.165564929296875 0.690601413888889 0.017551052343750005 0.02080124722222223
0 0.115836946484375 0.6968417875 0.02106126328125 0.03328199444444435
4 0.244544664453125 0.6250774861111111 0.014040841406250015 0.022881375000000048
4 0.244544664453125 0.6458787305555556 0.014040841406250015 0.01872112222222218
5 0.322939366015625 0.6396383569444445 0.007020421093749984 0.018721125000000033
5 0.360381611328125 0.6292377340277778 0.007020421093750029 0.018721123611111147
0 0.31299376953125 0.6843610409722222 0.010530631249999978 0.008320501388888839
4 0.360381612109375 0.6479588562499999 0.02574154296875002 0.018721120833333296
4 0.417715049609375 0.6375582347222222 0.016380982031250026 0.01872111944444449
0 0.4171300140625 0.6521191069444444 0.015210910937499999 0.010400625
4 0.417715049609375 0.6552392951388889 0.016380982031250026 0.008320498611111147
5 0.43994638281250004 0.6427585458333334 0.007020421875000071 0.016640999999999986
5 0.4539872246093751 0.6344380465277778 0.007020421093749984 0.020801248611111114
7 0.46978317109375 0.6968417895833333 0.01287077187500003 0.020801248611111114
4 0.532381926171875 0.6583594819444444 0.011700700781250007 0.022881374999999968
4 0.47036820703124993 0.43994638263888886 0.07722463124999993 0.1476888541666666
4 0.5715792769531249 0.4721883152777778 0.10647638515624998 0.09152548888888887
0 0.613701803515625 0.7176430361111111 0.059673577343749964 0.06240374166666661
0 0.36175887578125004 0.7051622888888889 0.0596735796875 0.07072424166666672