4 0.017003554296875 0.3437328402777778 0.01367296328125 0.035526330555555596
4 0.368293541015625 0.4390929979166666 0.013672963281250006 0.02804710694444444
4 0.448243734375 0.4241540270833334 0.010517664062500032 0.018698068055555538
5 0.55994533828125 0.41406751736111114 0.006739321874999949 0.012693790277777752
0 0.21475158789062504 0.4428520958333334 0.05258832109375002 0.03365652499999996
0 0.253666946875 0.44939642222222226 0.025242395312499964 0.035526333333333326
0 0.250511645703125 0.4419171951388889 0.050484788281249984 0.04674517361111109
0 0.277857573828125 0.44098229097222225 0.021035328906249973 0.04113575694444446
0 0.37304243632812495 0.45781055486111105 0.028397694531249983 0.018698068055555538
0 0.46770141406249993 0.4624850715277778 0.015776496875000046 0.01682826249999994
0 0.42089780625 0.4624850729166667 0.031552992187500004 0.020567876388888903
0 0.5456217437499999 0.47249436319444443 0.01625866718750002 0.02188839027777776
2 0.10895344375 0.39433799166666667 0.2179068875 0.15686203888888886
2 0.761144247265625 0.3306636777777778 0.25347570859375007 0.5833797805555555
2 0.8999774148437499 0.3559060736111111 0.1966803203125 0.7086568444444444
1 0.615474597265625 0.4456568083333333 0.054691853906249935 0.12901668333333335
0 0.578090267578125 0.4668907993055556 0.015776496093750047 0.03178671805555556
5 0.5398833906249999 0.409420875 0.004781960937499985 0.017002527777777724
0 0.5030622914062499 0.463035525 0.022953412499999982 0.013602022222222211