4 0.05279809101562501 0.3334851590277778 0.08775254453125 0.14988669861111115
4 0.270044596484375 0.5963179527777778 0.02810375234375 0.01121601944444445
4 0.4422039957031251 0.6126321486111111 0.016059288281250073 0.033648033333333334
4 0.2220579109375 0.5647091958333333 0.013191559374999962 0.007137472222222148
4 0.21861663554687497 0.6146714222222223 0.013191563281249995 0.007137458333333294
4 0.22148436406250002 0.6253776208333334 0.013191559375000005 0.010196380555555606
0 0.23204033945312502 0.7027486708333333 0.05620751171874998 0.06831570555555552
0 0.18787729453125 0.7154941395833333 0.061942971874999996 0.06933534305555547
0 0.12880205078125 0.7277297916666667 0.06653133593749999 0.08157099999999996
0 0.09324220117187501 0.7319540229166667 0.036706950781250004 0.07545315972222223
0 0.044490787500000004 0.7528701659722222 0.08717899999999999 0.16011022083333326
0 0.40246545468750006 0.6869442909722222 0.012618015625000024 0.020392745833333316
0 0.39300194375 0.6859246597222223 0.01089737500000001 0.02243203055555551
0 0.37722942734375 0.6884737493055556 0.02408893437499997 0.02753020972222215
0 0.43233082031250003 0.6838853833333333 0.01089736874999998 0.024471305555555586
0 0.53831394921875 0.6874541104166667 0.017206381250000024 0.03160875972222223
0 0.48640803281250006 0.6827200840277778 0.012044467187500008 0.01631419861111117
0 0.4531423648437499 0.6842495409722222 0.0120444703125 0.01325528472222225
0 0.472069379296875 0.6822102694444444 0.01204446171875002 0.021412394444444437
0 0.461745553125 0.6842495409722222 0.008603190624999969 0.01325528472222225
0 0.35092824375 0.6992527861111111 0.03900113437500004 0.045883680555555625
0 0.4203273136718749 0.6880367798611111 0.018353474218749978 0.023451668055555628
0 0.508407605859375 0.7058804291666666 0.050472050781250034 0.06933534444444436
7 0.575430558984375 0.7216119638888888 0.016059288281249983 0.03466767222222226
5 0.559821928515625 0.5884036222222223 0.006309010156249961 0.019373102777777814
0 0.924112995703125 0.769377220138889 0.12216530390624988 0.15498488472222227
0 0.9803205097656249 0.7800834152777778 0.03728049765625006 0.1825150972222222
1 0.49225891875 0.6597661965277778 0.10323828749999997 0.03364802638888891
2 0.718810015234375 0.6214928930555556 0.28218465078124993 0.5546827472222222