5 0.4345803863281249 0.1961717326388889 0.009228510156250013 0.04453121805555558
5 0.6811134195312499 0.21140609722222223 0.014501943749999935 0.05624996111111113
5 0.5987160160156251 0.26062481319444447 0.010546867968750017 0.04218747083333333
5 0.7813086632812499 0.20906234930555556 0.00922850781249993 0.03281247638888887
5 0.197935040625 0.2711716819444444 0.015820301562500028 0.05859371111111109
5 0.37129917890624997 0.3004685368055556 0.009228507812500019 0.046874968055555556
5 0.427988593359375 0.1938279826388889 0.006591792968749921 0.03046872638888891
5 0.44249053671875 0.1903123625 0.009228509375000016 0.03281247777777777
5 0.7911963515625 0.2055467277777778 0.007910150000000015 0.025781233333333337
5 0.675180805859375 0.2723435548611111 0.015820302343749936 0.02812498194444445
5 0.696274541796875 0.26648418402777774 0.007910150781250014 0.035156226388888906
5 0.20518601171875 0.2160935944444444 0.014501943749999979 0.028124980555555564
5 0.18606981406249998 0.21492171875000002 0.013183584375000001 0.03515622638888887
5 0.164976079296875 0.14578114236111112 0.013183583593750003 0.046874968055555556
5 0.15245167421875 0.14812489236111112 0.011865226562499998 0.05624996249999999
5 0.0825786734375 0.30164041041666667 0.009228507812500009 0.02578123194444441
5 0.0674175515625 0.3063279083333333 0.013183584375000001 0.025781233333333337
5 0.06544001328125 0.27117168124999996 0.009228507812499998 0.03046872916666668
4 0.06939508984375001 0.20789047430555554 0.0250488109375 0.04453121805555556
4 0.200571757421875 0.17624987083333335 0.023730452343749976 0.042187469444444466
4 0.831406284765625 0.24539044930555556 0.01186522578125011 0.011718743055555534
4 0.8353613593750001 0.25476544166666665 0.017138657812500034 0.011718741666666688
5 0.8340430019531251 0.2922654173611111 0.014501942968749936 0.02578123194444445
4 0.37063999921875 0.24539044930555556 0.013183584375000024 0.03046872916666668
4 0.60596698671875 0.23601545555555556 0.01186522656250002 0.011718741666666688
4 0.8070166531249999 0.21726546805555552 0.036914037499999976 0.021093733333333337
3 0.011387318359374999 0.3625778694444444 0.01450194296875 0.0632812055555556
0 0.30538125625 0.34148413263888894 0.014501943749999979 0.02578123194444445
0 0.283628341015625 0.3496872534722222 0.01845701796874999 0.018749987499999992
0 0.3422952921875 0.3332810138888889 0.014501943749999979 0.018749986111111106
0 0.397007169140625 0.34031225833333334 0.013183583593750025 0.023437483333333335
0 0.42403351796875005 0.3637497430555555 0.04350582968749998 0.06093745833333336
0 0.559824440234375 0.33210914027777777 0.01713866015625003 0.021093733333333337
0 0.573008025 0.3356247625 0.01186522656250002 0.023437483333333335
0 0.58289571328125 0.3356247625 0.015820301562499937 0.023437483333333335
0 0.59673847734375 0.3391403840277778 0.025048810937500044 0.02578123194444445
0 0.619809750390625 0.3379685118055556 0.021093735156250036 0.02812498194444445
0 0.63563005234375 0.3379685118055556 0.013183584374999936 0.03281247638888891
0 0.66858901328125 0.3473435048611111 0.013183584375000024 0.028124981944444412
0 0.738462012890625 0.353202875 0.055371055468750006 0.06796870277777782
0 0.035117770703124995 0.36609349166666666 0.05141598046875 0.046874969444444484
0 0.09971733515625 0.36023412013888895 0.038232396875 0.04453121805555556
0 0.64881363671875 0.3473435048611111 0.03427732031250006 0.046874968055555556
0 0.5024758464843749 0.40359346458333334 0.11074211015625002 0.17812487638888888
0 0.37129917890625 0.37898410833333335 0.07250971718749999 0.09609368333333335
0 0.21309616328125003 0.3883591020833333 0.1252440546875 0.13359365694444444