5 0.50972681796875 0.24539044791666664 0.009228507812500019 0.04453121805555556
5 0.58816914765625 0.3801559826388889 0.010546868750000016 0.01874998750000003
5 0.37195835859375 0.19265610972222222 0.01054686718750002 0.05624996111111113
5 0.25923870937500004 0.3192185236111111 0.011865226562499975 0.04687496666666667
5 0.379868508984375 0.18914048819444446 0.007910150781250014 0.053906212500000016
5 0.5769631000000001 0.38015598194444444 0.00922850781249993 0.028124980555555606
4 0.094443900390625 0.37664036041666665 0.014501942968749992 0.03046872916666672
4 0.083897033203125 0.23015608541666666 0.027685527343749995 0.03749997638888891
4 0.27044475625 0.32859351597222225 0.007910150000000015 0.02343748194444445
4 0.57432638359375 0.36023412083333334 0.01186522656250002 0.016406236111111108
0 0.39437045234375 0.4469528097222222 0.013183584374999979 0.035156224999999985
0 0.3864603015625 0.44695281111111107 0.015820301562499983 0.04453121944444444
0 0.374595075 0.4469528097222222 0.021093735937500035 0.05390621111111113
0 0.3548196984375 0.4551559312500001 0.036914037499999976 0.056249962500000014
0 0.321201557421875 0.46101530069444446 0.04086911171874998 0.10546867638888892
0 0.28033244492187503 0.4692184201388888 0.07778314921875 0.14062490416666668
0 0.20716355000000003 0.49499965277777774 0.13710928125000002 0.17812487777777777
0 0.4068948578125 0.4504684340277778 0.025048810937500044 0.042187473611111095
0 0.424692697265625 0.44812468611111106 0.02109373515624995 0.042187472222222216
0 0.45765165976562494 0.41882782916666667 0.036914036718750064 0.016406236111111146
0 0.611899599609375 0.4985152756944444 0.10019524296875 0.11953116805555553
0 0.7496680605468751 0.5465621180555555 0.2096189960937501 0.22031235
6 0.195957502734375 0.5711714743055556 0.06196284765625002 0.17578112916666666
0 0.08644311484375 0.5840620909722222 0.1728862296875 0.32343727916666665
0 0.8742529355468751 0.6308774013888888 0.25048811015625005 0.4923064777777777
0 0.4701760640625 0.50671839375 0.10942375156250002 0.1687498847222222
3 0.545981676171875 0.4481246847222222 0.013183583593750025 0.06093745833333336