4 0.66024296484375 0.3589340194444445 0.04133695156249999 0.05171371666666672
5 0.27213492734375 0.4439894736111111 0.014544482812499959 0.04082661944444447
5 0.28400016250000004 0.4433090284722222 0.007654990624999991 0.03674395416666666
5 0.57106232109375 0.3732233361111111 0.012247984374999988 0.05443549444444448
5 0.586372303515625 0.3732233361111111 0.016840980468750023 0.05443549444444448
5 0.20324000859374997 0.46848544374999995 0.011482485937499986 0.03810484305555559
5 0.46044770273437496 0.5773564250000001 0.005358492968750017 0.013608872222222207
5 0.403418020703125 0.5766759826388889 0.003061996093749997 0.012247987500000019
4 0.542356105859375 0.5841608604166667 0.013013483593749963 0.01905241805555562
0 0.4018870234375 0.6243070361111112 0.007654990624999991 0.017691533333333353
0 0.39729402812500003 0.6256679208333333 0.007654990625000036 0.014969761111111129
0 0.38849078867187503 0.6249874784722221 0.011482486718750008 0.016330648611111165
0 0.377008301171875 0.6304310298611111 0.008420489843750012 0.010887101388888867
0 0.358253574609375 0.6345136909722222 0.010716988281249984 0.019052423611111084
0 0.349833084765625 0.6365550222222223 0.013778983593749983 0.02585685833333334
0 0.33873334765625 0.6331528013888889 0.011482485937500009 0.029939522222222178
0 0.33299210546875 0.6392767958333334 0.007654990625000036 0.028578633333333336
0 0.32304061484375 0.6365550222222223 0.013778984375000025 0.03946573611111116
0 0.29701364609375 0.6372354652777777 0.045929945312499984 0.06532258888888888
0 0.096452886328125 0.6644532104166667 0.09032889453125 0.11159275694444445
0 0.435951732421875 0.6236265909722222 0.009951488281249966 0.01360887361111117
0 0.424469245703125 0.6263483652777778 0.013013483593750052 0.019052422222222275
2 0.40915926484375 0.61410038125 0.019137476562500044 0.04082661805555551
0 0.49604341171875 0.6249874791666667 0.018371979687499974 0.02721774444444449
0 0.49795715742187496 0.6304310263888889 0.009951488281249966 0.024495972222222186
0 0.508291395703125 0.6331528034722222 0.010716988281250029 0.027217743055555528
0 0.5174773855468751 0.6358745777777778 0.012247985156249985 0.038104847222222245
0 0.527811623046875 0.6406376847222223 0.01607548046875005 0.039465730555555543
0 0.5369976121093749 0.641318125 0.009951488281250054 0.04627016944444446
0 0.544652602734375 0.6419985708333333 0.014544482031250005 0.04490927777777776
0 0.47575768554687503 0.632472361111111 0.031385463281250026 0.04763105833333338
0 0.5725933207031251 0.6426790145833333 0.044398947656249986 0.06804436527777777
0 0.207450253515625 0.683845854861111 0.16534780390625 0.17691534305555556
0 0.035212957421875 0.6763609736111111 0.06889491796875 0.14289316111111106
2 0.8218664359375001 0.6413314152777778 0.3531014062500001 0.5409792694444445
4 0.6567982195312501 0.4824345388888889 0.01607547968750005 0.0394657333333334