4 0.198578849609375 0.4591251875 0.04927578671874999 0.09855157499999999
4 0.4263706808593749 0.4519740451388889 0.014958721093749983 0.01720741805555556
4 0.4298903808593749 0.4378952479166666 0.009679172656249957 0.01720741805555556
4 0.616651289453125 0.4043743131944445 0.007039399218749942 0.014078795833333322
4 0.584094074609375 0.4231460409722222 0.008799247656249953 0.010950173611111088
4 0.6157713648437501 0.4301854395833333 0.005279549999999933 0.012514484722222205
4 0.6223708015625 0.44035345833333334 0.009679171874999958 0.014078794444444438
4 0.5625359171875 0.4239281972222222 0.011439021874999965 0.015643108333333326
4 0.49698152265625 0.4630359631944444 0.010559098437500048 0.012514487499999977
5 0.491107994140625 0.4504097347222223 0.009679172656250045 0.017207416666666673
0 0.3238123125 0.5336906701388888 0.11263036875000002 0.16112400138888894
0 0.3779276859375 0.5000579916666666 0.023757968750000025 0.01877172777777779
0 0.4122447503906249 0.49849368125000004 0.014958721093749983 0.01564310694444444
0 0.399485842578125 0.5008401472222223 0.01407879609374998 0.014078797222222208
0 0.55039293828125 0.4797219527777778 0.016718570312499993 0.015643105555555554
0 0.5336743683593751 0.482850575 0.016718569531249994 0.01877173055555556
0 0.5503929390625 0.45860375833333333 0.009679171874999958 0.017207416666666673
0 0.5398338421875 0.46173237986111104 0.009679171875000048 0.014078795833333322
0 0.532794443359375 0.4640788465277778 0.011439021093749968 0.012514487499999977
1 0.57371094453125 0.4570394479166667 0.015838645312500076 0.03597914583333335
0 0.560072111328125 0.45938591319444444 0.009679172656249957 0.012514487500000055
0 0.5935092523437501 0.4687717784722223 0.013198870312500065 0.02190035138888891
0 0.57547079453125 0.4805041090277778 0.012318945312500062 0.01720741805555556