0 0.053596578906250004 0.07428903958333334 0.0695793375 0.02345970138888889
0 0.2437401125 0.08175348958333334 0.02279323125000001 0.017061601388888882
0 0.22634527851562503 0.09135063888888888 0.03119073828125001 0.0362559
0 0.282728536328125 0.09348333888888888 0.019194300781249972 0.0277251
0 0.310320341015625 0.0902842888888889 0.019194300781250017 0.025592399999999998
0 0.33611268085937496 0.08815158888888888 0.020393942968750033 0.02985779999999999
0 0.36790324140625 0.09241698958333333 0.01199643749999999 0.017061601388888903
0 0.38589789765625 0.0998814388888889 0.019194299999999977 0.03625589999999999
0 0.44408061875 0.10521318888888889 0.02279323125000001 0.0383886
0 0.41828827890625 0.12120844027777777 0.05038503750000003 0.07037910277777779
0 0.1693622 0.08601888888888888 0.06598040625000001 0.0767772
0 0.122576093359375 0.10308048958333332 0.07797684453125 0.07677720138888888
4 0.8369639492187501 0.03803313888888889 0.033590026562499986 0.044786700000000006
4 0.7709835437500001 0.05509473958333333 0.016795012499999994 0.027725101388888885
4 0.7721831878906251 0.014217994444444444 0.019194300781250017 0.02843598888888889
3 0.6852090140625 0.09881508888888887 0.010796793749999978 0.042654
3 0.664215248828125 0.09881508888888887 0.009597150781250008 0.025592400000000008
3 0.6528186328125 0.0977487388888889 0.008397506250000042 0.023459700000000003
3 0.6324246890625 0.09988143819444445 0.008397506250000042 0.019194298611111115
3 0.6240271828124999 0.09881508888888887 0.008397506249999954 0.021327000000000002
3 0.6180289636718751 0.09561603819444445 0.010796792968749979 0.019194298611111115
3 0.57604143203125 0.09988143958333333 0.008397506250000042 0.02345970138888889
0 0.55204855703125 0.10308048819444444 0.020393943749999987 0.0255923986111111
0 0.474736049609375 0.09891417569444445 0.010296608593750011 0.015254234722222234