5 0.37675909414062503 0.24379805625 0.015616957031250012 0.06073261249999998
5 0.3591900171875 0.305398275 0.01952119687499998 0.027763477777777764
4 0.37578303437500005 0.3374997986111111 0.017569076562499973 0.026028258333333318
4 0.5207279203125 0.3435730590277778 0.008784539062500051 0.013881737499999975
4 0.8442917523437501 0.26375305694444445 0.013664837499999827 0.020822611111111104
4 0.972643619140625 0.22644588055555556 0.028305735156249946 0.07114391666666664
5 0.940433644921875 0.09456935347222221 0.026353614843749894 0.08502565694444446
0 0.595396495703125 0.3713365409722223 0.013664836718750007 0.02082260972222222
0 0.580267568359375 0.37654219236111114 0.01464089765625003 0.024293043055555488
4 0.563674551171875 0.3392350159722222 0.016593016406249994 0.01214652361111111
4 0.6725052222656249 0.33663218958333335 0.009760597656249991 0.02082260972222222
0 0.614917692578125 0.36960132222222225 0.007808478906250027 0.024293044444444453
0 0.62126208125 0.3713365409722223 0.008784540625000049 0.02082260972222222
0 0.631998738671875 0.3774098006944445 0.016593016406249994 0.039910001388888915
0 0.684705970703125 0.38521827986111107 0.02440149609375002 0.06246782916666665
0 0.714963825 0.3886887152777778 0.05368329062499999 0.07634956944444443
0 0.748149859375 0.4008352381944445 0.06539600937500004 0.07982000416666664
0 0.787680281640625 0.3453082763888889 0.040994511718749925 0.03817478333333335
3 0.8557798796875 0.3398537743055555 0.01321565781249987 0.01685447361111111
3 0.8457558429687498 0.38608588888888895 0.012688778124999977 0.057262177777777784
0 0.921400478125 0.41124654097222224 0.15616957187500002 0.16311044305555558
4 0.545129415234375 0.36092523541666666 0.016593016406249994 0.020822609722222177
0 0.55489001328125 0.3921591493055555 0.014640898437500027 0.034704345833333386
0 0.5373209363281249 0.39736480069444446 0.032209975781249955 0.04858609027777779
0 0.5275603375 0.40777610625 0.03611421406249997 0.05205652361111106
0 0.460700239453125 0.4962721965277778 0.18349924765624998 0.23598957638888887
0 0.781335893359375 0.4181874104166667 0.07906084609375004 0.08329043749999998
0 0.920912449609375 0.5309765472222222 0.15714563203124995 0.4580974138888888
0 0.309410965234375 0.40604088958333334 0.02537755546875 0.02776348194444446
0 0.2742728125 0.40951132361111114 0.029281795312500015 0.038174783333333316
0 0.22595785078125 0.42339306527777776 0.03611421249999998 0.03470434999999997
0 0.15812169140625 0.42686349930555556 0.06441994843749999 0.05552695972222226
0 0.09662992265625 0.4216578479166666 0.03318603281250001 0.03123391527777773
0 0.050267080859375 0.4346719777777778 0.07515660546875 0.05379174166666666
0 0.012688777734375 0.43727480486111114 0.02537755546875 0.06246782916666665
4 0.8590918125 0.36140599444444443 0.009228509375000016 0.018749986111111106
0 0.6521095328125 0.38718722708333336 0.04086911250000007 0.07031245138888889