1 0.19245655585937502 0.6025980583333334 0.20939561640624998 0.23322242777777782
3 0.04297836015625 0.6653887145833333 0.018921290624999997 0.08073083749999997
1 0.339952522265625 0.6290277944444445 0.03910400078125002 0.047092994444444494
0 0.32355406992187496 0.6548168166666667 0.034058322656249994 0.04709299444444442
0 0.34663804804687504 0.6593018611111111 0.019678150781250014 0.033637849999999976
0 0.45221884453124994 0.6559380770833333 0.00882993593750001 0.02915280138888884
0 0.492584266796875 0.6593018597222222 0.02396696796875002 0.031395327777777815
0 0.46622060976562507 0.6593018611111111 0.02018271015624995 0.02691028055555557
0 0.5159205265625 0.6626656451388888 0.03531974218749996 0.03812289861111111
0 0.26048309960937505 0.6572996090277777 0.09965213203125001 0.11837319583333325
2 0.40554632890625 0.6335128423611112 0.08703793750000002 0.16370420416666667
1 0.857260615234375 0.48550630277777784 0.28255793828125003 0.6256640111111111
5 0.665398721875 0.46308106875000005 0.008829934375000015 0.0358803736111111
5 0.654045946484375 0.46420232986111115 0.008829935156250013 0.03363785138888886
5 0.087668646484375 0.4361707875 0.011352774218750005 0.03588036944444444
5 0.072531615234375 0.4350495263888889 0.01387561328125 0.042607944444444476
5 0.6737240972656251 0.5678069180555555 0.013875613281250043 0.01794018611111115
5 0.6592177734375 0.5000827027777777 0.022705548437499966 0.013455138888888898
5 0.661109902734375 0.5325992895833332 0.016398450781249973 0.042607943055555514