0 0.2905283984375 0.5142268902777778 0.03363402656250001 0.04948454166666667
0 0.268492312109375 0.5193815326388889 0.03131443828125002 0.04329897638888885
0 0.24123715351562502 0.5235052423611112 0.032474232031250015 0.055670109722222194
0 0.20876292109375 0.523505245138889 0.041752584375 0.06391753750000007
0 0.1617912640625 0.5296908104166667 0.06378867031249999 0.0804123819444445
0 0.082925271484375 0.5410310201388888 0.11481960703125 0.09896908750000001
0 0.00985824921875 0.5616495798611111 0.0197164984375 0.08247424027777774
0 0.46391760234375 0.44721656875 0.009278351562499943 0.022680415277777793
1 0.45173976484375 0.4474227534722222 0.01971649687500001 0.028865981944444424
0 0.45231966250000005 0.46494853125 0.013917528125 0.022680418055555564
0 0.433183061328125 0.46597945763888887 0.01739691015625002 0.028865981944444504
0 0.446520692578125 0.4958763708333333 0.01855670546874997 0.03917526388888888
0 0.481894408984375 0.4453608986111111 0.010438144531249981 0.024742272222222222
0 0.46507739609374993 0.4958763694444444 0.030154643749999988 0.04742268611111113
0 0.532925345703125 0.5336083409722222 0.11481960703125002 0.18144332638888894
5 0.33576036445312496 0.4639176020833333 0.010438146093750022 0.02061855972222225
5 0.369974287890625 0.42989697847222225 0.009278352343749985 0.01855670416666663
5 0.40360831406250003 0.4185567694444444 0.009278351562499986 0.012371136111111111
5 0.42332481171875 0.4154639854166667 0.006958764062499956 0.01855670416666663
5 0.43550264960937496 0.4123712027777778 0.005798971093750005 0.016494850000000047
5 0.49581193749999997 0.4268041944444445 0.012757734374999963 0.012371136111111111
4 0.0075386609374999995 0.4243299659722223 0.015077321874999999 0.05360825416666665
4 0.12467785546874999 0.4377320284722222 0.015077321875000016 0.05567011250000004
4 0.5596006078125 0.3779382048611112 0.015077321875000039 0.022680415277777793
4 0.676159905078125 0.23051549999999998 0.032474232031249974 0.08659795277777778
3 0.709561994921875 0.49896915416666665 0.03943299609374993 0.18556704166666668
0 0.31604386679687496 0.5061856506944445 0.012757735156250005 0.022680415277777793