0 0.3696959 0.4908243333333333 0.009465898437500009 0.01308865000000002
0 0.3802135640625 0.4936290451388889 0.011569429687499966 0.014958456944444422
0 0.35339352109375 0.4983035618055556 0.01893179531250002 0.01682826250000002
2 0.336565257421875 0.4870847194444445 0.02524239453125001 0.03926594722222229
0 0.313426395703125 0.5011082715277778 0.014724730468750025 0.02243768194444442
0 0.29449460078125 0.5001733687500001 0.023138862499999968 0.020567876388888903
0 0.272933387890625 0.49736865902777777 0.017880030468749995 0.02243768472222219
2 0.23093503789062497 0.49475092430555556 0.05588823515625001 0.043379518055555545
0 0.169860277734375 0.5057827881944444 0.04522595546875001 0.03552633194444444
2 0.06573540117187501 0.49175923888888884 0.10622841015625 0.07853189166666673
0 0.42123245585937497 0.49923846597222227 0.011569430468750053 0.01495845416666673
0 0.44647484960937495 0.49736865902777777 0.009465899218750008 0.014958456944444422
0 0.42754305234374995 0.4870847201388889 0.013672960937500011 0.01682826805555556
0 0.43543130156250004 0.5048478861111111 0.01893179531250002 0.029916911111111076
0 0.46014781289062495 0.4983035618055556 0.00946589765625001 0.01682826250000002
0 0.496959637890625 0.5001733687500001 0.007362364843749969 0.020567876388888903
2 0.47960549179687495 0.5057827868055556 0.031552992968750006 0.054224401388888864
0 0.507477301953125 0.5020431756944445 0.013672963281250006 0.024307490277777788
0 0.5206243828125 0.5076525972222222 0.023138862500000013 0.03178671666666667
2 0.527986747265625 0.4842800118055555 0.02734592734375001 0.056094212500000004
0 0.404930074609375 0.49456394722222224 0.012621196093749986 0.01308865000000002
0 0.392308878125 0.5525279638888889 0.09045191249999998 0.11031861111111109
0 0.593196264453125 0.5085874986111111 0.03996712421875 0.048614980555555576
0 0.62264572578125 0.5543977715277778 0.08834837968749998 0.11031861250000005
4 0.525883214453125 0.43005560555555555 0.02944946015624996 0.029916911111111076
4 0.6313302992187501 0.39961327222222215 0.06435380156250003 0.03203389444444448