3 0.041827098046875 0.5886309854166667 0.027315669531249996 0.14082745138888894
3 0.9452928667968751 0.6141256104166667 0.05599712265624994 0.18696058194444448
3 0.6646243625 0.5619223319444444 0.016389401562499996 0.06312954722222225
3 0.22757365117187503 0.5655644194444445 0.013657835156249964 0.0801259638888889
5 0.3183982515625 0.5039957756944444 0.009560484374999989 0.02428059583333335
5 0.352542837890625 0.4408662291666666 0.006828916406250008 0.02913671388888888
5 0.593603621875 0.4238698111111111 0.008194699999999954 0.024280594444444463
4 0.7493029378906251 0.4356632361111111 0.021852535156250054 0.024280594444444463
4 0.8899786359374999 0.21228176111111113 0.03277880312499999 0.058273427777777796
4 0.8940759863281251 0.2879429388888889 0.0600944726562501 0.09304892777777778
4 0.62433375078125 0.41259667152777774 0.02048675156250006 0.02185253749999995
4 0.6234972179687499 0.4416987048611111 0.02489138281250005 0.03149541250000006
4 0.5246315562499999 0.47936830694444443 0.01502361875 0.01942447777777774
4 0.2262078671875 0.4672280097222223 0.01365783437500001 0.024280594444444383
0 0.29381415 0.6226238180555556 0.13794413125 0.16510804722222222
0 0.4529279234375 0.565564420138889 0.057362906250000026 0.10440655972222225
0 0.517802638671875 0.5522100923611112 0.03414458671874998 0.05827342916666664
0 0.38532164140625 0.5522100923611112 0.03960772031250004 0.05827342916666664
0 0.4105886359375 0.541283825 0.019120968750000068 0.05584536944444444
0 0.421514904296875 0.5388557645833334 0.01365783515625001 0.03156477361111109
0 0.42697803789062505 0.5412838243055555 0.01365783515625001 0.03156477361111109
0 0.476829134765625 0.5473539729166667 0.023218319531249955 0.048561190277777735
0 0.49321853671875004 0.5424978541666666 0.02048675312499997 0.02913671388888888
0 0.439645700390625 0.5256748833333333 0.017755185156249985 0.016996413888888878
5 0.517495358984375 0.508435661111111 0.00956048515625003 0.01942447777777774
4 0.326073224609375 0.4696407576388889 0.01462211796874997 0.010397951388888929
0 0.35726707539062497 0.54589239375 0.02631981171875002 0.045057784722222195
3 0.5863469195312501 0.54849188125 0.006823654687500014 0.05372274305555559
3 0.579523264453125 0.5467588895833333 0.0068236554687500115 0.046790776388888844
3 0.559052299609375 0.54069341875 0.0068236554687500115 0.031193851388888857
3 0.5741618210937499 0.5441594020833334 0.005848846875000024 0.04159180138888882
0 0.16864175742187498 0.5554238479166667 0.06238770234375 0.04332479305555555