4 0.248389779296875 0.4943879763888889 0.007748727343749984 0.01989796666666671
4 0.49032228671875 0.47755123541666666 0.007748726562500074 0.022959193055555556
4 0.49032228671875 0.4997451229166667 0.011192606250000025 0.024489812499999965
4 0.461049315234375 0.4561226534722222 0.0060267898437500024 0.022959195833333407
0 0.4289351390625001 0.49591859097222224 0.017219396875000025 0.0244898069444445
0 0.411715743359375 0.5081634923611111 0.006887758593749993 0.01836735416666665
0 0.40181459023437505 0.5096941041666666 0.01463648828124997 0.01836735277777777
0 0.394926832421875 0.51122471875 0.01980230390624995 0.02448980694444442
0 0.39105246992187503 0.5135206381944444 0.01549745546875001 0.019897968055555517
0 0.387178103515625 0.5127553319444444 0.014636485156250023 0.0214285805555555
0 0.375124528515625 0.5150512513888889 0.01808036484375002 0.02908164722222221
0 0.949305304296875 0.5158165569444445 0.049936246093750115 0.05816329166666666
0 0.918310393359375 0.5173471701388889 0.056824005468750015 0.04591839027777777
0 0.8593339636718749 0.5196430902777778 0.08351406796875001 0.04744900000000006
0 0.8029404429687499 0.5081634944444444 0.05338012656249998 0.055102066666666616
0 0.75429564921875 0.5173471715277779 0.054241095312499966 0.04897961527777781
0 0.34912324296874997 0.50969410625 0.03702170156250002 0.027551031944444464
0 0.42359712812500006 0.5091839055555556 0.02410715156249994 0.030612261111111157
3 0.863552683984375 0.5436226944444444 0.03271685234374999 0.15153067777777776