3 0.1995940203125 0.5210347131944444 0.017206381250000003 0.055060420833333346
0 0.9033350105468749 0.5506041958333333 0.18812310078125005 0.3670694638888889
7 0.736433112109375 0.511857975 0.03785403984375 0.11419938888888884
7 0.793787716796875 0.5251132618055555 0.07685516953125004 0.12439576249999994
4 0.8740841613281252 0.2793806465277778 0.09291445703125004 0.14274923472222223
4 0.8637603328125 0.05200150833333334 0.08144353750000004 0.08768881666666667
4 0.74503630390625 0.2753020986111111 0.03441276250000005 0.040785494444444445
4 0.7473304871093751 0.3232250534722222 0.03211857890624996 0.05913896805555557
4 0.86376033203125 0.14886705972222222 0.07914935312499996 0.1101208388888889
4 0.420982791796875 0.41637392986111116 0.03555985390625001 0.0482188541666666
0 0.084884813671875 0.5669183951388889 0.16862253515625 0.14682778472222222
0 0.2517867109375 0.5210347131944444 0.06653133906250001 0.055060420833333346
0 0.390101563671875 0.5085992381944444 0.024269449218749982 0.042425118055555565
0 0.544295190234375 0.5006419638888889 0.029824394531249965 0.050981869444444466
1 0.6085323460937501 0.4761706659722222 0.10782665468750005 0.1855740069444444
0 0.4651458375 0.5679380319444445 0.16747544531250003 0.22635950277777775