5 0.27177638593750003 0.4057106333333334 0.011190792187500031 0.04121053888888887
5 0.591113641015625 0.4277369534722223 0.00719408046875003 0.028421059722222156
5 0.305748434375 0.4959474986111111 0.008792765625000021 0.02842105833333335
5 0.2633832921875 0.4050001048611111 0.005595395312499996 0.04831580416666665
5 0.28056915234375 0.40713168541666667 0.004796053125000021 0.029842112499999966
5 0.582720546875 0.42489484652777776 0.007993423437500003 0.031263162500000004
5 0.7473850636718751 0.42134221388888893 0.012789477343750022 0.04405264166666664
5 0.76896730546875 0.46184222569444444 0.014388162500000056 0.025578954166666692
4 0.178253334765625 0.4106843166666667 0.022381583593749997 0.017052636111111102
4 0.190643141015625 0.29771060416666667 0.02957566484374998 0.06394738611111109
4 0.65945740859375 0.4206316888888889 0.015986845312500008 0.02842106111111104
2 0.38128628398437503 0.5250790840277778 0.030375008593749975 0.027000006944444502
0 0.33692278515625 0.5641580430555556 0.027976981249999967 0.03978948333333337
0 0.371294505078125 0.5655790937499999 0.05355593515624997 0.05968422638888889
0 0.5775248226562499 0.5513685666666667 0.0215822421875 0.05400001388888885
0 0.551146525 0.5563422506944445 0.03437172031250002 0.1179473986111111
3 0.70501992109375 0.5449738256944444 0.011190792187500076 0.05257895972222223
0 0.80413836796875 0.5357369819444445 0.047960539062500106 0.03694737777777775
0 0.2266135453125 0.5868948902777777 0.0871283125 0.10515792222222223
0 0.17625497890625 0.6103422645833334 0.09672041874999997 0.12647371805555557
0 0.7753620445312499 0.6067896326388889 0.16946057031249992 0.14778951250000003
0 0.09152469453124999 0.7304212437500001 0.18304938906249998 0.5343159291666667
0 0.4721536023437499 0.5849995979166667 0.150292865625 0.27187481250000006
0 0.39305209414062503 0.5943745909722222 0.010546867968749974 0.07031245138888885
4 0.805039115234375 0.3520310013888889 0.019775377343750032 0.03281247777777775
4 0.8162451624999999 0.3813278555555556 0.018457018749999853 0.021093736111111146
4 0.79910650234375 0.38015598125 0.015820301562500118 0.01874998750000003