0 0.126692391796875 0.47610351180555555 0.11616717734375 0.04296712916666665
0 0.1925724359375 0.46501522152777774 0.06704951249999999 0.042967129166666736
0 0.445177574609375 0.47679653125 0.02027078203124999 0.038809020833333346
0 0.8817790488281251 0.4504618388888889 0.11382824140625 0.060985602777777835
0 0.960133420703125 0.46293616666666665 0.04288050234374996 0.03880901944444446
0 0.32901039609375 0.5003591500000001 0.09667604062499997 0.12197120555555559
0 0.413601932421875 0.48234067500000005 0.045999083593749955 0.05544145555555555
0 0.537565564453125 0.5370891152777778 0.19257243515624997 0.2952257555555556
1 0.723900837109375 0.44838278263888887 0.20504676328125004 0.29799783194444446
1 0.15164104765625003 0.4255131826388889 0.1224043421875 0.07484596805555555
2 0.27638432578125 0.451847875 0.06626986718750003 0.06930182222222223
4 0.31887500625 0.40541565347222225 0.014033618749999999 0.020790545833333358
4 0.37033160742187504 0.4199690361111111 0.031185819531249992 0.049897311111111106