5 0.34451018828124996 0.516113401388889 0.005998218749999973 0.025592399999999946
5 0.41169023828124995 0.5225115013888889 0.005998218750000017 0.02132700000000006
5 0.24433993437499998 0.5736963013888888 0.00959715000000001 0.012796200000000053
4 0.18495756875 0.5353077013888888 0.013196081250000002 0.02985779999999999
4 0.243140291015625 0.54703755 0.011996436718749993 0.01066350000000003
4 0.29112604218750004 0.5577010506944444 0.007197862500000029 0.019194301388888845
4 0.51365995703125 0.5118480006944444 0.020393943749999987 0.04265400138888893
0 0.38229896640625 0.588625201388889 0.01199643749999999 0.017061599999999937
0 0.34312938359375 0.5992887013888889 0.012833759374999998 0.02985779999999999
0 0.363704487890625 0.5982223520833334 0.02279323203125001 0.036255901388888866
0 0.40509219765625 0.5875588513888889 0.007197862499999985 0.01919429999999996
0 0.42788542929687506 0.5854261506944444 0.011996436718750036 0.01492889861111111
0 0.24673922187499997 0.6206157020833334 0.028791449999999986 0.05545019861111113
0 0.22214652421875 0.6248811013888889 0.04438681874999999 0.05545020000000002
0 0.186757034375 0.6376773034722222 0.04798575000000001 0.05545020138888882
0 0.136371997265625 0.6419427027777778 0.062381475781249994 0.08957340277777782
0 0.057389204687499994 0.655805251388889 0.11477840937499999 0.10876770000000001
0 0.44288097656250003 0.5992887027777778 0.02279323125000001 0.04691940000000001
0 0.460275809765625 0.6056868006944445 0.023992875781249978 0.05545019861111113
0 0.47467153515625 0.6163503027777778 0.026392162500000003 0.05971559999999998
0 0.49146654765625 0.6195493520833334 0.031190737500000055 0.08317530138888887
0 0.511260669921875 0.6334119027777777 0.04678610703124999 0.12796199999999996
0 0.595835555078125 0.6483408034722222 0.17514798828125003 0.26018940138888885
0 0.79012009296875 0.7592412020833333 0.41975981406249996 0.4777248013888889