5 0.509067639453125 0.3953903458333334 0.00527343359375001 0.021093736111111067
5 0.505112562890625 0.4000778430555556 0.007910150781250014 0.021093736111111067
5 0.478745394140625 0.4457809368055556 0.013183583593749937 0.018749987499999954
5 0.721323352734375 0.47273404375 0.015820302343750026 0.016406240277777803
4 0.47460904882812505 0.4260934534722222 0.013183585156250021 0.014062490277777803
4 0.700707526171875 0.4499996895833333 0.014501942968750025 0.02343748194444449
0 0.48581509531249994 0.4835152951388889 0.00922850781249993 0.02109373472222226
0 0.477245765234375 0.5022652819444444 0.013183583593750025 0.0632812055555556
0 0.44956023750000007 0.4975777854166667 0.050097621875 0.08671869027777777
0 0.40935030546875 0.5081246527777777 0.056689414062499964 0.08906243888888897
0 0.36914037109375003 0.5221871430555556 0.06328120624999997 0.1171874194444445
0 0.7140723816406249 0.5231246326388889 0.04614254765624999 0.08437494027777777
0 0.21045944648437498 0.50789026875 0.27290020390624997 0.2835935541666667
0 0.8294287472656251 0.5242965083333333 0.1608397335937501 0.13828115555555556
3 0.758056119140625 0.5092965229166667 0.007910150781250014 0.03515622638888887
3 0.74373544609375 0.5125777652777778 0.007910150000000015 0.06796870277777774
0 0.04698299609375 0.5430464944444444 0.0936034515625 0.20859360555555553
0 0.584873251171875 0.5301558784722222 0.23071273203124995 0.3234372763888889
0 0.8544775585937501 0.5969527076388889 0.29003886406250007 0.2460935819444444