4 0.9160333812499999 0.4856713881944444 0.0398734015625001 0.09957801805555554
4 0.9165080640625 0.5633084875 0.021835434375000063 0.05232065277777783
5 0.55063268828125 0.5434596965277778 0.00569620000000004 0.016877631944444478
5 0.5264238375 0.5552740368055555 0.006645567187500046 0.013502104166666681
0 0.7031365796875 0.6180588166666666 0.035126568749999976 0.05400841666666665
0 0.660415078125 0.6163710534722223 0.03322783593750005 0.04725736527777771
0 0.45474665156250005 0.5904357659722222 0.022784801562500068 0.03544302361111112
0 0.42756713476562497 0.5895918840277777 0.03678017109375 0.05738394305555556
0 0.281961911328125 0.5997184624999999 0.04746833515624997 0.07088604722222216
0 0.49131615859375 0.5980482819444445 0.01898733281249996 0.02869197222222226
0 0.534037661328125 0.6183014375000001 0.04746833515624997 0.07594933611111108
0 0.536392187890625 0.5864976534722222 0.03797466796875 0.018565395833333376
0 0.367898487890625 0.6537444611111111 0.13101260546875002 0.17383959166666668
0 0.18419603046875 0.6326474229166666 0.1946201734375 0.1789028819444445
2 0.11297463789062498 0.5518985111111111 0.04746833515625 0.05400841666666665