5 0.603989448828125 0.47460904722222225 0.007910150781250014 0.025781233333333296
5 0.5433449589843751 0.4851559159722222 0.005273435156250006 0.018749987499999954
5 0.5743263839843751 0.47929654583333337 0.006591791406250014 0.025781233333333296
5 0.6593605050781249 0.4992184069444444 0.005273435156250006 0.023437483333333377
0 0.630356618359375 0.5496089972222222 0.010546867968749929 0.021093736111111146
0 0.61255877890625 0.5484371229166667 0.025048810937500044 0.02343748472222226
0 0.59607929921875 0.5496089972222222 0.015820301562500028 0.03515622500000006
0 0.573667204296875 0.5531246194444445 0.02109373515624995 0.028124980555555606
0 0.49192897929687496 0.5589839909722222 0.02373045234375004 0.02109373472222218
0 0.5393898835937501 0.5507808715277778 0.0500976203125 0.07968744583333331
0 0.44512725351562493 0.578905851388889 0.09887688515625 0.13593740555555556