4 0.71571092890625 0.31618421041666667 0.010990953124999958 0.031973684722222256
4 0.685236010546875 0.35348684444444445 0.03597039453124999 0.0319736861111111
4 0.622787408984375 0.36769737083333337 0.020982730468749988 0.021315791666666684
5 0.568332227734375 0.35615131875 0.007993421093750008 0.01598684305555555
5 0.554343741015625 0.3552631604166666 0.0039967101562499606 0.014210526388888865
5 0.5438523765625 0.3543750013888889 0.006994243749999995 0.019539472222222225
0 0.563525428125 0.3920988208333333 0.025600440624999977 0.03814500833333333
0 0.49875668828124997 0.3872368458333333 0.02671240781249997 0.0355263166666667
0 0.441436667578125 0.38616225624999995 0.02198190859375 0.033377137500000015
0 0.54435196484375 0.38457237013888884 0.015986842187500017 0.01953947361111111
0 0.524868000390625 0.38013158263888885 0.016986019531250028 0.0213157902777778
4 0.310544398046875 0.3135197388888889 0.027976972656249988 0.062171052777777784
0 0.81412992734375 0.5657565805555556 0.337722040625 0.4671710555555555