4 0.38215212578125 0.3659794416666667 0.03595361406249999 0.014432991666666655
4 0.3473583046875 0.3639175868055556 0.022036085937499995 0.01443299027777777
0 0.361275832421875 0.39587635347222216 0.008118557031249996 0.016494848611111085
0 0.367074803125 0.4000000673611111 0.008118557812499993 0.02061855972222225
0 0.35373717187500003 0.40618563263888885 0.01159794062499997 0.045360831944444395
0 0.370554184765625 0.4041237784722222 0.010438146093750022 0.02474227361111111
0 0.37577325820312496 0.4041237784722222 0.009278352343749985 0.02474227361111111
0 0.382152125 0.4051547076388889 0.012757734374999963 0.03092784027777782
0 0.39780934335937496 0.40927841875 0.025515467968749973 0.04742268750000002
0 0.4018686234375 0.4340206909722222 0.02899485156249999 0.08865980694444443
0 0.48317018945312495 0.4123712034722222 0.0069587632812500464 0.016494848611111165
0 0.6999356828125001 0.4288660506944445 0.06842784687499996 0.06597939305555553
0 0.31337634531249997 0.3886598569444445 0.009278351562499986 0.010309280555555567
0 0.19275776953124998 0.3824742895833333 0.013917528125 0.01443299027777777
0 0.21189437070312503 0.3896907861111111 0.019716497656249964 0.0164948472222222
0 0.176520653125 0.38041243333333336 0.016237115624999986 0.018556702777777743
0 0.15309280859375002 0.37594506875 0.013917528125 0.02061856250000002
0 0.10090207695312499 0.36975949999999996 0.025515467968749993 0.02886598333333331
0 0.232422721875 0.3795876888888889 0.011597940625000015 0.010309277777777797
0 0.27185571601562497 0.3837114 0.009278352343749985 0.010309277777777718
0 0.33578344140625 0.41101810972222225 0.04175258281250001 0.06391753888888888
0 0.285912299609375 0.4306057388888888 0.07422681484375002 0.08659795
0 0.44828345898437494 0.45947172708333334 0.09974228359375 0.1360824986111111
0 0.141517944140625 0.49658513263888887 0.22152065546874997 0.21855673750000004
0 0.7794046484375 0.45947172430555555 0.13801548749999998 0.12371135972222223
0 0.9440953988281251 0.45122429999999997 0.10786084296875006 0.16082476944444446
1 0.5509252292968749 0.3666882041666667 0.14497424921875002 0.23092787222222222