0 0.27379641914062497 0.43994638263888897 0.04680280703124997 0.08528511527777777
0 0.21821808671875004 0.4441066326388889 0.052653159375000015 0.07696461527777781
4 0.255660331640625 0.39210351388888887 0.024571474218750035 0.04784286944444444
0 0.1126923734375 0.48135076875000005 0.225384746875 0.25268562916666665
0 0.00680102421875 0.39710571875 0.0136020484375 0.03843278194444445
0 0.32527950546874995 0.4371728944444444 0.09126547187500003 0.20593235277777774
0 0.45135456640625 0.46646797361111114 0.18955136562500002 0.3140988388888889
0 0.553735706640625 0.45294716180555555 0.017551052343749964 0.12064723472222225
0 0.5952731968749999 0.45086703750000007 0.07956477031249998 0.14976898333333338
3 0.5969551640624999 0.5202169069444444 0.12300364374999999 0.3716737055555555
0 0.69619174921875 0.49662978194444446 0.188381296875 0.2371342194444444
4 0.7354622203125001 0.36212742430555556 0.016527223437500016 0.019389745833333354
0 0.749039924609375 0.4115180166666666 0.08073484140625001 0.07280436666666669
0 0.885938134375 0.46421450694444444 0.22582354218749998 0.26833609444444445
0 0.9877342378906249 0.38933001666666667 0.022231332031249985 0.03952236944444441
4 0.55534453515625 0.3867546118055556 0.016380981250000027 0.052003118055555575