1 0.067291129296875 0.36591500902777774 0.13337631015625 0.5360825625
2 0.185590117578125 0.3607603694444444 0.14729383984374997 0.2783505638888889
5 0.254597861328125 0.28550262430555556 0.01623711484374999 0.028865984722222234
0 0.25981693359375 0.48550265833333334 0.1194587828125 0.18969075277777783
2 0.302729312890625 0.4102449131944444 0.04987114296874999 0.1175257930555556
0 0.33578344101562496 0.4277706895833333 0.01159793984374997 0.03298969583333336
0 0.3462215875 0.43292532916666665 0.009278353125000027 0.03505155277777779
0 0.35260045546874996 0.4329253284722222 0.008118557812499993 0.04329897361111108
0 0.368257673828125 0.4659150243055556 0.02319588046875003 0.0886598097222222
0 0.387974173046875 0.4669459506944444 0.044072172656249985 0.13195878472222225
0 0.456981915234375 0.4958119368055555 0.15657219140624998 0.21855673472222217
4 0.6297912226562501 0.20096652708333332 0.05219072968750007 0.09896909027777778
4 0.6321108093750001 0.26900777569444445 0.026675262499999963 0.028865981944444424