4 0.250023531640625 0.46689735138888894 0.01300642578125002 0.026679847222222244
4 0.534163919921875 0.4188736243055555 0.023011369531250027 0.030237162500000005
4 0.361078401953125 0.3975297444444444 0.015007414843750011 0.044466413888888924
0 0.129564014453125 0.5053163444444444 0.011005436718749984 0.012450594444444442
0 0.14006920585937502 0.5035376875 0.014006919531250018 0.016007908333333317
0 0.11755808281249999 0.5079843277777777 0.017008403125000005 0.02134387777777778
0 0.10555215078124999 0.5079843305555556 0.011005437499999982 0.017786566666666677
0 0.09654770234375 0.5088736583333334 0.011005437500000003 0.01956522222222227
0 0.09054473710937501 0.5106523131944445 0.011005438281249991 0.019565220833333303
0 0.07803855625 0.5124309701388888 0.022010874999999996 0.030237162500000005
0 0.07603756757812499 0.5213242527777778 0.01800889765625 0.03379447499999999
0 0.064031635546875 0.5231029083333334 0.02401186328125 0.0515810388888889
0 0.054026694531249995 0.5293282090277778 0.030014829687499994 0.060474323611111123
0 0.030515076171875 0.5364428354166667 0.04302125546875 0.07470357638888893
0 0.025512605859375002 0.5515614131944444 0.027013347656250002 0.07648223194444444
0 0.0145071671875 0.5524507444444444 0.029014334375 0.10671939444444445
0 0.16408106914062498 0.5053163430555555 0.01200593203125 0.016007908333333393
0 0.186091944140625 0.5070950013888889 0.03201581796875001 0.044466413888888924
0 0.362679192578125 0.5106523145833334 0.023011369531249982 0.04446641527777773
0 0.39919723515625 0.5159882847222222 0.06603262499999998 0.0515810388888889
0 0.454224423828125 0.5186562694444444 0.08804350078124994 0.05335969722222218
0 0.31265447734374996 0.50175903125 0.08704300625000001 0.12272730416666665
0 0.663827983984375 0.5647234631944444 0.2551260523437501 0.22944669861111108
3 0.96064132109375 0.5656127895833333 0.07103509843750011 0.23478266805555556
5 0.897620574609375 0.3530633298611111 0.07303608515624997 0.0764822319444444