4 0.8198133988281249 0.12737489236111113 0.02729462109374996 0.032926843055555564
4 0.855881288671875 0.14990378402777776 0.023395388281250006 0.02946085972222223
5 0.30414004765625 0.44451237777777775 0.005848846875000024 0.01906290833333336
5 0.372376596875 0.4150515180555555 0.0038992312500000016 0.01906290833333336
5 0.41867996953125 0.42284998124999995 0.002924423437499968 0.020795901388888892
5 0.8724530218750001 0.3076060319444444 0.04679077656249984 0.07451864444444445
0 0.103329631640625 0.549358376388889 0.14817079296875 0.15250326944444442
0 0.39382236953125 0.5086330708333334 0.05069000781249997 0.07451864166666672
0 0.557590087890625 0.5216305097222222 0.11697694140625003 0.15596925555555557
0 0.6336250999999999 0.48610417986111115 0.05069000781249997 0.05372274583333329
0 0.44987382070312504 0.4939026423611111 0.022420580468750017 0.034659834722222234
0 0.419167373828125 0.4904366590277778 0.025345003906249986 0.03812581805555561
1 0.48886613476562496 0.48003870763888884 0.06531212578124998 0.12130942083333333
2 0.376763232421875 0.47224024513888896 0.016571733593749992 0.03639282638888888
0 0.351418228515625 0.4887036666666667 0.010722886718750014 0.013863933333333339
0 0.36409073046875 0.47917221249999997 0.006823654687500014 0.015596924999999985
0 0.43378949140625006 0.4800387083333334 0.009748078124999981 0.017329916666666712
4 0.33874572656249996 0.4696407576388889 0.010722885937500015 0.017329918055555518