4 0.14184564609375 0.23943417708333334 0.12321944999999998 0.12735860416666667
4 0.31807811523437496 0.2837609152777778 0.10602603671875 0.12021463333333335
4 0.25718478281249996 0.34386823333333333 0.03581960781249997 0.04584909722222221
4 0.14041286249999999 0.3171229277777778 0.0315212546875 0.04839626944444441
4 0.045849097656250004 0.2992927222222222 0.017193410937500004 0.03820758055555555
4 0.14112925390625 0.3260380291666667 0.055878587499999986 0.045849100000000025
4 0.37252391874999996 0.38717015833333335 0.011462275000000011 0.025471719444444495
4 0.46637129179687503 0.4368400145833333 0.012895058593749998 0.022924548611111106
4 0.6784233687500001 0.46740607916666665 0.007163921874999968 0.02801889166666661
0 0.017909802734375 0.3604248506944444 0.015760627343750003 0.017830204166666638
0 0.035103215234375 0.36933995416666665 0.012895058593750003 0.020377377777777796
0 0.04728188203125 0.3744342986111111 0.0143278421875 0.015283033333333328
0 0.068773646484375 0.3808022284722223 0.014327842968749994 0.017830204166666638
0 0.071639215234375 0.39226450277777775 0.02292454921875 0.025471719444444416
0 0.08668345 0.3884437444444444 0.0128950578125 0.017830202777777752
0 0.102444077734375 0.3808022291666666 0.01576062734375001 0.012735861111111134
0 0.10530964648437499 0.3909909166666667 0.021491764843749993 0.012735858333333284
0 0.140412862109375 0.37952864236111106 0.008596705468749999 0.02037737638888891
0 0.1769488609375 0.4164626381944444 0.0444163140625 0.06367930138888885
0 0.234260233203125 0.4151890506944445 0.021491764843749993 0.03056606527777777
0 0.31951090078125 0.43429284236111115 0.025790117187499996 0.028018893055555574
0 0.623261173046875 0.5239532986111111 0.048714666406250016 0.059603822222222255
0 0.682721721875 0.5616514472222223 0.053013018750000016 0.08915102222222224
0 0.8159706621093751 0.626179804861111 0.14471121484374994 0.15198125972222215
0 0.9037525843750001 0.6007080840277778 0.11624654062499999 0.10613216250000003
1 0.45806113828124995 0.36933995347222226 0.04441631406250002 0.03566040972222224
0 0.120831468359375 0.4487268111111111 0.10889160859375 0.11971708888888889
0 0.0202977734375 0.5175004576388889 0.040595546875 0.15537749861111114
3 0.7113774078125 0.5208966958333333 0.012895059374999995 0.05858496111111112
3 0.74934619140625 0.5782080666666667 0.022924548437500025 0.10188688333333329
0 0.41006286484375 0.4686796659722222 0.06017694062499994 0.08660385138888892
0 0.260863319140625 0.4171182194444444 0.03826772734374999 0.05952757499999998