0 0.271961613671875 0.4259509979166667 0.10516532734375002 0.11654685694444449
0 0.362786213671875 0.39924234236111117 0.06555760703124998 0.09226626250000002
0 0.705597866796875 0.5218593486111112 0.3141301992187501 0.3666369861111111
2 0.63252845078125 0.35917936041666665 0.2007701703125 0.23066565416666668
2 0.5362407160156251 0.3688916 0.024584102343750035 0.08498208055555555
0 0.494584319921875 0.39438622430555553 0.02048675234374997 0.029136715277777763
0 0.508925046484375 0.3907441340277777 0.010926267968750025 0.016996415277777763
0 0.517802638671875 0.38588801597222216 0.009560483593749947 0.021852534722222178
3 0.4529279234375 0.39560025416666666 0.008194699999999954 0.0364208916666667
3 0.459756840234375 0.39438622430555553 0.008194700781250041 0.033992831944444406
2 0.45975684101562503 0.3834599555555555 0.02458410234374995 0.0558453694444444
2 0.47409756757812505 0.38588801527777783 0.015023617968750003 0.055845369444444515
5 0.46248840859375007 0.2948357847222222 0.008194700000000044 0.024280594444444463
5 0.46931732539062504 0.29726384375 0.008194700781249953 0.019424476388888893
0 0.019291671093749997 0.3810318958333333 0.0368761546875 0.05584536944444444
0 0.12820749179687502 0.38315657986111107 0.09164872578125 0.0716180513888889