4 0.3900193078125 0.6757656090277778 0.006887757812499995 0.010714290277777788
4 0.46836755781249995 0.6528064145833333 0.0051658203125000135 0.013775518055555519
4 0.39088027890625004 0.6910717381944445 0.008609700000000008 0.01071429305555556
5 0.28455051132812503 0.67959214375 0.004304849218749985 0.013775518055555599
5 0.27852372148437504 0.6799747958333333 0.0025829070312500145 0.015306130555555578
5 0.20318886562499996 0.6807401020833332 0.0034438765625000034 0.013775518055555599
5 0.19500965273437498 0.6792094895833333 0.004304847656250011 0.013775518055555599
5 0.28239808671875 0.6799747958333333 0.005165820312499969 0.01224490555555562
5 0.200175472265625 0.6822707145833333 0.006026788281250006 0.019897968055555597
0 0.243223961328125 0.726020748611111 0.024968124218749964 0.0153061305555555
0 0.28196760117187497 0.7451534118055556 0.04046557890625002 0.08418371250000002
0 0.209646139453125 0.7543370895833335 0.011192607031250024 0.02908164583333325
0 0.201897412109375 0.7489799444444445 0.011192607031249979 0.036734711111111075
0 0.19156577382812498 0.7489799444444445 0.018080364843749995 0.036734711111111075
0 0.17305492421875002 0.7497452506944445 0.027551032812499997 0.044387779166666676
0 0.15239165078125 0.7581636222222221 0.032716853125000014 0.05816329166666666
0 0.366055653125 0.7423472722222223 0.10934316093749996 0.06734696944444446
0 0.33376928710937503 0.75229625625 0.03960460859374999 0.05051022638888898
0 0.378970200390625 0.756888095138889 0.07318243203125005 0.08112248472222237
0 0.4379466296875 0.7573983131944443 0.1584184390625 0.11785719583333329
0 0.44268196367187496 0.7589289284722223 0.14550389296875 0.11479597083333325
0 0.526339530859375 0.7556126152777777 0.23246183828125 0.11632658333333323
0 0.5211737113281251 0.79158201875 0.17047201484374996 0.1576531347222221
0 0.6260685382812501 0.8061228416666667 0.22126922968750007 0.20816336111111117
0 0.783175027734375 0.8258750270833334 0.41412646171875006 0.28163277916666674
0 0.866258611328125 0.8442423798611111 0.26517868984375 0.30306135972222215
0 0.237771144140625 0.7831901854166665 0.07318243203125001 0.11326535694444446
2 0.069547218359375 0.7372717979166667 0.13909443671875 0.3214287152777778