5 0.540567071484375 0.4050000965277778 0.009004449218750033 0.0160079097222222
3 0.554573991796875 0.49106180625 0.017008403906250004 0.10631312638888891
3 0.5865898109375001 0.48059300138888894 0.019009393750000037 0.09960476944444446
0 0.5400668234375 0.4672530770833333 0.012005931250000046 0.05513835416666666
2 0.5060500167968749 0.4130040534722222 0.05602768203124997 0.07114626249999997
0 0.524559162109375 0.48059300138888894 0.033016313281249945 0.08537551666666675
0 0.8117010320312501 0.55440725 0.1710845296875001 0.20454550833333332
0 0.9152521953124999 0.6193282145833333 0.16808304687500009 0.40909101249999996
2 0.6005967296875 0.44590919930555556 0.04302125624999995 0.15118580694444447
2 0.66762985078125 0.4450198701388889 0.12105981249999997 0.21343879027777776
0 0.40449984296874997 0.493932925 0.07303608437499998 0.10494073611111109
0 0.4835388957031251 0.49749023819444443 0.08304102890624998 0.12628461527777782
0 0.22891308867187501 0.49037561319444445 0.27213445703124994 0.3788538486111111