4 0.5253798078124999 0.23071343125000002 0.028465085937499968 0.026118504166666688
4 0.60572480859375 0.3030834520833333 0.02203748593750001 0.016324062499999986
5 0.283043961328125 0.26036881666666667 0.007345828906249974 0.03264812777777778
5 0.48092222187499994 0.22200726597222223 0.009182285937499923 0.03754534583333336
5 0.472581664453125 0.22200726666666667 0.009182285156250015 0.03917775277777776
5 0.61582532421875 0.35096737083333335 0.0128552 0.026118502777777802
0 0.3117386046875 0.3847037756944444 0.015609885937500012 0.029383315277777752
0 0.48237609296875006 0.4067412645833333 0.009182285937500012 0.031015720833333343
0 0.49201749335937495 0.3953144180555556 0.017446342968750007 0.06692866388888892
0 0.504413578125 0.39531441874999995 0.034892685937500015 0.07345828750000002
0 0.5140549796875 0.4116384819444444 0.021119257812499993 0.04733978333333337
2 0.15334417421875 0.3607618076388889 0.06611245937499999 0.05550181527777778
2 0.08126322929687499 0.3272974791666666 0.08172234453125 0.044074972222222224
2 0.46079772265625 0.3860641069444445 0.03948382968750001 0.08978235
2 0.404938805859375 0.3485187604166667 0.07070360234374995 0.18935913750000002
2 0.5569056375 0.38524790555555555 0.0771312015625 0.11916566388888887
2 0.8163562136718749 0.35497186180555557 0.36453674765625 0.7099437236111111