0 0.4137697996093751 0.5740159069444444 0.011958664843750012 0.021259847222222246
0 0.39822353515625003 0.5761418923611111 0.014350396875000015 0.029763787500000027
0 0.43589333007812503 0.5782678770833333 0.039463594531249944 0.08929136250000001
0 0.35875994179687504 0.5974017402777778 0.07892718671875003 0.13181106111111107
0 0.73426201484375 0.5687009444444444 0.028700795312500027 0.027637802777777803
0 0.79883880390625 0.6165356041666666 0.13872051093749996 0.13181106111111116
0 0.229606362890625 0.5963387479166666 0.03587599453124999 0.05314962083333338
6 0.22183323085937498 0.6367324604166668 0.017937997656250017 0.05314962083333331
0 0.115999048046875 0.6183958409722223 0.21047249921874997 0.23864179861111118
0 0.30673975039062495 0.6346064743055556 0.14709157578125 0.1934646180555556
0 0.499274252734375 0.6356694680555556 0.13991637734375004 0.19559060555555557
0 0.674468690625 0.6261025361111111 0.13632877812499994 0.17220477222222222
4 0.23020429609375004 0.4441182354166667 0.051422257812500004 0.019133862500000022
4 0.185359302734375 0.44199226736111114 0.01913386171875 0.03614174305555551
4 0.18595723671875 0.5238426840277778 0.015546264062500014 0.02976378749999995
4 0.7856842726562501 0.3303780638888889 0.028700795312500027 0.04251969722222222
4 0.8472713960937501 0.3973465861111111 0.020329729687499843 0.023385833333333356
5 0.764756609375 0.3539764756944444 0.017937996875000018 0.04889765138888886
5 0.63081956484375 0.39011821874999997 0.010762798437500009 0.040393712499999956
5 0.28521415390625 0.4411418541666667 0.013154531250000013 0.03188977222222225
4 0.06517472265624999 0.5378741645833333 0.017937996875000008 0.021259848611111052
0 0.979295084765625 0.5782678770833333 0.03707186015624995 0.08929136250000001
3 0.9798930167968749 0.5880474215277778 0.03348426171874994 0.1530709125
3 0.93086249140625 0.5880474187500001 0.021525596875000018 0.09354333194444446
3 0.94820255546875 0.6008033284722222 0.017937996875000018 0.13181105972222218
4 0.9398314898437501 0.34015757569444444 0.022721462500000022 0.0467716680555556
5 0.873640785546875 0.45299557916666666 0.02741655390625013 0.04193953333333332