4 0.8017794535156251 0.4878371708333333 0.07116097265625002 0.06065471111111115
4 0.612666730859375 0.5484918819444445 0.026319811718749975 0.0502567611111111
4 0.20909628359375 0.5952826569444445 0.014622117187500016 0.025994874999999952
4 0.316715068359375 0.6022146277777778 0.0048740398437500335 0.015596930555555527
4 0.24750371132812496 0.57448675625 0.010722885156250018 0.025994876388888914
4 0.219721687109375 0.6143455666666666 0.009748075781249987 0.015596924999999985
4 0.3693546921875 0.5866176986111111 0.010722885937500015 0.008664958333333316
4 0.34206007304687497 0.5883506916666666 0.01462211796874997 0.008664958333333316
0 0.026222330859374997 0.6349681694444445 0.02437019609375 0.017329913888888864
0 0.056441374609375004 0.6341016763888889 0.02437019609375 0.015596927777777757
0 0.15684658203125 0.6315021868055556 0.018521349999999992 0.013863931944444453
0 0.19632630039062499 0.6306356937500001 0.023395388281250006 0.012130945833333347
0 0.34119688515625 0.6277898263888889 0.023423667187500018 0.019609933333333312
0 0.38358688671875 0.6283828104166667 0.010722885937500015 0.013863934722222224
0 0.396259390625 0.6249168256944444 0.008773273437499984 0.013863931944444453
0 0.40162083085937506 0.626649817361111 0.009748075781250032 0.013863934722222224
0 0.467907766796875 0.6257833236111111 0.01949615703125005 0.012130947222222233
0 0.5287357699218751 0.6188513541666667 0.01949615703124996 0.012130941666666692
0 0.5609044273437499 0.6162518659722223 0.009748076562499985 0.013863929166666683
0 0.5004663425781251 0.6197178479166666 0.02144577265625003 0.013863929166666683
0 0.4209220296874999 0.62145084375 0.011697692187499964 0.013863934722222224
0 0.41292860898437506 0.6283828097222222 0.015596924218750008 0.02079590000000001
0 0.43096255585937493 0.62405033125 0.012672505468750029 0.022528895833333392
0 0.448021691796875 0.6257833229166667 0.013647308593750029 0.019062909722222247
0 0.373838808984375 0.6283828090277778 0.01462211796874997 0.017329918055555598
0 0.285131294921875 0.6283828104166667 0.014622117968750015 0.013863934722222224
5 0.44136641484374994 0.5900295243055556 0.006823654687500014 0.013863929166666683
4 0.469857380859375 0.6143455652777777 0.007798461718750005 0.012130941666666692