0 0.44809117265625 0.5882600166666667 0.05524902812499999 0.000425191666666712
2 0.4990350828125 0.5238426680555556 0.013154531250000013 0.026362230555555595
0 0.503220615625 0.5327718131944444 0.007175198437500007 0.02125984583333336
0 0.5094391261718749 0.53234660625 0.012437021093750023 0.033165343055555574
0 0.51625557109375 0.53829935625 0.013154531250000013 0.03826772638888893
2 0.53837910078125 0.5117245444444445 0.04544292656249995 0.1169291666666667
0 0.5782014402343749 0.5225670791666667 0.07294785546875007 0.15137014444444447
0 0.46830131875000003 0.5331970048611111 0.014350398437500012 0.021259848611111132
0 0.45275505429687507 0.5225670805555556 0.016742132031250013 0.012755908333333347
0 0.40850799374999996 0.5491418902777778 0.011958664062500013 0.023385833333333356
0 0.395951396875 0.5480788993055555 0.015546265624999967 0.0297637902777778
0 0.38578653125 0.5502048833333333 0.009566931250000011 0.03401575833333336
0 0.3702402671875 0.5512678756944445 0.023917329687499978 0.036141743055555585
0 0.372034066796875 0.5574332354166667 0.020329728906249976 0.03571655138888888
0 0.35230227070312503 0.5555198451388889 0.026309063281250024 0.048897651388888935
0 0.10953050117187499 0.6941340666666667 0.21623439453124998 0.47239382500000004
0 0.451320017578125 0.5434017395833334 0.019133863281250017 0.021259848611111132
0 0.48324964921875 0.524267875 0.017937996874999928 0.008503938888888897
0 0.48743518125000007 0.5444647312500001 0.02630906093749994 0.03614174027777782
0 0.6285474253906249 0.5434017375 0.02870079453125003 0.05102363888888885
0 0.6688481218750001 0.5293702340277778 0.032766734374999995 0.03996850694444447
0 0.43517582031249996 0.5412757541666667 0.010762798437500009 0.017007877777777795
0 0.2910739109375 0.6199371930555556 0.1554626421875 0.17433075555555558
3 0.8746567683593749 0.5370237819444443 0.021525596093749932 0.09354333333333334
4 0.39499469921874997 0.4683544666666667 0.010762796875000013 0.040393711111111154
4 0.33460344296875 0.4555985576388889 0.007175198437499963 0.02338583194444447
4 0.6240031484374999 0.4349765027777778 0.007175198437500007 0.03486615277777779
4 0.6592812078125 0.4641024972222222 0.010762796875000013 0.027637802777777803
4 0.9840785499999999 0.2663859069444444 0.029896662500000025 0.04039371111111111
3 0.237977428515625 0.5665749590277778 0.014350397656250014 0.04464568194444449
4 0.6641842328124999 0.42604736666666665 0.007175198437500007 0.05952757499999998
5 0.43362119023437506 0.48982692569444447 0.007175199218750006 0.01700787916666668
4 0.41986872578125 0.4877009409722222 0.015546264062500014 0.012755909722222233
3 0.41747699296874996 0.5419135541666666 0.008371065625000007 0.023385833333333356
4 0.51242878359375 0.4987560569444444 0.015546264062500014 0.008503938888888897