3 0.8865877355468751 0.5051670875000001 0.06726174140624988 0.29287560277777785
3 0.058488469921874994 0.43931340347222214 0.02144577265625 0.09184856250000001
5 0.10332963125000001 0.1871631069444444 0.011697695312500011 0.04852376944444441
5 0.509337099609375 0.15596925416666668 0.010722886718749968 0.055455736111111126
5 0.4942275777343751 0.16376771944444443 0.013647310156250026 0.053722744444444456
5 0.08116930390625 0.32580244583333334 0.013126804687500004 0.031193850000000013
5 0.103287354296875 0.3275354354166667 0.013657835156249997 0.02426188472222219
4 0.0823712625 0.23222089166666665 0.020470965625000004 0.013863933333333339
4 0.096018572265625 0.2634147423611111 0.028269427343749997 0.020795901388888892
0 0.017546541406249998 0.43931340347222214 0.035093082812499996 0.09184856250000001
1 0.7506020421875 0.3465983458333334 0.4952023859375 0.3535303138888889
0 0.478630652734375 0.42284998263888884 0.04289154453124997 0.06238770138888891
0 0.30024081640625 0.4202504951388889 0.05069000781249997 0.05718872638888889
0 0.45231084062499993 0.40292057569444445 0.037042698437500035 0.06412069305555555
0 0.468882573828125 0.3786586923611111 0.029244235156249944 0.02946085972222221
2 0.46400853515625 0.35526330625 0.027294620312500052 0.017329918055555518
0 0.32753543554687503 0.3959886090277777 0.046790775781250016 0.06412069305555555
0 0.356779671875 0.3959886090277777 0.015596926562500002 0.05025675972222222
0 0.368477365625 0.38992313958333336 0.023395389062500004 0.045057784722222195
0 0.38651131054687504 0.39338912291666667 0.012672500781249995 0.02426188472222219
0 0.39284756249999997 0.38819014652777784 0.01949615781249996 0.02426188472222219
0 0.405520064453125 0.38125818125000005 0.00974807890624998 0.027727868055555563
0 0.42160439335937505 0.38905664236111115 0.016571733593749992 0.03639282638888888
2 0.4415879546875 0.3639282625 0.015596926562500002 0.013863933333333339