0 0.392129162890625 0.38593213125 0.012012710156250028 0.021355926388888866
0 0.38269060625 0.39127111111111107 0.013728810937500002 0.025932197222222206
0 0.378829376953125 0.3981355166666667 0.01115465859375 0.01830508055555558
0 0.37067789609375 0.3836439951388889 0.017161012499999996 0.02288135138888892
0 0.366387641796875 0.3897456902777778 0.012012708593749987 0.01983050555555555
0 0.3633844640625 0.40118636527777773 0.014586859375000039 0.03050846944444443
0 0.34879760390625003 0.4011863645833333 0.026599571875000016 0.03966100972222222
0 0.334210741015625 0.40271178611111114 0.009438557031249984 0.027457619444444407
0 0.31747875351562505 0.40805076944444446 0.03603812890625 0.047288125000000035
0 0.29002113203125 0.4057626361111111 0.01716101406249999 0.03050846944444443
0 0.24574571679687499 0.4225422923611111 0.08580506796875001 0.10677964027777781
0 0.17409848593750002 0.4202541569444444 0.05577329531250001 0.06254236111111114
0 0.13205400078125 0.3905084000000001 0.03003177343750001 0.024406775000000006
0 0.06727117421875001 0.3859321298611111 0.092669475 0.0610169347222222
0 0.119612265625 0.42864398819444444 0.07036015781249999 0.08237286527777772
0 0.01321398046875 0.3783050145833334 0.025741520312500005 0.030508468055555543
0 0.041100627734375 0.43550839305555555 0.08151481484374999 0.09915252499999999
0 0.4090756640625 0.3905083972222222 0.007722456249999965 0.010677963888888876
0 0.44039451406249996 0.4049999236111111 0.012012709374999986 0.021355927777777752
0 0.4558394265625 0.40957619375 0.0223093171875 0.03661016250000004
0 0.475574592578125 0.41949144513888886 0.025741521093750032 0.03813558750000002
0 0.50732246640625 0.4233050048611111 0.05491524375000001 0.08237286527777772
0 0.53306398828125 0.4049999222222223 0.008580507812500037 0.015254233333333329
0 0.54936695078125 0.41415246319444443 0.030889825000000037 0.03661016250000004
0 0.5905533839843751 0.4507626256944445 0.08065676484375003 0.11593217916666664
0 0.6411783738281249 0.46677957430555556 0.10124998046874997 0.15101692361111113
0 0.7685989003906251 0.4957626180555555 0.23939614140624998 0.25474571388888884
0 0.88751936171875 0.4255931402777777 0.05491524218750001 0.07627116944444441
0 0.9261316441406251 0.43169483402777775 0.03775422890624984 0.06406778194444446
0 0.953160240625 0.4164405986111111 0.04204448437500012 0.03966100833333333
0 0.9836210398437502 0.46198297083333334 0.027457623437499912 0.027204044444444422
0 0.9055384265625002 0.50567786875 0.04976693906250009 0.10525421805555553
0 0.41859466328125006 0.4210168694444445 0.04204448437500004 0.06101693611111116
4 0.036619096484375 0.32338977083333337 0.020593216406249996 0.01830508055555554
4 0.058928412890625004 0.3226270576388889 0.013728810156249993 0.016779654166666644
4 0.465644437890625 0.37525416666666667 0.008580505468749954 0.01830508333333335
4 0.50725989609375 0.37296603125000005 0.007722454687500058 0.01067796249999999
4 0.7170532894531251 0.3333050222222222 0.02402541953124997 0.05338981944444446
4 0.186348941015625 0.34779654444444447 0.011154660156249996 0.012203388888888887
5 0.15417203984375 0.28220333680555554 0.010296607812499992 0.0274576236111111
5 0.14044322890625 0.3416948513888889 0.013728810937500002 0.02135592777777779
5 0.4347546140625 0.32415248055555557 0.005148304687499916 0.01677965833333334
5 0.326640226953125 0.31347451805555554 0.00858050546875 0.022881355555555573
5 0.44076096835937495 0.3264406159722222 0.006864405468750068 0.021355929166666676
3 0.07179917421875 0.37677959027777774 0.010296607812500002 0.027457619444444407