0 0.449386416796875 0.4795188048611111 0.015596925781250003 0.032926843055555585
0 0.4742440171875 0.47085384583333334 0.05556404687500001 0.05025675833333333
0 0.429402856640625 0.48731726805555553 0.04191673828124998 0.07278565277777777
0 0.415755546875 0.4985817138888889 0.014622118750000013 0.0606547083333333
0 0.380175059765625 0.5063801770833334 0.08578308984375002 0.10397950416666661
0 0.35239303632812496 0.5289090694444444 0.10235482421874997 0.1282413888888889
0 0.6082800957031249 0.5254430861111111 0.08968232109375007 0.18369712222222223
1 0.564901146875 0.4613223930555555 0.112102903125 0.18023114166666662
2 0.51177411953125 0.45439042500000004 0.02534500468750007 0.06585368611111109
0 0.308526683203125 0.4951157305555556 0.043866352343750005 0.06758667777777774
0 0.15889367890625 0.5514379618055555 0.10138001562499999 0.1490372875
0 0.48301728789062504 0.5549039451388889 0.11405251796874998 0.19409507361111109
0 0.223230996484375 0.6016947215277777 0.21445772578125002 0.29114260972222217
3 0.0887075140625 0.5358410361111112 0.019496157812500005 0.09358155277777777
3 0.080421647265625 0.5349745402777778 0.016571733593750006 0.0745186444444444
3 0.047278180859375 0.5323750534722222 0.01852134765625 0.11437745416666666
3 0.039479717578125004 0.5479719791666666 0.028269427343750004 0.11091147222222225
3 0.004386635156250001 0.5124456493055556 0.008773270312500001 0.0710526625
1 0.808603108203125 0.49598222638888895 0.37920025234375 0.9912712666666668