0 0.8684041070312499 0.38170675000000004 0.2620514609374999 0.566184175
0 0.66660535546875 0.16832502361111112 0.05164517812499998 0.07481112222222223
0 0.69577531796875 0.18107692083333332 0.08320612031249999 0.11051643055555554
0 0.7043828476562499 0.17767641458333333 0.0679038453125 0.09011339861111112
0 0.7177723378906251 0.19042831180555556 0.07172941484375003 0.11221668472222222
0 0.78376339765625 0.19127843749999998 0.15780471093750004 0.1309194638888889
0 0.8258446539062501 0.1904283111111111 0.14441522031250012 0.13942072777777778
0 0.8921545164062501 0.19014492638888889 0.21327545781249996 0.18872805555555558
0 0.54785332890625 0.19099502777777774 0.021997021875000033 0.030604549999999973
0 0.5229871316406249 0.18929477569444444 0.025822588281249993 0.023803540277777775
0 0.47421112968750007 0.19269528125 0.01625866718750002 0.01700252916666669
0 0.440737403515625 0.19269528055555554 0.018171452343749995 0.020403033333333317
0 0.3604004578125 0.1994962916666667 0.012433098437499979 0.020403033333333355
0 0.27799133046874996 0.19510400694444444 0.033154926562499965 0.03655543611111111
0 0.241807827734375 0.20233007916666668 0.02390980546875001 0.040806063888888904
0 0.22937472773437503 0.20233007916666668 0.03538650859375001 0.040806063888888904
0 0.21502884609375003 0.20658071388888888 0.02773537343750001 0.04250631944444447
0 0.19111904218750003 0.20573058611111109 0.06981662968749999 0.04760707777777778
0 0.151906961328125 0.21168146944444446 0.05260157109375001 0.06290934999999998
0 0.38861402968750003 0.19977970069444445 0.00956392343750001 0.015302273611111082
2 0.068077741015625 0.2012142888888889 0.13389490859375 0.2533376638888889
2 0.41955186992187504 0.18761226944444442 0.02964815703125003 0.05610834166666664
2 0.461633126171875 0.17911100555555556 0.021997021093749947 0.04250631944444445
0 0.6223070125 0.2505216208333333 0.12337459062499993 0.13772047499999998
0 0.312262049609375 0.1972293236111111 0.023909803906250016 0.032304805555555545
0 0.49822175429687504 0.18885050555555555 0.030501225781249985 0.04487536666666667
0 0.37463919882812496 0.19726463680555556 0.02103532890625002 0.03178671805555556
0 0.34992268789062503 0.19539482986111112 0.011569430468750008 0.01682826249999998