5 0.488438294921875 0.2160972965277778 0.010926267968750025 0.03399283472222222
5 0.579262894921875 0.2147098201388889 0.009560483593749947 0.03399283472222226
5 0.58609181328125 0.21592385069444445 0.009560484375000034 0.031564773611111124
5 0.630479776171875 0.2814814597222222 0.008194700781250041 0.031564774999999975
1 0.5212170984375 0.29969190416666663 0.05736290468750003 0.0922662611111111
0 0.547166984765625 0.30819011180555556 0.01912096796875007 0.03642089305555554
0 0.5697024109375001 0.32640055902777776 0.028681451562499925 0.06798566805555559
0 0.650283636328125 0.3312566770833334 0.058728689843750015 0.08255402361111115
0 0.791642225390625 0.3385408555555556 0.06009447265624992 0.048561191666666656
0 0.47751202734375 0.3834599555555555 0.14204148125 0.2112411777777778
0 0.5956522976562499 0.33854085347222224 0.06692338906249998 0.10683462083333334
0 0.716524134765625 0.3943862256944444 0.18301498515625 0.18938864027777774
0 0.8961246609375 0.42109487916666666 0.1953070375000001 0.20395700000000005