0 0.363960755859375 0.4187129680555556 0.013480028906249997 0.011982250000000031
0 0.35684629609375 0.4247040909722222 0.01572669843750001 0.013313606944444384
0 0.350855171484375 0.4353549798611111 0.01872226171875 0.018639051388888897
0 0.337375144140625 0.44534018333333336 0.015726699218750008 0.033284019444444445
0 0.31977621953125 0.4486685861111111 0.02845783749999997 0.045266263888888936
0 0.293939498828125 0.4673076354166667 0.042686753906249965 0.0745562041666667
0 0.398784161328125 0.4240384090277778 0.012731138281249966 0.019970409722222214
0 0.40140527695312506 0.44134610069444447 0.019471150781250036 0.02263313472222224
0 0.41001751796874997 0.4526626701388889 0.02171782343749995 0.02396449583333333
0 0.42162532031249994 0.4613165138888889 0.025462276562500018 0.03860946111111111
0 0.43435645742187495 0.4706360395833334 0.040440083593750044 0.05458579027777775
0 0.46094206914062497 0.4946005326388888 0.05466900234374998 0.05991123472222226
0 0.364709647265625 0.4819526055555556 0.05991123671874998 0.09053253333333326
0 0.239270498046875 0.4832839666666666 0.10559355390625 0.14112424722222225
0 0.565037839453125 0.5824703465277777 0.15651810234375 0.16109465694444447
0 0.0783056375 0.5361644770833334 0.15211793125 0.3693704541666667
0 0.3497318375 0.7096153006944445 0.0 0.010650884722222208
0 0.3351284734375 0.40739640347222217 0.023215603124999973 0.02130177361111115
2 0.234402709375 0.4113904854166667 0.026960056249999996 0.029289937499999988
0 0.256869423046875 0.40806208125 0.013480027343750001 0.01730769027777773
0 0.306296191796875 0.42137568819444443 0.016475589843749992 0.01730769027777781
0 0.379313011328125 0.43069521597222227 0.012731138281250009 0.02263313472222224
4 0.6238257386718751 0.49460053125 0.016475589843749992 0.030621295833333385
4 0.62794463828125 0.4147188875 0.02022004218750002 0.035946741666666705
4 0.6088479308593749 0.4573224326388889 0.02096893203125001 0.019970415277777754
4 0.495765473828125 0.4393490597222222 0.008986685156249941 0.01331360833333327
4 0.363927213671875 0.37316071249999994 0.02292454921874998 0.025471722222222187
4 0.386135370703125 0.37316071249999994 0.01862619609374998 0.015283033333333407
4 0.40404517421874997 0.37825505625 0.01432784374999998 0.020377376388888833