5 0.265995712109375 0.3439829861111111 0.006864405468749979 0.013728811111111088
5 0.24969275 0.3493219666666667 0.005148306250000001 0.012203386111111117
1 0.332923665234375 0.3866948416666666 0.05148303984374998 0.06864405555555551
0 0.30417896796875 0.4027117881944445 0.03174787656249998 0.04881355138888889
0 0.286159903125 0.40805076944444446 0.030031775000000004 0.06254236111111114
0 0.25140885078124997 0.40881348194444445 0.058347446875 0.08847456111111111
0 0.22094805117187502 0.4187287326388889 0.042044483593749994 0.08999997916666666
0 0.13342688203125003 0.41949144652777776 0.1741842890625 0.17694912083333333
0 0.428167291796875 0.40271178819444436 0.037754232031250015 0.02440677361111112
0 0.380116453125 0.3813558597222222 0.05491524374999997 0.009152541666666675
0 0.37882937695312496 0.3958473819444445 0.06263770078125001 0.013728811111111128
0 0.46720859765624995 0.4057626361111111 0.033463978124999995 0.06101693611111116
0 0.47536007890625004 0.4255931402777777 0.03432202656249998 0.09762710277777778
0 0.5404861210937499 0.4728812666666667 0.1381461609375 0.21355928333333338
2 0.70909310625 0.4438982201388889 0.07894066249999998 0.09762709861111113
2 0.6451683312500001 0.44771178194444444 0.11240463906249998 0.14491522777777782
0 0.025546516796875002 0.4919013895833333 0.04890888828125001 0.15864403749999997
0 0.85418945703125 0.47288126875000003 0.28916308125000006 0.1952542013888889
0 0.8331672140624999 0.6155083569444445 0.33120756250000005 0.23644063055555548
0 0.38340825195312495 0.47593211249999995 0.20839711796875 0.32338976666666663
4 0.004290253515625 0.2520762236111111 0.00858050703125 0.054915244444444435