0 0.0180339453125 0.5017011062500001 0.034118274999999997 0.032926843055555585
2 0.878213928125 0.3171374861111111 0.2435260796875 0.6342749722222222
0 0.24760119257812502 0.5112325590277778 0.11502732578125 0.14210532083333333
0 0.45523526406250003 0.45491032847222224 0.033143467187499984 0.046790776388888844
0 0.40308304375 0.4531773368055555 0.03021904218749998 0.05025675972222222
0 0.5419931617187499 0.4523108402777778 0.05458923906250002 0.07278565277777783
0 0.11453992187499999 0.49043665694444444 0.05166481562499999 0.05198975000000006
0 0.176927623828125 0.4982351208333333 0.07895943515625 0.10224651111111108
0 0.317299953515625 0.4783057159722222 0.05556404609375001 0.08664958472222221
0 0.34703159296874997 0.4722402458333333 0.013647309374999982 0.057188727777777774
0 0.348981208984375 0.46270879097222223 0.03119385078125001 0.05892171805555554
0 0.441587953515625 0.4488448569444444 0.019496155468749964 0.03119384999999997
0 0.0760350125 0.46617477430555554 0.05263962343749999 0.06238770138888891
0 0.376763232421875 0.4471118652777778 0.016571733593749992 0.027727866666666677
0 0.375788424609375 0.42978194791666674 0.014622117968750015 0.01039795138888885
5 0.340207938671875 0.38039168263888884 0.005848847656250022 0.019062906944444475
5 0.41867996953125 0.3743262125 0.006823656250000009 0.02079590000000001