0 0.45327002265625005 0.6450992097222222 0.010091354687499976 0.01943520277777774
0 0.44507079609375 0.6402404104166667 0.00882993593750001 0.02018270972222227
0 0.440025121484375 0.6447254590277778 0.013875613281249954 0.024667756944444442
0 0.42993376445312503 0.6458467243055556 0.013875613281249954 0.022425234722222204
0 0.4223652484375 0.6458467201388889 0.011352774999999937 0.026910279166666683
0 0.40596679687500004 0.6436041965277778 0.016398451562500017 0.02691028194444445
0 0.39902898984375 0.6436041965277778 0.01765987187500002 0.02691028194444445
0 0.3845226671875 0.6469679819444445 0.018921290624999986 0.033637852777777824
0 0.19762236640625003 0.6441648305555555 0.12277814531250002 0.11100490555555559
0 0.108902533203125 0.6637869076388889 0.11100490546875 0.10315607361111113
0 0.935342467578125 0.7678399909722222 0.1286647773437501 0.23053139861111108
0 0.030739216015624998 0.848570832638889 0.061478432031249995 0.2825579402777778
0 0.038938441015625005 0.6770177902777778 0.07787688203125001 0.12333878055555564
0 0.5794566457031249 0.64461333125 0.009161055468750057 0.02713453750000004
0 0.585298591015625 0.6480892430555555 0.010091355468749974 0.024667755555555556
0 0.59475923671875 0.6503317666666667 0.01639845312499997 0.029152802777777806
0 0.512136267578125 0.6772420472222223 0.12614193828125 0.22200981111111118
0 0.6168340757812499 0.6637869090277778 0.05297961406249998 0.07400327083333333
0 0.35067458671875 0.6514530298611111 0.070639484375 0.08073084027777781
0 0.31093987695312497 0.6503317680555556 0.013875611718750003 0.05606308333333329
4 0.613680528125 0.5471756930555556 0.026489807812500033 0.01121261666666666
4 0.367073038671875 0.5393268631944446 0.027751227343749997 0.013455140277777784
5 0.46294091171874996 0.5942686833333334 0.007568517187500045 0.020182708333333306
5 0.38914787734375 0.5337205548611111 0.006307096874999996 0.024667756944444442
5 0.28255794023437497 0.5247504611111111 0.010091355468750018 0.020182711111111157
5 0.5726843984375 0.5382055979166667 0.005045676562500034 0.024667756944444442
5 0.382840781640625 0.5348418152777777 0.0037842585937499784 0.022425236111111167
3 0.6519168589843749 0.6635383305555556 0.014327842968749938 0.04839626944444441