5 0.456676879296875 0.5562792402777778 0.004798575781249958 0.023459700000000003
5 0.574841788671875 0.5605446395833333 0.005998219531250015 0.02345969861111104
4 0.31691838125 0.5712081416666667 0.010796793749999978 0.023459702777777775
4 0.010603098828125001 0.4603077402777777 0.021206197656250002 0.027725099999999968
0 0.49806458906250006 0.6437199395833334 0.015595368749999939 0.023459698611111118
0 0.49086672578124996 0.6437199402777777 0.013196081250000002 0.01919430000000004
0 0.47887028828124995 0.6415872402777778 0.013196081250000002 0.023459700000000003
0 0.465674206640625 0.6415872416666667 0.020393944531249986 0.027725100000000048
0 0.43328382578125 0.6437199416666666 0.02279323125000001 0.03199050000000001
0 0.41768845703125007 0.6426535909722222 0.02519251875000004 0.029857798611111104
0 0.378100213671875 0.6394545423611111 0.03239038046875002 0.05331750138888888
0 0.30732123242187503 0.6362554930555555 0.04198753046874999 0.034123200000000034
0 0.34750929726562496 0.6437199416666666 0.05038503828125003 0.0618483
0 0.19815365 0.6565161430555555 0.11636544374999998 0.11729850000000003
0 0.522057465234375 0.6405208902777778 0.010796792968749979 0.017061600000000017
0 0.530454970703125 0.6437199402777777 0.010796792968749979 0.014928899999999995
0 0.54125176484375 0.6469189902777777 0.015595368749999939 0.02132699999999998
0 0.567044104296875 0.6490516902777779 0.009597149218750012 0.017061599999999937
0 0.55744695390625 0.6447862909722222 0.011996437500000035 0.021327001388888947
0 0.5928364453125 0.6565161395833333 0.027591807812500056 0.036255901388888866
0 0.61562967734375 0.6597151902777778 0.017994656249999963 0.0383886
0 0.6330245113281251 0.6575824902777777 0.03359002578124999 0.04691940000000001
0 0.6606163171875 0.6746440909722222 0.055183612499999944 0.059715601388888866
0 0.7361938734375 0.6949047416666667 0.08157577500000004 0.10023690277777778
2 0.880750946484375 0.7098336423611111 0.20513908046875012 0.194075701388889