0 0.518233141015625 0.47242491805555553 0.016398452343750057 0.01794018611111107
0 0.499311850390625 0.4757887034722223 0.021444128906249915 0.024667756944444442
0 0.48228268750000003 0.48251627569444444 0.02018270937500004 0.024667756944444442
0 0.45768501015625 0.4866275659722221 0.029012645312499964 0.03588037083333333
0 0.43813301015625006 0.48999134930555555 0.01513703125000001 0.038122895833333344
0 0.418581010546875 0.49671891875 0.021444128906250005 0.042607943055555514
0 0.385153395703125 0.5045677479166667 0.042888258593750006 0.05382055972222217
0 0.35109507265625 0.5169016291666667 0.022705546875000017 0.04709299166666672
0 0.32670761953125 0.5236291986111111 0.03784258125000002 0.056063083333333374
0 0.28760361796875 0.5213866763888889 0.04288825781250001 0.08297336388888894
0 0.21633342226562496 0.542690648611111 0.12740335703125 0.13455140277777775
0 0.166717596875 0.5303567708333333 0.0416268390625 0.08297336388888886
0 0.0756851640625 0.5617520930555555 0.143801809375 0.11885373333333331
0 0.593876246875 0.46599635625 0.010091354687499976 0.022425234722222204
0 0.61090540859375 0.48842159027777776 0.01639845312499997 0.031395327777777815
0 0.62478102109375 0.4940278986111111 0.018921290624999986 0.033637849999999976
0 0.648117280078125 0.5052405145833333 0.03784258203125006 0.06951822361111115
0 0.7036197328125 0.5097255631944445 0.0983907125 0.15473410972222218
0 0.7847290011718749 0.5411208881944444 0.14758606796875 0.1861294375
0 0.9027020722656249 0.6260573638888889 0.1916750257812499 0.2936555722222222
0 0.552767865234375 0.46529325833333335 0.01258641484374996 0.015636991666666707
0 0.5685217183593749 0.4720511631944444 0.008829933593750016 0.020182712499999964
0 0.58113591328125 0.4720511631944444 0.006307096874999996 0.020182712499999964