0 0.20081041757812498 0.4843711868055556 0.13647309921875 0.07451864583333329
0 0.5003688847656249 0.41695780833333335 0.008773269531250082 0.01386393611111111
0 0.494032634375 0.41695780833333335 0.009748078124999981 0.01386393611111111
0 0.48769638281249994 0.42735575694444444 0.012672501562499949 0.017329916666666632
0 0.481847535546875 0.43602071666666664 0.012672502343749947 0.017329916666666632
0 0.47453647578125 0.4464186666666667 0.01754654218749998 0.03119384999999997
0 0.46332618593749997 0.4611491020833333 0.01657173437499999 0.03639284027777781
0 0.449191473046875 0.47068056597222224 0.025345003906249986 0.04505778472222228
0 0.42969531796875 0.47674603125 0.02924423593750003 0.05372274027777774
0 0.41848502578125 0.48627748749999994 0.03801750624999998 0.048523769444444455
0 0.521814658203125 0.42042379166666666 0.00877327109374999 0.010397950000000043
0 0.528150908984375 0.4273557576388889 0.00974807890624998 0.013863931944444453
0 0.53253754375 0.44121969236111114 0.008773270312500081 0.020795901388888816
0 0.5383863894531251 0.4533506340277778 0.014622117968750015 0.045057784722222195
0 0.5588573554687499 0.4611490965277778 0.03411827343749998 0.04332479305555555
0 0.5783535125 0.48194500347222224 0.05166481562499996 0.0641207069444445
0 0.368282423828125 0.5101927659722222 0.06043808828124999 0.07625163472222225
0 0.78011214140625 0.5553101229166667 0.21835695625000007 0.21501011527777775
0 0.915149623046875 0.43307463749999997 0.11697694140625003 0.03985881111111114
0 0.9372603343750001 0.6209061888888889 0.12282578906250005 0.266880725
0 0.081866448046875 0.604442767361111 0.16084329453125 0.25821576527777784