0 0.335333899609375 0.6238770215277777 0.011697694531250002 0.020795901388888892
0 0.32119918515625 0.6230105256944444 0.012672501562499994 0.02252889305555554
0 0.29780379648437505 0.624743517361111 0.01852134765625002 0.02252889305555554
0 0.2719713890625 0.6230105263888889 0.02924423593750003 0.029460861111111174
0 0.22518061210937504 0.6282095006944445 0.02729461953125001 0.032926843055555585
0 0.188137913671875 0.6325419798611112 0.04289154453124999 0.0415918013888889
0 0.12185098046875001 0.6308089874999999 0.025345003124999987 0.03465983333333335
0 0.1423219453125 0.6342749715277778 0.04679077656250001 0.05892171805555554
0 0.038504909765625 0.6472724104166667 0.07506020390625 0.07798462916666667
0 0.35190563203125 0.6221440298611111 0.013647309375000027 0.017329918055555598
2 0.420629585546875 0.6308089881944444 0.03996712109375 0.06238770138888891
4 0.55710268359375 0.5814187236111111 0.04191673749999998 0.05372274166666663
0 0.25492594179687506 0.6317788104166666 0.01200593203125 0.01778656527777779