4 0.37764582343750003 0.3414062076388889 0.010546875 0.007812498611111115
4 0.379403634375 0.3523437055555556 0.024609371874999963 0.017187497222222268
4 0.35259699843750003 0.3367187076388889 0.011425779687500004 0.010937498611111115
4 0.35303645078125 0.35156245625000004 0.024609371875000008 0.028124995833333385
4 0.323153641796875 0.3453124576388889 0.010546874218750002 0.018749998611111113
0 0.120126323828125 0.43828119374999996 0.07558592734375 0.0828124902777778
0 0.368856760546875 0.3992187 0.008789060156250006 0.02343749722222223
0 0.383798165625 0.41093744930555554 0.026367184374999963 0.05312499583333334
0 0.44092706484375005 0.4140624493055555 0.024609371875000008 0.04687499583333334
0 0.41192316210937496 0.42734369791666665 0.047460930468750016 0.06718749305555557
0 0.49058526210937503 0.42421869791666666 0.05537108671874993 0.06406249305555557
2 0.338973951953125 0.4124999506944445 0.038671869531250014 0.0687499930555555