2 0.9518122300781251 0.5138293506944445 0.09438557578125 0.2227118208333334
4 0.98227302890625 0.3368802347222222 0.03174787499999994 0.1220338805555556
0 0.8118678906250001 0.531355832638889 0.10210803125000005 0.06406778472222222
0 0.523562860546875 0.5112710854166667 0.01115465859375 0.02288135138888884
0 0.5982132703125 0.5127965090277778 0.033463978125000085 0.02593219861111109
0 0.08595701093750001 0.5206778590277777 0.0832309171875 0.08237286527777772
0 0.184628374609375 0.4949999118055556 0.05633638984375002 0.03915255416666667
0 0.162600604296875 0.5130507645833333 0.05920549609374999 0.05491524305555555
0 0.44575733007812507 0.5150846548611111 0.014586861718750033 0.027457618055555598
0 0.4285963171875 0.5074575395833334 0.007722456249999965 0.012203387500000041
0 0.42087386093750007 0.5135592333333333 0.014586860937499946 0.015254236111111099
0 0.41787068320312504 0.5051694048611111 0.018877114843749966 0.007627118055555589
0 0.40585797343749996 0.5097456729166667 0.018877114062500013 0.019830504166666665
0 0.38998403671875004 0.5089829611111111 0.018019064062500024 0.015254230555555557
0 0.39684844179687506 0.4967795736111111 0.012870760156250017 0.012203386111111157
0 0.366816667578125 0.5051694027777778 0.014586861718749988 0.013728811111111048
0 0.33978807109375 0.5074575395833334 0.015444912499999974 0.012203387500000041
0 0.31490460117187496 0.5188982152777778 0.024025419531250015 0.022881352777777725
0 0.46527798359375006 0.5148304104166667 0.010296607812500014 0.012203387500000041
0 0.532205935546875 0.5155931215277778 0.015444908593750029 0.016779656944444415
0 0.5789697 0.5293219340277777 0.04032838281249997 0.050338973611111094
0 0.43653328515625 0.520169392361111 0.01973516562499995 0.028983045833333262
0 0.345579912109375 0.5361863409722223 0.057489392968749976 0.06101694305555551
0 0.245617008203125 0.540762607638889 0.12012709609375001 0.12813556527777778
0 0.71411268203125 0.56669480625 0.12956565312500007 0.14949149305555554