5 0.41477140078124997 0.3922483097222222 0.0062371640624999895 0.02772072777777773
5 0.52937928828125 0.4074947097222222 0.00779645468750001 0.027720730555555583
5 0.42568643828125 0.39016925416666665 0.00779645468750001 0.03187883888888889
5 0.54029432421875 0.4761035125 0.009355745312499941 0.018018474999999985
5 0.8884060355468749 0.41026678125000005 0.02884688359375005 0.04712524027777781
5 0.8482542917968751 0.40888074374999994 0.010915035156249964 0.04435316527777778
5 0.221419319140625 0.3478951416666667 0.012474327343750025 0.03880901666666669
5 0.2140126859375 0.45184787638888885 0.008576099999999975 0.027720730555555583
5 0.142675125 0.4511548576388889 0.007796456249999984 0.029106768055555517
5 0.152810515625 0.4733314395833333 0.009355745312500007 0.020790545833333358
4 0.20777552265625002 0.3430440166666667 0.017931846875 0.03742298333333337
4 0.46808188671875 0.39432736319444445 0.03957145937500002 0.0180184736111111
4 0.528989465234375 0.46155012986111105 0.017931846093750002 0.016632437499999972
4 0.1980299546875 0.38601114444444445 0.012474328124999979 0.009702255555555596
4 0.859169329296875 0.32156045069444444 0.049897310156250006 0.030492801388888876
4 0.967150230078125 0.40402961805555554 0.03664333828125006 0.07068785833333335
4 0.9624723566406249 0.39709943541666665 0.03196546484375009 0.10949687638888889
4 0.65996990703125 0.46917333194444444 0.013253973437499945 0.03465091111111115
4 0.29938386835937497 0.4428386381944444 0.01871149296875001 0.02910676527777775
4 0.295485640625 0.47333144027777774 0.014033618749999999 0.03187883888888889
3 0.769120276171875 0.54609835 0.01637255546875007 0.07484596666666667
3 0.5668022710937499 0.5398611888888889 0.014033618749999999 0.056827494444444446
3 0.555497410546875 0.5426332604166666 0.011694682031250014 0.06514371250000003
3 0.19140296796874998 0.5336240229166667 0.011694681249999995 0.08870633194444445
3 0.54029432421875 0.5398611875 0.010915037500000047 0.03465091111111107
3 0.5317182234375 0.5363960972222223 0.009355745312499941 0.022176583333333375
3 0.51924389609375 0.5370891145833334 0.00779645468750001 0.026334693055555566
3 0.5118372640625 0.5370891152777778 0.008576099999999975 0.03187883888888889
3 0.5052102781250001 0.5377821340277779 0.007796456250000005 0.033264876388888906
3 0.49819346796874997 0.5370891152777778 0.00779645468750001 0.03742298333333333
3 0.481041266796875 0.5294659152777778 0.006237163281249991 0.024948655555555553
3 0.47675321601562504 0.5301589333333333 0.008576100781249974 0.023562619444444426
3 0.471685521875 0.5225357333333334 0.00779645468750001 0.022176583333333295
0 0.180098107421875 0.5315449694444444 0.017152200781249995 0.08732029444444452
3 0.5009222273437499 0.5343170423611111 0.007016809374999955 0.034650909722222185
0 0.090828699609375 0.5218427138888889 0.08342206796875 0.0762320027777778
0 0.13409902421875 0.5176846055555556 0.021830073437500007 0.03742298333333333
0 0.16021714765625 0.5190706409722222 0.033524754687500005 0.03187883750000001
0 0.204656941015625 0.5176846055555555 0.021050428906249995 0.03187883888888889
0 0.21869055976562501 0.5183776222222223 0.01637255546875003 0.03049279999999999
0 0.23155470937500003 0.5149125340277778 0.028067237500000043 0.0180184736111111
0 0.24246974726562504 0.5204566770833333 0.024948655468750004 0.015246398611111149
0 0.25806265703125 0.5176846041666666 0.021830073437500007 0.020790544444444472
0 0.26897769296875 0.52322875 0.02027078281249999 0.018018474999999985
0 0.28184184492187503 0.5190706402777778 0.016372553906249986 0.009702255555555596
0 0.30757014570312496 0.5197636604166667 0.01169468203124997 0.019404512500000002
0 0.31575642304687496 0.5162985694444444 0.010915036718750003 0.020790544444444396
0 0.32511216992187497 0.5190706416666667 0.010915036718750003 0.018018474999999985
0 0.419059451171875 0.5273868604166667 0.014813264843749962 0.023562620833333308
0 0.8837281625 0.5502564604166666 0.04911766562499995 0.07207389583333336
0 0.9558453695312501 0.5544145708333333 0.043660146875000014 0.041581091666666715
0 0.44907580156249993 0.5447123145833334 0.053015892187500045 0.07484596527777777
0 0.96349924375 0.5883724631944445 0.07300151249999995 0.10672480694444443
0 0.60422525390625 0.5287728965277777 0.04366014843750001 0.03187883750000001