0 0.167852363671875 0.48970440000000004 0.10852317734374999 0.17414524999999997
0 0.45331133125 0.43067888125000003 0.010517665625000028 0.018698068055555614
0 0.463303112109375 0.4418977215277778 0.009465897656249922 0.011218840277777847
0 0.46277722968749996 0.4540514673611111 0.012621196874999985 0.01682826527777779
0 0.4506819148437501 0.44750714236111105 0.015776496875000046 0.048614979166666614
0 0.43911248320312507 0.4512467590277778 0.019983560156250045 0.059833823611111114
0 0.41124067421875 0.45872598611111115 0.048381256250000025 0.0860111222222222
0 0.10540202070312502 0.6281215909722222 0.21080404140625003 0.4634450236111112
0 0.330951286328125 0.4844511326388889 0.12309765390625 0.16595371527777777
0 0.488194924609375 0.4471955125 0.04101889296875001 0.08040170000000002
0 0.5160667269531249 0.4344184916666667 0.021035328906249973 0.041135752777777805
0 0.538854998828125 0.4487536770833333 0.03996712578124999 0.06731305138888888
4 0.5815216527343751 0.3365652576388889 0.011569432031250049 0.04487536805555558
4 0.62087745625 0.3045031229166667 0.02507151875 0.027223604166666644
4 0.42999717226562506 0.3474724583333333 0.02559298515624997 0.02680058888888885
4 0.482024557421875 0.36554726666666665 0.013672963281250006 0.02056787500000006
5 0.42701717031249997 0.36928687916666675 0.004207067187499991 0.020567875000000017
5 0.43122423593750003 0.3720915909722223 0.004207065624999995 0.026177298611111077
5 0.43648306796875 0.3739613986111111 0.004207065624999995 0.022437683333333305
5 0.46488076132812506 0.3879849479166667 0.004207066406249993 0.01682826249999994
5 0.46961371054687506 0.3879849493055556 0.005258832031249927 0.024307490277777708