4 0.556215319921875 0.3472125104166667 0.043705069531250015 0.11411879861111116
4 0.5620198992187501 0.43098056041666666 0.017755185937499984 0.04370507361111109
0 0.23901210546875 0.6058008493055556 0.032778801562499994 0.029136715277777763
0 0.1358954546875 0.6227972631944444 0.031413015625000006 0.02428059861111104
0 0.084678575390625 0.6203692034722222 0.06555760234375 0.11169073749999998
0 0.17946394843750002 0.6162415013888889 0.04643663906250002 0.04370506944444443
0 0.285312167578125 0.6223116534722222 0.058728689843750015 0.08012596527777778
0 0.380234119921875 0.61745553125 0.06282603984374995 0.07041372083333333
0 0.670941130859375 0.619155176388889 0.19940438828125 0.15053968888888888
0 0.03568109375 0.6373656201388889 0.0713621875 0.20638505416666666
0 0.8812717855468749 0.63250950625 0.23491475390624988 0.23552177361111118