4 0.59123765546875 0.4773256173611111 0.064404578125 0.05591715138888891
4 0.6508485281249999 0.46344099097222224 0.05402157656250006 0.08013611527777782
0 0.12599386953125 0.7774730944444445 0.2507673796875 0.25731320833333327
0 0.23850771171875002 0.6935557618055556 0.04443416718749997 0.036390526388888844
0 0.312836504296875 0.6831656104166667 0.04293638515625 0.036390531944444464
0 0.341294340625 0.6858283319444445 0.017973368750000017 0.02218934722222217
0 0.37522086640625 0.6461537965277778 0.00649038437499998 0.00710059027777774
0 0.380463099609375 0.6532543875 0.004992602343750008 0.007100591666666705
0 0.385455703515625 0.6576922569444444 0.004992602343750008 0.0088757388888889
0 0.390448306640625 0.6612425534722222 0.005991124218750032 0.010650887500000058
0 0.405925376171875 0.6545857486111111 0.004992602343750008 0.009763313888888882
0 0.40193129296874996 0.6656804222222222 0.006989643749999974 0.010650886111111093
0 0.359993428125 0.6430472875000001 0.004992603125000006 0.007988163888888837
0 0.362739359375 0.6528106013888889 0.0044933421875000155 0.007988163888888917
0 0.35500082499999996 0.6465975847222222 0.00599112343749999 0.009763313888888882
0 0.3619904703125 0.6612425520833333 0.00698964531249997 0.008875737499999935
0 0.3737230859375 0.6607987666666666 0.008487424999999993 0.009763313888888882
0 0.375470497265625 0.6714496534722223 0.007988164843750001 0.009763312499999996
0 0.37846606015625 0.6807691770833333 0.00599112343749999 0.00710059027777774
0 0.3624897296875 0.6816567506944444 0.007988164062500002 0.008875737500000013
0 0.407922416015625 0.6643490604166666 0.004992602343750008 0.011538459722222191
0 0.41416317031250005 0.6714496513888889 0.008487424999999948 0.011538461111111155
0 0.421901705078125 0.6705620777777778 0.00898668515625003 0.009763313888888882
0 0.42265059453125 0.6798816027777778 0.00649038437499998 0.010650886111111093
0 0.43538173281250003 0.6834319 0.022965973437500065 0.03195265833333328
0 0.504778913671875 0.6785502423611111 0.01597633046875 0.02041419861111109
0 0.47382477578125004 0.69807686875 0.05192307031250003 0.06656804027777778
2 0.586775019921875 0.6845415340277778 0.09662166328125003 0.14068079027777777
2 0.533486381640625 0.6510354527777779 0.05242233046875002 0.10917158333333335
0 0.396368101171875 0.6633346944444445 0.004992602343749963 0.015088758333333313