4 0.09699338046875 0.7304560118055554 0.014622117187499995 0.025994873611111143
4 0.5234718132812499 0.6585368555555556 0.007798462500000003 0.013863933333333339
4 0.511286715234375 0.6464059138888889 0.00877327109374999 0.013863933333333339
4 0.484966903125 0.6160785590277779 0.008773270312499993 0.019062909722222247
0 0.37042698164062504 0.6646023284722222 0.011697692968750006 0.012130945833333268
0 0.359216691015625 0.6698013027777777 0.012672502343749992 0.012130944444444462
0 0.353855248046875 0.6793327569444445 0.0058488492187499744 0.01386393333333326
0 0.3494686125 0.6862647236111111 0.008773270312499993 0.010397949999999965
0 0.34264495781250004 0.6931966902777779 0.010722885937500015 0.017329916666666712
0 0.33777091875 0.6992621604166668 0.010722885937500015 0.02252889305555554
0 0.330459859375 0.7070606243055555 0.009748078125000026 0.020795901388888816
0 0.32022437734375 0.7070606243055555 0.01657173125 0.020795901388888816
0 0.316325145703125 0.7174585743055556 0.016571732031249998 0.020795901388888892
0 0.379200253125 0.6758667743055555 0.007798464062499999 0.013863937499999994
0 0.3845616953125 0.6845317319444444 0.008773270312499993 0.02079590000000001
0 0.39723419765625 0.6862647222222222 0.016571734375000036 0.04505778333333339
0 0.40113342812499997 0.69492968125 0.01657173437499999 0.031193851388888937
0 0.41136891093750005 0.6905972041666667 0.023395389062500004 0.043324797222222204
0 0.42355400898437506 0.6983956666666666 0.02047096484374995 0.055455733333333354
0 0.44061314648437494 0.7018616486111111 0.03119385078125001 0.07278565277777777
0 0.44110055039062496 0.7131260951388889 0.02047096484374995 0.060654709722222186
0 0.474244016796875 0.7113931034722222 0.06531212578124998 0.09878052916666659
0 0.29487937382812496 0.7287230215277778 0.026319813281250014 0.03292684027777774
0 0.37042698164062504 0.6949296819444445 0.015596925781250003 0.02079590000000001
3 0.7486524265625001 0.6646023277777778 0.03509308281250005 0.17503216666666668
3 0.6536086609375 0.6550708722222223 0.032168659375 0.09704753611111114
3 0.567338165234375 0.6620028395833333 0.015596924218750008 0.06931967083333335
3 0.543942778125 0.6559373673611111 0.013647309375000027 0.025994873611111143
0 0.530782872265625 0.6524713847222222 0.00877327109374999 0.015596924999999985