5 0.18928425 0.4817369673611111 0.007993423437500003 0.04263159027777779
5 0.258027689453125 0.5101580270833334 0.009592108593750037 0.03410527083333332
5 0.3248527359375 0.44905274861111116 0.010231524999999974 0.022736847222222186
5 0.48424156445312505 0.46326327777777776 0.006394739843749964 0.02842105833333335
5 0.584958695703125 0.5499475111111112 0.006394738281249967 0.01421052777777771
5 0.24883525234374998 0.5364475083333333 0.008792765624999976 0.012789477777777829
4 0.08417073593749999 0.4717895965277778 0.03277303437499999 0.05684212083333336
4 0.035011183984375 0.45544748749999997 0.022381583593749997 0.02984211388888885
4 0.191282605859375 0.45189485486111114 0.02318092734374999 0.014210529166666595
4 0.182489840625 0.4320001125 0.0167861890625 0.017052636111111102
4 0.5361988144531249 0.4746317027777778 0.015986846093750007 0.02842106111111112
4 0.5773649445312501 0.5186843465277778 0.016786189062500068 0.008526318055555511
4 0.5809619847656251 0.5058948694444444 0.009592108593750037 0.008526316666666705
4 0.82396204765625 0.49665802569444445 0.015986845312500008 0.08952634027777774
5 0.379927392578125 0.5300527694444445 0.003996711718750001 0.019894741666666643
5 0.40710503085937494 0.5257896111111111 0.005595396093749994 0.01421053055555556
5 0.43987806562500004 0.5279211902777777 0.003996710937499958 0.021315794444444456
4 0.45626458359375005 0.5350264548611111 0.006394739062500055 0.012789476388888863
0 0.37073495546875 0.5748159395833333 0.011190792187500031 0.018473690277777798
0 0.3643402171875 0.5805001513888889 0.011190792187499988 0.02984211388888885
0 0.35035172617187504 0.5840527840277777 0.024779611718750028 0.039789484722222254
2 0.42269220625 0.5584738291666667 0.02238158593749997 0.05400001388888885
0 0.4258895750000001 0.5812106784722223 0.01918421562499999 0.03126316805555555
0 0.505424135546875 0.5925791034722222 0.05515461953124996 0.08242107361111108
0 0.45626458203125003 0.60607910625 0.06075001562500004 0.08952633750000005
0 0.39351621132812503 0.5812106784722223 0.029575664843750005 0.048315801388888954
0 0.2772119046875 0.5819212041666667 0.047960539062500016 0.06678949166666667
4 0.65849818828125 0.5044738152777778 0.020782899999999938 0.01421052777777771
4 0.6628945710937499 0.49026328611111114 0.011990134374999961 0.01421053055555556
3 0.642911013671875 0.58831594375 0.01358881796875 0.034105270833333395
3 0.929853119921875 0.6230873333333333 0.027177638281249906 0.11652634722222217
0 0.22323451484375 0.6586136590277778 0.19344083906250004 0.3041053430555556
3 0.13290883281250002 0.6053241708333333 0.015986845312499987 0.09805265555555556
5 0.175673646484375 0.5207715166666668 0.018384872656250016 0.03126316666666666
0 0.6728645671875 0.630903125 0.08712831249999997 0.08668423333333332
0 0.74920175703125 0.6081662770833334 0.0511579078125 0.05257895972222223
0 0.8111507863281251 0.6593241854166667 0.17025991171875007 0.16626320138888895
3 0.54832941328125 0.5952826576388889 0.008773270312499993 0.05025675972222222
3 0.559052299609375 0.5848847076388889 0.0068236554687500115 0.06758667638888893