4 0.650196832421875 0.45491032847222224 0.03119385078125001 0.05718872638888889
5 0.657020488671875 0.36652775000000004 0.03899231484375001 0.06412069444444445
5 0.032168658984375 0.02772786736111111 0.023395388281250002 0.05545573472222222
5 0.042404141015624994 0.04159180208333334 0.024370196093749998 0.08318360416666667
0 0.0926067453125 0.6186780458333333 0.017546540625000006 0.017329916666666632
0 0.0906571296875 0.637740954861111 0.025345003125000008 0.034659834722222234
0 0.078472031640625 0.6602698479166667 0.032168658593749996 0.051989751388888866
0 0.0638499140625 0.6724007895833334 0.039967121875 0.06238770138888891
0 0.02242058046875 0.65333788125 0.0448411609375 0.0415918013888889
0 0.0048740390625 0.6724007909722223 0.009748078125 0.020795901388888892
0 0.02924423515625 0.7070606243055555 0.0584884703125 0.08664958750000006
0 0.125750212109375 0.6290759972222222 0.025345003906249986 0.031193852777777822
0 0.05995068203125 0.612612575 0.0321686578125 0.015596927777777757
2 0.014622117578125 0.6230105263888889 0.02924423515625 0.046790777777777806
2 0.172053584765625 0.6490054020833333 0.02631981171875002 0.1888960958333333
1 0.39599389023437503 0.44157065625 0.46746395703125004 0.8151905736111111
3 0.823712630078125 0.6117460784722222 0.03899231484375001 0.14210532083333333
3 0.70039943671875 0.6212775340277777 0.045815968749999936 0.18543011527777778
3 0.72671924921875 0.6143455666666666 0.039967121875 0.1854301138888889
3 0.63898654296875 0.6074136 0.018521348437499974 0.08838257777777782
0 0.66725265078125 0.6302024923611111 0.03606125156250002 0.0889025763888889
5 0.3319220859375 0.008667181944444444 0.02808168437499998 0.017334363888888888