4 0.33877452578125 0.3181268666666667 0.020647657812499977 0.021752266666666662
4 0.373952016015625 0.31472807569444444 0.04664841171874996 0.047583076388888895
4 0.2936555703125 0.3371600986111111 0.019118199999999995 0.01631419722222221
0 0.5179940109375 0.44436769722222225 0.014529832812499954 0.024471300000000046
0 0.479375244140625 0.4464069701388889 0.013765103906249987 0.025830815277777773
0 0.44305066171875007 0.4498057618055556 0.016059289062499982 0.021752265277777776
0 0.38951969804687503 0.44436769513888885 0.023706569531250034 0.027190329166666614
0 0.370783861328125 0.45728310069444444 0.033648033593749994 0.04486404583333328
0 0.29278159921875 0.44572721249999997 0.03364803437499999 0.04078549722222225
0 0.13408550703125 0.4695770229166667 0.0902379109375 0.10604229027777781
0 0.07949138984375001 0.5261594493055556 0.15898277968750002 0.24743200694444445
0 0.24267369804687497 0.4577039 0.06117824453125 0.0815709944444445
0 0.33252924453125 0.46042293125000006 0.05429569218750001 0.07341389027777778
0 0.42047297460937505 0.4563443833333333 0.03135384921874999 0.04622356111111109
0 0.4977105082031249 0.4441087326388889 0.022177113281250004 0.032628395833333296
0 0.4587093769531251 0.4719788236111111 0.03900113046875005 0.05845921111111115
0 0.9280154128906251 0.5227872125 0.14223941796874992 0.25694862500000004