0 0.683910206640625 0.4071327166666666 0.009941464843750048 0.013595166666666674
0 0.670909830078125 0.40373392569444444 0.017588744531250013 0.017673715277777783
0 0.65905654609375 0.4050934423611111 0.010706193750000014 0.012235648611111098
2 0.6479679890625001 0.39897561875000004 0.022177114062500003 0.03806646249999998
0 0.57380095546875 0.4037764104166666 0.010706193750000014 0.01359516527777779
0 0.6173904542968749 0.40513592638888885 0.012235647656250048 0.010876133333333291
0 0.56003585 0.4024168951388889 0.013765104687500074 0.019033231944444475
4 0.722204988671875 0.38816852152777775 0.01911820078125004 0.01495468194444448
0 0.60511839765625 0.4049417152777778 0.012235648437500047 0.01631419722222221
0 0.590588565234375 0.40630123402777785 0.016824016406249954 0.021752262500000008
0 0.5408812421875 0.39950365069444443 0.030589121875000024 0.02447129861111108
0 0.53399868984375 0.4029024423611111 0.021412384375000038 0.01495467916666663
0 0.5106744839843749 0.40494171805555557 0.02676548203125 0.01903323055555559
0 0.489262098828125 0.4056214736111111 0.02523602578125006 0.017673713888888817
0 0.4590553406250001 0.39814413402777776 0.04282477031249998 0.04350452916666667
0 0.44108423085937504 0.40358219930555556 0.03594221796874999 0.04078549583333329
0 0.385149828125 0.4035822 0.09100263906250002 0.08157099166666673
1 0.35202981992187504 0.3788519472222222 0.12388594296875 0.13051358611111108
0 0.14407058242187498 0.4255552284722222 0.21947695078125 0.12235648750000003
4 0.9761932796874999 0.3175002173611111 0.02753020937499997 0.025830815277777773