4 0.7925922316406251 0.36448439097222224 0.03519699140625008 0.057879495833333336
4 0.6624073640624999 0.37543456388888885 0.02463789375000003 0.04380070000000001
4 0.6338098089843751 0.3965527590277778 0.01847841953125 0.02346466249999995
4 0.6206109375000001 0.4043743118055556 0.014958720312500073 0.02659328194444449
4 0.584973984765625 0.39264198125000005 0.01231894609375006 0.01564310694444444
4 0.584973984765625 0.4114137125 0.010559097656250049 0.02502897222222218
4 0.5458173335937501 0.3832561194444444 0.009679173437500044 0.01877172777777779
4 0.5458173335937501 0.4051564673611111 0.009679173437500044 0.01564310694444444
4 0.546697258203125 0.4200174201388889 0.007919324218750034 0.014078795833333322
4 0.47102372812500004 0.4004635368055555 0.029037517187499962 0.025028970833333376
0 0.46416031210937503 0.4399623805555556 0.014958721093750071 0.021900350000000027
0 0.44788170507812497 0.43683376041666666 0.015838646093749985 0.02190034861111106
0 0.43820253124999997 0.4438731583333333 0.014078796874999976 0.020336038888888908
0 0.421043998828125 0.43918022500000004 0.025517817968750033 0.035979144444444465
0 0.39552618046875 0.4391802284722222 0.03431706562500003 0.04223639027777782
0 0.337891109375 0.4485660895833333 0.026397742187499997 0.03910776805555558
0 0.363848889453125 0.45325902430555554 0.04839586171875001 0.05475087638888883
0 0.309293553125 0.4470017784722222 0.0448761625 0.06100811527777776
0 0.232300137890625 0.4493482465277778 0.12318946796875 0.10637312916666669
2 0.09019228828125 0.46264488680555554 0.1803845765625 0.13922365138888884
0 0.544233465234375 0.4446553145833333 0.01847841953125 0.04067207638888885
0 0.50683666328125 0.4845452361111111 0.09503187500000002 0.13609503055555558
0 0.5640317734375 0.44426423541666665 0.015838646874999984 0.03441483472222223
0 0.581630268359375 0.44348208055555555 0.028157592968750044 0.045365011111111166
0 0.60054865 0.4395713034722222 0.036076915625 0.03441483472222223
0 0.627386355859375 0.44269992569444444 0.04223638828125002 0.0375434541666667
0 0.67138259453125 0.4380069916666666 0.05631518437500001 0.06570105
0 0.745296273828125 0.4403534597222222 0.09679172421875001 0.10793743611111108