0 0.793816186328125 0.14945673055555556 0.05022638984375005 0.014881891666666666
0 0.6036733996093749 0.30996858680555556 0.016742132031250013 0.021259848611111132
0 0.2337918953125 0.3928819958333334 0.08251478593749999 0.08929136111111112
2 0.506449451171875 0.15158270763888887 0.08490651953124999 0.0191338625
2 0.545075959375 0.2987008715277778 0.05500985781250005 0.04464568472222226
2 0.8245125695312501 0.08078742291666667 0.15147146250000007 0.11905515138888888
2 0.91041316640625 0.12224412916666666 0.1757923703125 0.06590553055555556
2 0.3485950765625 0.1275590902777778 0.14948330781250005 0.06803151666666667
2 0.31331701679687496 0.3390945833333333 0.12676184765624998 0.15519689444444443
0 0.39882146875 0.3433465506944445 0.05142225781250005 0.07866143749999996
0 0.4909031871093751 0.32527568055555556 0.0059793320312500065 0.038267727777777774
0 0.12556597929687502 0.38905522638888895 0.14589571015625 0.14881893888888892
0 0.455027193359375 0.3720473458333334 0.07533958828124998 0.11905514722222223
1 0.644332877734375 0.34972450625 0.06457678984375007 0.12118113472222222
0 0.904433834765625 0.4315749236111111 0.1877510351562499 0.23385833333333336
4 0.50226391875 0.2827559854166667 0.009566932812500007 0.05527560972222222
4 0.544119244140625 0.2795670069444445 0.026309061718750026 0.027637802777777765
4 0.5871704390625 0.2816929923611111 0.007175198437500007 0.019133865277777752
4 0.76810505703125 0.27000007569444445 0.008371064062500011 0.021259851388888862
4 0.36354340859375 0.22641738541666664 0.023917331249999972 0.04039371527777777
4 0.3635434078125 0.3231496944444444 0.014350396875000015 0.034015755555555555
4 0.312121151171875 0.2880709458333333 0.05740159140625001 0.10417325833333335