5 0.39507613164062505 0.055788071527777774 0.016092713281250014 0.08225165416666667
3 0.63546105703125 0.3543973326388889 0.03419701875000003 0.09298012916666672
5 0.3407632203125 0.33294038125000003 0.012069535937499997 0.010728476388888887
0 0.432290534765625 0.3937350777777777 0.014081125781249959 0.021456952777777774
0 0.39105295390625 0.38926488124999997 0.02413907187500004 0.03397350972222218
0 0.370434163671875 0.39462911805555556 0.01709851015624997 0.02324503333333333
0 0.316624148046875 0.39373507708333333 0.02816224921875001 0.02860926805555558
0 0.28242713007812503 0.3865827611111111 0.04425496640625002 0.05006622222222224
0 0.246721419140625 0.39194700069444444 0.04727234921875003 0.05364238472222224
0 0.342271912109375 0.3964171979166667 0.02916804296875002 0.04112582638888888
4 0.324670505078125 0.346350975 0.010057946093749992 0.01251655555555556
1 0.13558110859375 0.34813905486111113 0.18908939687499998 0.18774833750000003
0 0.08327978515625001 0.5242648763888889 0.164950325 0.3862251499999999
0 0.41185631484375007 0.3994545923611111 0.014622117187499927 0.02946085972222221
4 0.9811440968749998 0.22008994930555556 0.03606789062499995 0.12130942083333333