0 0.08069616953125 0.4734175298611111 0.04936706875 0.05569617916666666
0 0.12389235507812499 0.4717297666666667 0.07879743671875 0.05907170555555557
0 0.26781634570312496 0.4894512763888889 0.03892403671875 0.03713078611111106
0 0.35601251484374996 0.4894512798611111 0.060759468750000024 0.07763709861111118
0 0.445252983984375 0.4911390402777777 0.01708860078125003 0.03375526111111111
0 0.47136056874999993 0.5004217381944445 0.025632901562499998 0.018565395833333297
0 0.7947149031249999 0.5215187770833334 0.10917717187499995 0.0776370986111111
0 0.65980986015625 0.5358647611111111 0.11582273750000001 0.10970459444444443
1 0.5497782644531249 0.46751035763888893 0.13006323984375 0.14514762083333332
5 0.079746803125 0.2473938472222222 0.011392400000000002 0.03909167777777777
5 0.096360721484375 0.24894504722222222 0.010443035156249992 0.04219407777777779
5 0.11344931992187499 0.36202516875 0.016139233593750003 0.032067498611111134
5 0.465949195703125 0.2759492541666667 0.00949366640624998 0.03881854999999999
5 0.48208842968750004 0.2751053729166667 0.009493667187499976 0.043881837500000034
5 0.532214979296875 0.35443023819444447 0.007594933593749964 0.033755265277777724
5 0.54550611328125 0.3569618777777778 0.007594932812499966 0.02869197222222218
5 0.900949002734375 0.42742598819444444 0.020886066406249883 0.03881855138888884
5 0.872942683984375 0.42573822499999997 0.016139233593749934 0.035443025
5 0.5399997984375 0.35527411875000003 0.007594932812500055 0.035443026388888854
5 0.47306944492187497 0.2759492541666667 0.010443033593750073 0.04219407500000002
4 0.31376569609375 0.3741208138888889 0.021835434374999973 0.030379733333333388
4 0.30854417890625 0.23206741736111114 0.015189867187500017 0.03881855138888888
4 0.579746619921875 0.37552727430555555 0.03797466796875 0.02531644583333335
4 0.9493667039062501 0.31054839791666666 0.028481001562500018 0.05063289027777777
4 0.914240136328125 0.2852319527777778 0.032278467968750134 0.027004211111111134
4 0.9056958367187502 0.2945146486111111 0.030379734375000033 0.028691972222222223
4 0.8843350851562499 0.35274247152777777 0.021835434375000063 0.0405063125
4 0.949366703515625 0.35443023819444447 0.04367086953125003 0.033755265277777724
5 0.29838595703125004 0.3713078666666667 0.012341767187499996 0.03375526111111111
4 0.324493541796875 0.48523187152777775 0.009493666406250023 0.02531644583333335
4 0.27797457421875 0.4244724027777778 0.007594932812499966 0.02194091944444444
0 0.9478477406250001 0.5375525236111112 0.1025316046875 0.05907170555555557
4 0.9402528078125 0.5054850249999999 0.015189867187499928 0.05569617777777777
0 0.40981405312499997 0.5015745708333333 0.06599106093749993 0.10201516944444443