0 0.4028842234375 0.44796069791666665 0.008412007812500021 0.01495468194444448
0 0.39332512187499996 0.44524166319444447 0.007647279687500008 0.0149546819444444
0 0.38338365820312503 0.43640480763888895 0.01070619140625002 0.029909362499999995
0 0.37305982929687503 0.43640480625000005 0.016059288281250028 0.040785495833333366
0 0.34973562539062497 0.43980359722222223 0.03670694765625 0.05574017777777777
0 0.33405869921875003 0.45475827777777783 0.03135385000000004 0.07749243888888889
0 0.42812025039062507 0.4432023881944444 0.017588746093750007 0.02447129583333339
0 0.44838554375000006 0.4302869833333333 0.019882929687500005 0.05574017777777777
0 0.4717097499999999 0.4302869819444444 0.037471676562500014 0.07477340833333336
0 0.47973939335937493 0.4391238402777778 0.04894259453125001 0.09244712500000002
0 0.5220543546874999 0.4275679493055556 0.06882552812500001 0.11555890694444441
0 0.562967305078125 0.4642748958333333 0.14912197109375 0.18897279999999997
0 0.29569485 0.46223562152777775 0.07341389375 0.09788519027777774
0 0.8631464609374999 0.5193485944444445 0.27254489843749996 0.5546561944444444