4 0.45193343593749996 0.40499985833333335 0.05800779218749996 0.03749998611111115
4 0.382851428515625 0.3824998659722222 0.07804684765625 0.06749997638888894
4 0.273163966796875 0.3843748652777778 0.04218748515625004 0.04874998333333333
0 0.36281237265625 0.46781233819444445 0.008437496874999973 0.009375001388888885
0 0.3707225265625 0.4668748368055555 0.00949218437499999 0.01499999583333336
0 0.37177721328124996 0.4837498305555556 0.013710931250000025 0.014999994444444473
0 0.30638661171875 0.46312483819444444 0.01371093281250002 0.018749993055555574
0 0.310605358984375 0.4837498291666667 0.015820307031250015 0.022499988888888902
0 0.025839834375000002 0.4759373229166667 0.0284765515625 0.020624993055555603
2 0.284910541015625 0.4653748375 0.027421864843749998 0.04874998333333333
0 0.17311370625 0.5047498180555555 0.04851560937500001 0.04874998333333333
0 0.3824691015625 0.4981873208333334 0.01792968124999996 0.016874994444444506
0 0.40778159218750004 0.5056873173611112 0.022148429687500037 0.028124990277777803
0 0.45524251210937494 0.5300623104166666 0.05167966640624995 0.07312497361111114
0 0.22584806249999997 0.4672498319444444 0.02320311718750001 0.01874999444444446
0 0.26539883046875 0.46068733333333334 0.024257806250000024 0.016874994444444427
0 0.191043387109375 0.46537483125 0.021093742968749996 0.02624999027777777
0 0.9602926339843751 0.6899997583333334 0.07699216328124994 0.14249995000000007