0 0.2405485953125 0.6614727687499999 0.2963750140625 0.3544966874999999
0 0.950073109765625 0.8007444111111112 0.09833641015624987 0.3950901388888889
0 0.8100803011718749 0.6590447111111112 0.26359621171875 0.24280594999999994
0 0.40444261015625005 0.6104835208333333 0.11336002968749996 0.19424476111111108
0 0.5280460140625001 0.5825608361111111 0.12018894531250002 0.070413725
0 0.92685478984375 0.5449259145833333 0.10106797656249995 0.029136712499999995
0 0.681013764453125 0.6201957604166667 0.10653111015625001 0.13597133194444444
0 0.614773265625 0.5752766597222223 0.07238652500000002 0.04613313055555553
5 0.46317130078125 0.41988084861111113 0.009560484375000034 0.031564772222222204
5 0.575848435546875 0.42473696875000005 0.0054631335937499696 0.031564773611111166
5 0.782764630859375 0.4882133909722222 0.012292052343750016 0.026708654166666672
5 0.8005198171875 0.48699936111111114 0.012292051562500017 0.03399283333333329
5 0.681013764453125 0.5213390645833333 0.01365783515625001 0.014568354166666669
4 0.25147486132812497 0.3895301076388889 0.020486752343750015 0.029136715277777763
5 0.27537607148437504 0.38710204513888885 0.00819469921875 0.0388489513888889
4 0.6113588078125 0.4368772652777778 0.0300472375 0.016996416666666646
4 0.6782821968749999 0.47694024652777783 0.021852535937499962 0.01456835694444444
4 0.692622922265625 0.4951506951388888 0.028681453906250008 0.012140298611111117
4 0.801202710546875 0.4332351770833333 0.030047236718749915 0.019424476388888934
4 0.80666584375 0.45265965277777775 0.0136578343750001 0.004856119444444494
0 0.9452928671875 0.5607083013888888 0.10789689531249991 0.03642089444444447