0 0.006823655078125 0.5736202611111111 0.01364731015625 0.06931966944444438
0 0.048740392187499995 0.5450258979166667 0.093581553125 0.14037232916666662
0 0.12038876875 0.46530827847222217 0.08870751406249999 0.053722743055555515
0 0.15694406289062499 0.5944161618055556 0.25345003984375003 0.22528892361111105
0 0.33045985976562503 0.5363609395833333 0.07408539609375002 0.10917847916666663
0 0.782283296484375 0.7087936152777778 0.4298902601562499 0.4887036666666667
0 0.554178260546875 0.602214625 0.16279291015624997 0.2270219166666666
0 0.49666459726562506 0.55109136875 0.11600213359374996 0.18023114027777776
0 0.438663530859375 0.5536908569444444 0.01949615703124996 0.09184856111111112
0 0.430865067578125 0.5476253861111111 0.023395388281250006 0.09011557222222216
0 0.42940285625 0.5354944430555555 0.034118274999999976 0.0866495861111111
0 0.4147807378906251 0.5363609388888889 0.014622116406250019 0.06065471111111115
0 0.409419294921875 0.5259629888888889 0.02534500390625003 0.06758667777777781
0 0.395771985546875 0.5242299965277777 0.01559692578124996 0.025994873611111066
0 0.276845428125 0.5242299979166667 0.05069000781249997 0.05372274583333336
0 0.36262851874999996 0.5276959805555556 0.011697693750000005 0.06412069444444445
0 0.38309948359375 0.5198975180555556 0.009748078124999981 0.02079590000000001
0 0.37432621289062495 0.5103660631944444 0.011697694531250002 0.02946085972222221
4 0.20519705156249998 0.4349809236111111 0.016571732812499997 0.017329916666666632
4 0.444512377734375 0.46530827847222217 0.011697694531249959 0.02252889305555554