0 0.40239393515625005 0.6420482972222222 0.01365783437500001 0.024280594444444463
0 0.37166380781249997 0.6396202347222222 0.012292051562500017 0.014568358333333324
0 0.34298235390625 0.6432623229166667 0.015023617187500005 0.016996415277777763
0 0.330690302734375 0.6396202361111111 0.017755185156249985 0.024280594444444463
0 0.301325958984375 0.6493324722222222 0.01912096796874998 0.02913671388888888
0 0.112847838671875 0.6736130659722223 0.05736290546874999 0.06798566805555556
0 0.416051770703125 0.6456903868055556 0.01912096796874998 0.031564773611111166
0 0.4379043066406251 0.6517605347222222 0.03004723828125 0.043705069444444515
4 0.48434094414062495 0.6068414305555556 0.03551037109374997 0.06070148611111116
4 0.057533608203124996 0.6214097888888889 0.03687615390625 0.06555760555555558
4 0.7691067984375 0.6189817277777777 0.042339287500000024 0.03156477500000005