5 0.485742922265625 0.3289298840277778 0.012855200781249998 0.048972190277777806
5 0.271795661328125 0.4268742673611111 0.005509371093749982 0.022853690277777776
5 0.26444983203125 0.42932287777777783 0.005509371875000025 0.024486097222222173
5 0.099627801171875 0.15997582569444443 0.01377342734375001 0.08325272638888886
5 0.296587833203125 0.35504838680555556 0.011018742968750005 0.045707379166666666
5 0.500434579296875 0.3281136798611111 0.011018742968749962 0.04407496805555553
5 0.389328919921875 0.45462517638888883 0.005509371093749982 0.026118499999999992
5 0.424221606640625 0.4921705215277778 0.005509371093750026 0.019588876388888822
5 0.48895672226562503 0.44891175138888884 0.004591142968750006 0.021221283333333375
5 0.45865517851562493 0.5035973659722223 0.006427600781249954 0.019588876388888822
5 0.40861172070312496 0.49870014583333333 0.005509371093750026 0.01632406388888891
4 0.082640572265625 0.2731015861111111 0.04591142890625001 0.0734582888888889
4 0.293374033984375 0.38981864791666665 0.017446342968750007 0.013059248611111072
4 0.29566960546875 0.41103992986111104 0.014691657812499991 0.026118501388888878
4 0.52926696484375 0.44940148055555557 0.007345829687499972 0.024486097222222173
4 0.8204372429687499 0.28779324375000004 0.0174463453125 0.031015720833333305
4 0.8264057277343749 0.32370618402777773 0.029383314843750164 0.024486095833333325
4 0.58390155234375 0.45348249513888894 0.010100514062499944 0.01305924861111115
4 0.08677260078125 0.21841597152777778 0.054175485937500004 0.03591294027777777
4 0.82649758359375 0.21596736180555556 0.02662862812500002 0.03754534583333332
0 0.308249340234375 0.5220435638888888 0.02479217265625002 0.032648127777777744
0 0.41421292109375 0.5302055965277778 0.008264056249999995 0.016324062499999945
0 0.47343866445312505 0.5383676270833334 0.01101874296875005 0.013059251388888922
0 0.462419921484375 0.5375514243055556 0.011018742968749962 0.014691656944444513
0 0.4390050921875 0.5318380034722223 0.010100514062500033 0.0195888763888889
0 0.42660900664062495 0.5285731895833333 0.01469165703124995 0.0195888763888889
3 0.280977948046875 0.5269407826388889 0.014691657031249994 0.07509069305555553
0 0.377483776953125 0.5277569854166667 0.06703068671875005 0.10937122638888894
0 0.49823083593750006 0.5400000347222222 0.04958434375000005 0.07509069166666664
0 0.5512126226562499 0.5473458631944444 0.05233902968750002 0.07998791250000008
0 0.21054981484375 0.5261245791666667 0.07070360156250002 0.07345828611111113
0 0.12102252656250001 0.5138815319444444 0.020201028125 0.032648127777777744
3 0.881407613671875 0.6314148138888889 0.04132028515624988 0.1991535777777777
6 0.83779175703125 0.6591657270833333 0.04040205781249995 0.13059251249999992