0 0.50277902109375 0.39560025416666666 0.01502361875 0.016996416666666646
0 0.5171197472656249 0.3968142847222222 0.01912096796875007 0.01942447777777774
0 0.469317325 0.39317219444444446 0.019120968750000068 0.012140297222222153
0 0.461805516796875 0.4077405520833333 0.025949886718749936 0.026708654166666672
0 0.5294118 0.39560025416666666 0.02185253593750005 0.016996416666666646
0 0.534192041015625 0.4210948784722222 0.053265555468750045 0.04856119027777781
0 0.5840431382812501 0.4223089097222222 0.03277880468750007 0.04127701111111111
0 0.805300060546875 0.27298324791666667 0.06009447265624992 0.02428059583333331
0 0.9889979375 0.23534832569444444 0.020486753125000055 0.03156477361111109
0 0.599066756640625 0.4356632361111111 0.04097350390625003 0.06312954722222218
0 0.41810044414062497 0.41745278958333326 0.017755186718749982 0.036420893055555584
0 0.43790430507812494 0.42352293888888887 0.04643663828125 0.05827342777777776
0 0.5505814425781249 0.4538736819444444 0.06965495703124995 0.09955043888888887
0 0.6420889351562501 0.4478035340277778 0.07511809218750001 0.10683461805555557
0 0.771838365625 0.4927226347222223 0.1652598 0.1966728194444445
4 0.489804077734375 0.3421829451388889 0.01912096796874998 0.026708654166666672
4 0.57858000390625 0.3166883208333333 0.02185253593750005 0.01942447777777774
4 0.676916415234375 0.26084295347222225 0.01638940234374999 0.029136715277777763
4 0.756131855859375 0.26327101180555557 0.01638940234374999 0.029136715277777763