4 0.48754141796874995 0.15912954375000002 0.03978238593749994 0.08944536250000001
4 0.445418893359375 0.07800467847222223 0.09126547265624999 0.15184910416666667
0 0.54721499609375 0.3817028909722222 0.01638098281250002 0.01456087361111113
0 0.558915698046875 0.3827429527777778 0.007020421093749984 0.016640997222222214
0 0.56476605 0.38690320208333334 0.009360560937499951 0.0166409986111111
0 0.5735415757812501 0.38274295416666665 0.010530632812500062 0.02080124722222223
0 0.58231710234375 0.3889833277777778 0.014040840624999973 0.016640997222222214
0 0.5559905234375 0.40562432291666667 0.045632737500000076 0.033281995833333314
0 0.5191333124999999 0.3806628277777777 0.011700703125 0.012480747222222277
0 0.5308340144531251 0.3848230770833333 0.014040841406249971 0.012480748611111083
0 0.50275233046875 0.43786625625000003 0.028081684375000027 0.031201870833333346
0 0.706344538671875 0.45138706874999995 0.04446266640625005 0.07904474027777779
0 0.6583716625 0.45346719375 0.06318378906250004 0.10816648749999998
1 0.41675217343750004 0.4326659458333334 0.07839470000000004 0.13312798333333334
0 0.259377735546875 0.4836290027777778 0.11232673671874997 0.1310478583333333
0 0.586412347265625 0.5325119340277777 0.16263975234374994 0.2579354680555555
0 0.9728123660156249 0.4313006875 0.052099430468750006 0.35635172222222217
0 0.9608348003906251 0.4493069444444444 0.05265315859374997 0.04160249444444438
0 0.8771747832031249 0.44202650833333335 0.016380982031249935 0.018721125000000033
1 0.76250790703125 0.4035442 0.08658519218749997 0.09152548888888887
3 0.81808624140625 0.4285056972222222 0.008190490625000102 0.04160249444444438
0 0.5185482777343751 0.39002338888888893 0.012870772656250029 0.014560872222222245
3 0.055785527343749995 0.4638678173611111 0.011700701562499999 0.029121745833333375
3 0.07450664921875 0.4649078777777778 0.009360560937499995 0.01872112222222218