4 0.400780975 0.3265622736111111 0.03691403750000002 0.014062491666666649
4 0.46603971875 0.3148435305555556 0.03823239531250007 0.014062494444444459
4 0.39946261562499996 0.35234350555555555 0.04746090625000003 0.04218747222222225
4 0.46472136015625 0.35117163055555556 0.07514643281249996 0.05859371111111113
4 0.53613245078125 0.41132784375 0.015820301562500028 0.02109373472222226
4 0.49921841406249995 0.4289059555555555 0.007910151562499922 0.01874998888888884
4 0.4609860183593749 0.4265622069444444 0.010546867968750017 0.014062491666666609
4 0.37990697265625 0.4218747090277778 0.009228509374999971 0.03281247638888887
4 0.24697248945312503 0.3925778555555556 0.013183583593749982 0.021093736111111067
4 0.14040517734375 0.38906223263888884 0.017138660937499984 0.0374999736111111
4 0.07646479218749999 0.38789035833333335 0.015820301562499993 0.021093736111111067
0 0.501415684765625 0.4687496763888889 0.015820300781249942 0.028124980555555526
0 0.48889127890625 0.47226529861111116 0.01186522656250002 0.021093736111111067
0 0.47373015625 0.4664059291666667 0.018457018750000033 0.014062491666666687
0 0.45659149609374994 0.4640621805555556 0.013183585937499931 0.023437483333333377
0 0.44143037304687505 0.4710934263888889 0.01713866015625003 0.037499974999999984
0 0.366503654296875 0.4664059291666667 0.013183585156249978 0.014062491666666687
0 0.357275145703125 0.4816402930555556 0.018457017968750034 0.04453121944444444
0 0.28146953359375 0.47226529861111116 0.01186522656250002 0.021093736111111067
0 0.20236802421875 0.4710934263888889 0.05405269687500001 0.037499974999999984
0 0.040209933203125 0.5003902798611111 0.08041986640625 0.11484367083333337
0 0.08701165898437499 0.5199215229166667 0.17402331796874998 0.13828115694444446
0 0.32036110781250005 0.49335903541666665 0.08173822500000001 0.11484367083333337
0 0.46955534882812505 0.4867184194444445 0.030322244531250053 0.037499974999999984
0 0.41220675507812504 0.47148405416666667 0.042187471093750026 0.05859371111111113