0 0.08199661171874999 0.3982654861111111 0.06112885468749999 0.07346941944444438
0 0.029159971484375 0.39903079166666666 0.05831994296875 0.07806125833333337
0 0.24256747460937503 0.3829593569444444 0.04477042734374996 0.048979613888888926
0 0.413039490234375 0.3638266951388889 0.02066327578124998 0.035204098611111095
0 0.43327227968750004 0.3500511784722222 0.014636485937499976 0.03214287083333329
0 0.47158543359375005 0.3936736486111111 0.08954085625000001 0.1346939388888889
0 0.948476593359375 0.3378062694444444 0.09728958359374999 0.09336738888888886
2 0.70579678828125 0.2633072777777778 0.288424875 0.44540836111111104
5 0.45910137265624995 0.26051031944444447 0.006026789062500005 0.024489808333333307
5 0.41303948945312496 0.2796429784722222 0.006887757031249997 0.01989796805555556
5 0.387210396484375 0.33091851041666664 0.010331636718749992 0.018367356944444465
0 0.33813511875 0.3638266902777778 0.012053576562500012 0.026020419444444443
3 0.5533165796875 0.3548471034722222 0.008609698437500058 0.03214287083333333
3 0.5732493386718749 0.35778512013888886 0.010331638281250033 0.04591838749999996
6 0.8635728624999999 0.3383491618055556 0.04390945781249993 0.05969390416666667
4 0.8826375042968749 0.22845991944444444 0.012914546093749913 0.027551030555555578