0 0.543474634765625 0.6622063479166667 0.05062503515624996 0.06617651527777776
0 0.497316515625 0.6794122416666667 0.08636035312499998 0.10058830277777772
0 0.6375280156249999 0.6847063631944444 0.067003721875 0.06882357638888897
4 0.06328129375 0.4301473534722222 0.0610478359375 0.02382354583333337
4 0.131029501953125 0.5135297625 0.026801488281249997 0.047647091666666655
4 0.218134339453125 0.5572062618055555 0.01935663046874998 0.03970590694444446
4 0.8788999433593749 0.5660683118055556 0.035914605468749985 0.034334770833333375
4 0.93134816171875 0.5552120430555555 0.04515828749999997 0.029576702777777797
2 0.34033636679687496 0.6016390666666667 0.15187510390624998 0.21705897222222217
4 0.9408140832031251 0.5330061118055555 0.02145799921875007 0.0148351597222222
4 0.8853809179687498 0.5393640381944445 0.020265889062500087 0.010596543055555527
2 0.08881227578124999 0.6224409277777778 0.0727187765625 0.04450548055555556
4 0.16391527421875002 0.3999135256944445 0.027418554687500006 0.02755101249999999
4 0.16391527421875002 0.42852419166666667 0.027418554687500006 0.0296703194444444
4 0.15497444140625 0.5196544618055556 0.01192111093749999 0.012715851388888902