0 0.007651137499999999 0.5466312694444445 0.013389490625 0.12071794999999999
0 0.040646667578125004 0.523677857638889 0.07746776796875 0.13261972083333334
5 0.0985083953125 0.44546622916666667 0.009563921875000003 0.017002527777777804
5 0.115245258203125 0.39360851874999997 0.008607530468750003 0.032304804166666735
5 0.310827462890625 0.3340996708333333 0.007651138281249992 0.03230480277777777
5 0.3213477765625 0.33239941805555556 0.007651137499999993 0.03570530555555555
5 0.042559453125 0.30859587916666664 0.010520314062499998 0.039105813888888875
4 0.040168471875 0.2431361472222222 0.019127843749999995 0.040806066666666675
4 0.033951923828124994 0.1759761638888889 0.012433099218750004 0.042506319444444426
4 0.032517333593749996 0.3340996708333333 0.03060455 0.01870278055555556
4 0.02247521640625 0.37575586527777777 0.016258667187500003 0.07141061666666669
3 0.085597100390625 0.5092257097222223 0.008607530468750003 0.05610834444444445
0 0.214231849609375 0.5194272263888889 0.04208125546875001 0.11051643333333337
0 0.23861985078124998 0.5143264652777778 0.018171451562499996 0.025503791666666664
0 0.252009341015625 0.5160267180555554 0.01625866640625002 0.025503791666666664
0 0.27544095 0.5432307645833333 0.03634290312499999 0.1377204791666667
0 0.585790215234375 0.5619335451388889 0.17119420234374996 0.1683250291666667
0 0.81867171328125 0.6129411291666667 0.36151624687500006 0.31454676666666664
0 0.14919718203125001 0.522827729861111 0.12433098437499998 0.17852654305555554
0 0.383035071875 0.550031775 0.220926596875 0.36215384444444454
4 0.42224715117187495 0.3434510604166667 0.006694744531249963 0.03060454861111109
4 0.636957196875 0.3298490388888889 0.02677898125000002 0.1292192111111111
4 0.48536903671875004 0.4267634472222222 0.018171451562499996 0.02380353888888891
4 0.27257177421875 0.4369649645833333 0.022953412500000027 0.06801011250000003
3 0.52984127265625 0.4964738118055556 0.017215059375000053 0.05780859583333332
3 0.512148017578125 0.5049750784722222 0.02199701953125004 0.0816121375
3 0.539405194140625 0.4794712819444445 0.011476705468749949 0.034005055555555525
3 0.49541115390625007 0.4794712833333334 0.01338949062500001 0.044206572222222226