4 0.13596538515624998 0.37342746875 0.019596776562500008 0.02830645694444445
0 0.27253042109375 0.46270167291666664 0.01592237968750001 0.019596776388888848
0 0.298863592578125 0.46161296319444445 0.026945567968750028 0.02177419583333331
1 0.320909965625 0.4441936048611111 0.03674395625 0.026129034722222222
2 0.35826632031249994 0.45181457430555555 0.04286794843749999 0.037016134722222205
0 0.35826632031249994 0.48120973888888885 0.04286794843749999 0.030483874999999945
0 0.323359562109375 0.47903232013888886 0.04164314921874999 0.01741935694444447
0 0.28539080546875 0.48991941875 0.03184476250000001 0.026129034722222222
2 0.41766905039062496 0.48120974027777774 0.04899194140624998 0.04354839166666669
0 0.41460705390625 0.502983936111111 0.030619964062500005 0.03919355277777778
0 0.37418870078125 0.5127823243055556 0.011023187499999976 0.045725812499999956
0 0.362553113671875 0.5073387749999999 0.024495971093750013 0.03919355277777778
0 0.3588787203125 0.53020168125 0.0220463734375 0.058790329166666704
0 0.32642155898437497 0.525846842361111 0.047767142968749975 0.07620968749999998
0 0.302537987109375 0.5421774902777778 0.04899194140625003 0.08274194722222224
0 0.242522858203125 0.5508871666666667 0.11513106328125 0.11758066111111111
0 0.104733021484375 0.5933468520833334 0.20944055234374997 0.19814518750000001
0 0.034913131640625 0.6597581486111112 0.06982626328125 0.2046774444444444
0 0.480133775 0.48556457708333334 0.022046373437500044 0.02177419583333331
0 0.5009553496093749 0.48447587013888893 0.017147180468750012 0.015241937500000012
0 0.4574750015625 0.47032264097222226 0.01347278281249995 0.01741935694444447
0 0.46237419726562495 0.502983936111111 0.02082157578124999 0.03919355277777778
0 0.47278498515624995 0.5182258729166667 0.017147179687499924 0.04354839305555558
0 0.4929941609375 0.53564523125 0.04531754687499996 0.08274194583333327
0 0.516877732421875 0.5519758770833333 0.056340733593749984 0.0979838819444444
0 0.541373701953125 0.5726613638888889 0.061239927343750014 0.1350000166666666
0 0.653442769921875 0.6031452395833333 0.22168853515625003 0.3048387486111111
0 0.817565774609375 0.7642742930555556 0.36131557109375007 0.4616129638888889
1 0.42501622070312506 0.44277938541666667 0.058488471093750015 0.04332479305555555