4 0.167423675390625 0.17847642222222224 0.03121977265625 0.022853688888888907
4 0.195123575390625 0.20323459444444447 0.010100514843750009 0.02285368888888889
4 0.18180926015625 0.2375151277777778 0.023873943750000005 0.035912941666666656
4 0.40539792109375006 0.37871827916666667 0.009182285937500012 0.014691658333333319
4 0.419171349609375 0.3738210590277778 0.007345828906250062 0.004897218055555501
4 0.4205486921875 0.3787182777777778 0.008264057812499993 0.00816203055555557
4 0.59822592265625 0.33872432291666665 0.0128552 0.01958887638888886
4 0.592716551953125 0.36729143611111115 0.007345828906249974 0.014691658333333319
0 0.4349342921875 0.3879685895833333 0.009182285937500012 0.013059251388888922
0 0.4294249203125 0.39694682569444445 0.0128552 0.017956470833333387
0 0.41978351953125 0.4051088569444445 0.015609885937499967 0.02448609444444448
0 0.40830566328125 0.4157194979166667 0.016528114062499988 0.03591294027777773
0 0.39774603476562503 0.42061671666666667 0.01928279921875 0.04570737777777778
0 0.3931548921875 0.42551393541666666 0.01377342812500002 0.045707379166666666
0 0.372953862890625 0.4246977340277777 0.03581091484375003 0.06366384861111109
0 0.44595303554687504 0.39123340416666663 0.00918228671875001 0.009794438888888852
0 0.45329886328124996 0.39204960625000007 0.007345829687499972 0.01142684305555556
0 0.45789000703125 0.3953144194444444 0.009182285937500012 0.014691658333333319
0 0.45926734960937504 0.4018440444444445 0.01010051484375003 0.014691658333333319
0 0.4615629210937501 0.410006075 0.0128552 0.021221283333333375
0 0.46982697812499996 0.41327088749999996 0.016528115625000072 0.027750908333333355
0 0.471204321484375 0.4206167180555555 0.013773428906250018 0.03264812499999997
0 0.482223063671875 0.4246977340277777 0.02295571484375003 0.040810156944444426
0 0.48819155039062495 0.4328597666666667 0.018364572656250022 0.04733978611111106
0 0.503342321875 0.43612457638888885 0.02479217187499998 0.06692866111111115
0 0.52721626484375 0.4393893902777778 0.05050257187499998 0.08651753888888886
0 0.3547423125 0.4336759673611111 0.04958434375 0.06856106805555555
0 0.5513962664062501 0.4627872076388889 0.07988588749999996 0.09957679027777779
0 0.9908949007812501 0.5166566166666666 0.016528115624999985 0.11916566388888891