4 0.240506971484375 0.2540030104166667 0.013000377343750013 0.0258308125
4 0.325774148828125 0.23768881249999999 0.019882927343750013 0.036706947222222217
4 0.32692124218749996 0.10105739305555556 0.017588745312500008 0.03806646111111111
4 0.387207309765625 0.30022657222222227 0.00917673671874999 0.023111783333333316
7 0.4666115800781251 0.33919937638888886 0.00994146484374996 0.023111780555555544
7 0.372167666015625 0.3296827611111111 0.00917673671874999 0.023111780555555583
7 0.354196558203125 0.33308155208333334 0.01452983203125 0.021752268055555548
0 0.2792786875 0.3174471104166666 0.07341389218750001 0.09108760694444445
0 0.5325566097656249 0.34599695763888894 0.036706946093749956 0.0475830791666667
0 0.55741027109375 0.33376130833333334 0.031353849999999996 0.08021147777777782
0 0.59679376640625 0.34055889236111114 0.061178245312500046 0.10740180694444443
0 0.9327133277343751 0.38474317916666667 0.13306268046874994 0.11691842222222226