4 0.6778175226562501 0.20085923055555557 0.1028319609375 0.09609368611111113
4 0.491928979296875 0.17859362083333336 0.13710928046874998 0.14062490555555557
4 0.545981676171875 0.42351532638888884 0.021093735156250036 0.030468727777777756
4 0.33834021679687504 0.4012497173611111 0.017138660156249985 0.023437484722222183
4 0.355478877734375 0.4024215923611111 0.014501942968749982 0.021093737499999952
4 0.218369596875 0.39187472361111114 0.05405269687500001 0.037499974999999984
5 0.24012251132812498 0.3192185236111111 0.007910150781250014 0.028124980555555564
5 0.23089400234374996 0.3192185236111111 0.010546867187499975 0.023437483333333335
5 0.412168291796875 0.3321091395833333 0.00659179296875001 0.03046872916666668
5 0.619809750390625 0.35671849791666665 0.010546867968750017 0.02812498194444445
5 0.5255471203125 0.3637497430555555 0.009228509374999926 0.03281247777777779
4 0.41084993320312496 0.3332810138888889 0.038232396093749975 0.018749986111111106
4 0.6507911749999999 0.3684372388888889 0.03032224531250005 0.014062488888888917
4 0.7496680597656249 0.33679663680555555 0.014501942968750025 0.035156226388888906
5 0.756259851953125 0.43406219375000005 0.011865225781250021 0.02343748194444441
0 0.32054237812499997 0.4504684340277778 0.03427732031249997 0.042187473611111095
0 0.39700716914062506 0.41999970416666665 0.023730452343749996 0.023437483333333377
0 0.43128448945312503 0.4387496916666666 0.013183585156249933 0.023437483333333297
0 0.680454240234375 0.4750777916666667 0.042187471093749984 0.03984372222222221
0 0.7094581265625 0.47156216944444446 0.015820301562500028 0.028124983333333374
0 0.73121104140625 0.4774215402777778 0.011865226562499932 0.025781230555555527
2 0.6409034851562501 0.4574996784722223 0.029003885937499963 0.05156246527777779
2 0.45303740429687506 0.43992156527777776 0.01713866015625003 0.030468727777777756
2 0.8742529343750001 0.49499965277777785 0.17402331718750014 0.22031235
2 0.79317388984375 0.47859341388888893 0.03295896093750006 0.06093745833333336
0 0.08851128710937499 0.4293746979166667 0.10019524296875 0.08906244027777777
0 0.24210004960937503 0.4340621930555556 0.08041986640625001 0.09374993611111111
0 0.479404573828125 0.45632780416666663 0.019775377343749945 0.025781233333333375
0 0.5908058640625 0.462187175 0.018457018750000033 0.028124980555555606
0 0.022502729296875 0.42351532708333334 0.04500545859375 0.058593709722222165