4 0.96814366484375 0.2772786756944444 0.06270664999999997 0.1178434375
4 0.054589239453124994 0.2660142291666666 0.03509308203125 0.03985880833333333
0 0.068723953125 0.5961491520833333 0.13744790625 0.30847252638888895
0 0.15450704453125003 0.5476253854166667 0.21738215 0.22875490694444445
0 0.2680721578125 0.5259629888888889 0.11112809531250001 0.16116823055555551
0 0.294879373046875 0.5103660631944444 0.08870751328125 0.1230424097222222
0 0.347518996484375 0.5103660625 0.03411827421874998 0.08491659444444445
0 0.37140178984375 0.5120990548611111 0.031193851562500007 0.06758667638888893
0 0.389435734375 0.5034340965277778 0.016571732812499997 0.039858809722222256
0 0.406007467578125 0.49736862569444446 0.014622117968750015 0.027727868055555563
0 0.41819256523437504 0.4930361472222223 0.007798461718750005 0.022528891666666655
0 0.7062482847656251 0.5883506909722223 0.24467676953124995 0.2963415847222223
0 0.58439730390625 0.55109136875 0.08870751406250008 0.1663672069444444
0 0.5366317199218751 0.5415599131944444 0.038017505468749935 0.09878052916666667
0 0.52395921796875 0.5242299979166666 0.04971520000000007 0.08145061249999996
0 0.50202603984375 0.5190310222222222 0.023395389062500004 0.060654711111111065
0 0.49081575156249996 0.5129655513888889 0.02047096562500004 0.048523769444444455
0 0.4815550753906249 0.5043005930555555 0.015596925781250003 0.03465983333333335
0 0.476193633203125 0.49823512291666666 0.02047096484375004 0.0329268430555555
0 0.45523526328125 0.4965021305555556 0.013647309375000027 0.01906290833333336
0 0.434276895703125 0.4947691395833333 0.012672502343750036 0.025994876388888834