0 0.468275126953125 0.5637128506944445 0.05743668515625 0.07594933749999998
0 0.437499825 0.55414886875 0.03006328281249999 0.059634284722222236
0 0.42341754921875 0.5510546298611112 0.013291134375000003 0.048945126388888836
0 0.41392388437500005 0.55105463125 0.013291135937499999 0.042194073611111174
0 0.38591756523437504 0.5476791027777778 0.03322783515625005 0.03713078611111113
0 0.247784709765625 0.5358647611111111 0.03227846796875 0.05063288888888893
0 0.21455687499999998 0.5409280520833333 0.034177201562500016 0.054008418055555535
0 0.18844928945312497 0.5443035777777777 0.04082276953124999 0.060759469444444394
0 0.13908222265624998 0.5426158125 0.06550630312499998 0.08776367777777776
0 0.09778477031249999 0.5502107479166667 0.07025313593749999 0.09282696805555557
0 0.03322783515625 0.5561179180555555 0.0664556703125 0.12489446388888889
0 0.899999634765625 0.5831221256944444 0.025632900781250002 0.06075947083333336
5 0.23117079335937502 0.4632909520833333 0.008544302343749966 0.023628681944444452
5 0.281487226953125 0.5189871319444445 0.008544302343749966 0.016877630555555592
4 0.34414543046875 0.5426158145833333 0.012341767187499996 0.016877629166666706
4 0.555379521484375 0.4658225965277778 0.028481000781249932 0.01856539305555553
4 0.55490483828125 0.48776351458333334 0.027531634375000013 0.01518986527777773
4 0.609018740625 0.4278479284722222 0.018987334374999953 0.033755262499999994
4 0.5449364875 0.39409266666666665 0.061708835937499984 0.057383941666666674
3 0.513132705859375 0.5556019513888889 0.01329113515625 0.0631030583333333
4 0.15107984101562502 0.4118141791666667 0.017088600781250008 0.06751051944444444
0 0.35960655039062506 0.47775749652777777 0.018037967968749992 0.032067501388888864
3 0.6796872242187499 0.5591558833333333 0.020886067187499968 0.09282696666666668