4 0.5309124605468749 0.36435044166666664 0.026383117968749925 0.016314199999999977
4 0.49477906093749996 0.43368578402777774 0.00458837031249999 0.016314195833333323
5 0.49248487656250006 0.36672959027777774 0.006882553124999991 0.026510572222222233
5 0.358466273046875 0.37998487708333334 0.005735460156249994 0.020392745833333316
5 0.4875141324218751 0.3646903159722222 0.004588369531249992 0.022432023611111122
5 0.48349931015625 0.3677492277777778 0.005735459374999951 0.0203927472222222
4 0.494205514453125 0.3912008881944445 0.010323828906249943 0.022432023611111084
4 0.335715615234375 0.4085347243055556 0.013765103906249987 0.02447129583333339
5 0.672960708203125 0.3687688659722222 0.016059288281249983 0.05098186805555554
3 0.044736591796874996 0.47719030138888885 0.011470921093749998 0.06117824166666668
3 0.12445948984375002 0.4751510291666667 0.012618014062500005 0.06933534444444445
3 0.377966837890625 0.4683534576388889 0.008029644531250036 0.04078549861111114
3 0.5660899390624999 0.47243200763888893 0.010323828124999945 0.036706945833333296
0 0.332274343359375 0.46325526944444445 0.016059288281250028 0.03874622222222225
0 0.3529220015625 0.46121599305555555 0.025236024999999974 0.022432022222222278
0 0.35349554726562504 0.4744712826388889 0.024088933593749973 0.04078549583333329
0 0.44143927851562503 0.46427490625 0.01261801328124994 0.02447129583333331
0 0.46323402812500003 0.46223562986111105 0.017206381250000024 0.03262839583333338
0 0.5049117195312499 0.46325526944444445 0.017206381250000024 0.030589122222222265
0 0.601267453125 0.47447128125 0.014912196875000028 0.02447129861111108
0 0.62420929453125 0.4652945444444444 0.026383117187500017 0.02651057222222219
0 0.640842130859375 0.49588366388888894 0.08488481484374999 0.09176736388888895
0 0.751536515234375 0.45611780555555553 0.07226680078124996 0.028549847222222268
0 0.715976659765625 0.5223942388888889 0.11356211484375 0.09584591666666663
0 0.90371738515625 0.4805891041666666 0.113562115625 0.08157099166666665
1 0.41237960156250003 0.45849695555555553 0.014912198437499935 0.0224320222222222
1 0.798184914453125 0.43674469722222226 0.32462705703124994 0.08361026666666665
0 0.42920362382812505 0.47854983055555556 0.030971485156250013 0.0448640444444444
0 0.48082276718750006 0.4683534576388889 0.01720637968750003 0.028549845833333306
0 0.825141577734375 0.5373489097222222 0.16976962734375006 0.14886705833333333