0 0.018321669140625 0.6639114486111112 0.03664333828125 0.39086227222222225
2 0.09043887734375 0.63896279375 0.0810831296875 0.08870633194444445
2 0.18477598046875 0.5648098430555556 0.1231839875 0.2176077194444445
2 0.248317088671875 0.5772841722222223 0.024169010156249993 0.08177614999999999
0 0.26975733984375 0.5918375527777778 0.018711492187500012 0.02772072500000004
1 0.32511216875 0.5758981347222222 0.02027078124999999 0.0457392027777778
1 0.30211262734375 0.5786702076388889 0.02884688281250001 0.05405542083333338
0 0.34421348320312506 0.5856003902777778 0.02884688203125001 0.03742298333333333
0 0.43387271640625 0.59807471875 0.09277781406249996 0.13167346249999998
0 0.780814958203125 0.5350100604166667 0.13643796015625007 0.05544145694444451
4 0.272875920703125 0.5322379875000001 0.048338019531249984 0.03049279999999999
4 0.3134174859375 0.5190706430555555 0.018711492187500012 0.029106763888888863