5 0.4569924796875 0.21914047430555555 0.01186522656250002 0.04921871527777778
5 0.2045268328125 0.24609358055555555 0.015820301562499983 0.0515624638888889
5 0.21507370078125 0.2496092034722222 0.01318358593750002 0.053906212500000016
5 0.1933207859375 0.2507810784722222 0.011865226562499998 0.056249962500000014
5 0.43721710234375 0.3339841451388889 0.006591792187500012 0.02578123194444445
5 0.38777866015624995 0.34453101249999996 0.005273434374999964 0.023437486111111107
0 0.429966131640625 0.3902341069444445 0.010546867968749929 0.021093736111111067
0 0.379868509375 0.4124997166666667 0.015820301562500028 0.028124980555555606
0 0.30340371796875 0.43710907291666673 0.04218747031249999 0.053906209722222244
0 0.054675421875 0.5188300243055556 0.07030845 0.06940869861111112
0 0.45765165898437504 0.38671848402777775 0.02373045234375004 0.03281247638888887
0 0.44380889414062497 0.38671848402777775 0.006591791406250014 0.03281247638888887
5 0.519614506640625 0.31406228541666664 0.007910150781250014 0.03749997638888891
0 0.6296974390625 0.4804684194444444 0.2992673718750001 0.38437473611111117
4 0.126743684375 0.26835919027777777 0.08173822656249999 0.03984372222222221
4 0.55586936484375 0.1863279965277778 0.027685528125000046 0.02578123194444443
4 0.5624611570312499 0.22617171805555555 0.035595678124999974 0.04921871666666667
4 0.040391203515625 0.33867164236111114 0.019775375781250003 0.02578123194444445
4 0.035776948828125 0.2519529513888889 0.01845701796875 0.04921871666666667
5 0.219028776171875 0.39960910069444444 0.010546869531250013 0.03046872916666664
5 0.040018452734375 0.4129817583333333 0.02537755546875 0.04164521944444444
0 0.35040547851562504 0.4225254548611111 0.029281794531250016 0.039910001388888915
0 0.328444132421875 0.41992262916666667 0.02830573515624999 0.048586088888888906
0 0.410433158203125 0.39910001875 0.010736658593750014 0.013881740277777825
0 0.40116058945312505 0.3982324104166666 0.011712717968749953 0.02255782638888893
0 0.390423931640625 0.4025704541666667 0.011712717968749998 0.024293044444444453
4 0.23230223906249997 0.36092523472222227 0.023425435937499996 0.03470435