7 0.22329139765625 0.5968092131944445 0.04405131406250003 0.11513785416666664
0 0.34841758046875004 0.590295120138889 0.03797466875000004 0.048945126388888836
0 0.267721409375 0.5843879472222222 0.022784799999999984 0.030379733333333388
0 0.5126580199218751 0.6088605138888888 0.10443033671875002 0.16371301388888893
0 0.46139221835937505 0.6004216993055554 0.032278467968750044 0.11983117361111108
2 0.440980834375 0.5721516652777778 0.042721503125000025 0.11223624166666665
0 0.25253154375 0.5911390006944444 0.011392401562500033 0.02531644583333327
0 0.060284785937499995 0.5768774083333333 0.027531634375000003 0.04388184166666665
0 0.03939871796875 0.57350188125 0.010443032812500003 0.040506309722222196
0 0.18275309062499998 0.59122339375 0.016139234375 0.02531644305555558
0 0.414398566015625 0.607313411111111 0.010443033593749984 0.02194091944444444
0 0.38575934609375 0.6081572951388889 0.011392401562500033 0.020253156944444503
0 0.008544300390624999 0.5701826277777778 0.017088600781249998 0.048945127777777805
0 0.285917611328125 0.5895919041666666 0.012341767968749995 0.023628683333333338
0 0.81455663125 0.6250349263888889 0.058860735937499964 0.09451472777777781
0 0.776581964453125 0.5988745993055555 0.13291133984375003 0.10970459861111108