1 0.19970415625 0.52939174375 0.09360561406249998 0.14768885694444447
0 0.254112419921875 0.5491529298611111 0.024571472656249992 0.016640995833333328
0 0.27341857773437506 0.5470728048611111 0.02106126328125 0.020801245833333346
0 0.31437103359375 0.5689141166666667 0.03510210468750001 0.056163369444444396
0 0.3436227890625 0.5855551118055555 0.046802807812500014 0.06448386805555555
0 0.38282013945312504 0.5980358631944445 0.06903414140625004 0.10192610972222221
0 0.26581312148437497 0.5990759243055556 0.08775526171874999 0.10816648750000005
0 0.1324745671875 0.6027377965277777 0.1625408671875 0.19037471805555556
0 0.564766048828125 0.5990759243055556 0.05616336796874997 0.08736523750000005
0 0.5144530328125001 0.6177970472222223 0.07956477031249998 0.13312798333333334
0 0.8262767320312501 0.7030821604166667 0.3451706984375001 0.4825889402777778
7 0.627949837109375 0.6437986034722223 0.04680280703125002 0.15184910416666672
7 0.46355497890624997 0.5990759256944445 0.017551051562499965 0.04576274583333336
4 0.45185427773437503 0.5585134937499999 0.010530632031249976 0.022881370833333314
4 0.23480626210937502 0.3515410798611111 0.06786406953125002 0.11232673472222225
4 0.53024898046875 0.5065103729166667 0.015210912499999996 0.03536212083333328
4 0.50041218984375 0.5325119326388889 0.025741542187500067 0.033281995833333314
4 0.3471329984375 0.5356321222222222 0.011700701562500004 0.0228813722222222
4 0.2816090671875 0.5221113083333333 0.011700701562500004 0.02080124722222223