4 0.3333842828125 0.48610417916666665 0.015596925000000006 0.029460858333333326
4 0.397234196875 0.4748397326388889 0.008773271874999988 0.027727868055555563
5 0.29098014179687504 0.4748397333333333 0.020470964843749995 0.0623877027777778
5 0.3353339 0.4341144256944445 0.005848846875000024 0.039858806944444485
5 0.559052299609375 0.37952518749999997 0.012672502343750036 0.04505778333333331
5 0.6238770214843751 0.38299117083333334 0.013647310156250026 0.04505778333333331
5 0.8198133976562498 0.4323814361111111 0.011697693750000049 0.046790777777777806
5 0.28123206367187503 0.30500654375 0.020470964843749995 0.04852376805555557
5 0.28123206367187503 0.4124520291666667 0.012672502343749992 0.024261883333333383
5 0.8086031074218749 0.48697067499999996 0.014622117968749926 0.03119385000000005
0 0.4727818046875 0.5224970069444445 0.00974807812500007 0.012130941666666612
0 0.4566974757812501 0.5224970069444445 0.008773270312499993 0.012130941666666612
0 0.44938641601562496 0.5302954694444445 0.013647308593750029 0.027727866666666677
1 0.49617719375 0.5129655506944444 0.027294620312500052 0.027727868055555563
0 0.518597774609375 0.5259629875 0.01949615703124996 0.022528891666666655
0 0.5366317191406249 0.5493583777777779 0.03606788984374996 0.0623877027777778
0 0.59170836171875 0.54329290625 0.025345003124999987 0.03985880972222217
0 0.38602390742187503 0.5207640138888888 0.01559692578124996 0.015596927777777757
0 0.372864001171875 0.5198975173611111 0.014622117968750015 0.020795898611111044
0 0.347031593359375 0.5172980291666667 0.025345003906249986 0.029460858333333326
0 0.2719713890625 0.5233635013888889 0.017546540624999985 0.027727866666666597
0 0.250038212890625 0.5172980305555556 0.028269427343749997 0.015596924999999985
0 0.227617631640625 0.5242299972222223 0.030219044531250017 0.029460858333333326
0 0.17059137343750003 0.5294289722222222 0.11112809531250004 0.06065471111111115
1 0.43427689531249997 0.5155650381944444 0.032168659375 0.053722743055555515
0 0.487856428125 0.5851420340277778 0.09657577343749998 0.13742099583333328
0 0.69601280234375 0.5684212861111111 0.05848847031250006 0.0623877027777778
2 0.6404487550781249 0.5675547888888889 0.029244236718750028 0.04332479444444443
3 0.31193851054687494 0.5372274354166666 0.019496157031250006 0.08318360138888883
3 0.979194480078125 0.5961491534722222 0.02047096484375004 0.11784343750000004
3 0.9299666851562499 0.54069341875 0.007798462500000092 0.03465983472222215
3 0.9197312027343749 0.5424264090277777 0.010722886718749968 0.02426188472222227
3 0.8938987949218749 0.5450258979166667 0.017546541406249894 0.02252889027777777
3 0.8631923484375001 0.5458923944444444 0.008773270312500081 0.017329919444444484
3 0.7978802218750001 0.5658217993055555 0.016571732812499997 0.08491659583333333
3 0.7861825273437499 0.57448675625 0.016571732812499997 0.08838257916666671
3 0.749139830078125 0.5692877833333333 0.01852134921875006 0.0745186444444444
6 0.840284362890625 0.6264765097222222 0.05458923828125002 0.14037233055555556
7 0.9309414921875 0.6238770222222223 0.07603501093750005 0.07625163611111113
7 0.89828542890625 0.6186780451388889 0.045815968750000026 0.07971761805555554