5 0.10012556523437499 0.21768438541666665 0.03229856953125 0.12249531527777778
5 0.356360883984375 0.28658799930555556 0.01507266640624998 0.04848772638888891
5 0.317243726953125 0.3688895375 0.011483935156249991 0.04976372222222219
5 0.6728151074218751 0.25558137569444445 0.007177460156249982 0.02679584861111112
5 0.757509133203125 0.2951371548611111 0.0071774585937500746 0.031899820833333335
5 0.8084690976562499 0.14393199722222222 0.02296787187499998 0.08166354166666666
5 0.486201149609375 0.15605392986111113 0.017225902343749943 0.07017960694444446
5 0.07679882109375 0.34324208194444444 0.010048445312499998 0.02296787222222222
5 0.127399912890625 0.3295251576388889 0.016508157031250015 0.0535917013888889
5 0.16400495859375003 0.44500251319444445 0.010766189062499997 0.01658790694444442
5 0.33123977421874995 0.3709949263888889 0.009330698437499984 0.03445180833333335
5 0.75883694609375 0.33271514166666666 0.009330698437499941 0.021691877777777792
5 0.797595230078125 0.2950733520833333 0.023685619531249903 0.0357278013888889
4 0.3325317296875 0.31708422847222223 0.04521799843749998 0.03445180694444443
4 0.202691474609375 0.40193775347222227 0.017225903906250006 0.012759929166666713
4 0.21345766406250002 0.4306475902777778 0.010048443750000002 0.019139891666666704
4 0.790094775 0.32601617569444447 0.008612951562500016 0.019139893055555548
4 0.8338772796874998 0.1728970326388889 0.03301631562500003 0.01913989305555557
4 0.20025113046874998 0.4208649840277778 0.015790410937499978 0.014035920833333333
4 0.7891617140625 0.20267020138888892 0.036605045312500105 0.03189982222222222
4 0.64453589609375 0.12100665902777778 0.07751656718749995 0.07017960694444446
4 0.9353426609375 0.23776000694444446 0.04234701249999997 0.08931950000000002
4 0.44942862734375 0.4434075215277778 0.012201682812500003 0.042107768055555536
4 0.447275389453125 0.38088386874999997 0.015072664843749983 0.03445180694444443
3 0.8484445789062501 0.36609458333333333 0.007996842187499987 0.04251969722222222
3 0.8011986136718751 0.3832231930555556 0.014743100781250008 0.05614368611111114
3 0.8275611246093749 0.37301525 0.008612952343750101 0.04083177222222222
3 0.8404805515625 0.3722071152777778 0.010048443750000047 0.04976372222222222
4 0.062802773828125 0.4360067590277778 0.012201682031250004 0.008931951388888927
4 0.084694026171875 0.443535125 0.008612950781250007 0.021436675000000033
4 0.08577064570312501 0.4596126479166667 0.009330697656249998 0.020415884722222208
5 0.31437274296875 0.4080625215277777 0.01148393593749999 0.025519854166666692
3 0.36124156875 0.4672686055555556 0.016508157812500014 0.0561436861111111
0 0.757365575 0.37718348819444447 0.0074645750000000176 0.02143668472222223
0 0.769710816015625 0.3649339604166667 0.011483935156249991 0.015311915277777801
0 0.776170529296875 0.3649339604166667 0.005741967968750039 0.015311915277777801
0 0.73382351640625 0.37195192083333334 0.010048445312499954 0.014035922222222217
0 0.724851691015625 0.37131392430555554 0.010766189843749973 0.012759929166666635
0 0.7165976125 0.3764178965277778 0.012919428125000021 0.015311915277777801
0 0.705472549609375 0.37833188472222223 0.015072666406250068 0.019139891666666624
0 0.6803514406250001 0.4217156430555556 0.026556603125000057 0.052315708333333315
0 0.688605519140625 0.37769388819444444 0.020096888281250003 0.022967873611111144
0 0.6706618687500001 0.38471184930555563 0.021532379687500037 0.019139893055555586
0 0.584245234375 0.4032137458333333 0.014354920312499964 0.017863900000000005
0 0.602188883984375 0.4012997569444445 0.01866139609374997 0.021691877777777792
0 0.6190559144531249 0.3981097756944444 0.015072664843750073 0.020415884722222284
0 0.5661580265625 0.4057657298611111 0.021532379687499947 0.015311915277777801
0 0.5273997429687499 0.41023170694444444 0.020096887500000004 0.011483936111111051
0 0.5474966312499999 0.4159736736111111 0.030145331250000053 0.030623827777777755
0 0.5198634109375 0.42299163402777773 0.03086307656250007 0.02679584861111116
0 0.49423988125000007 0.42681961388888884 0.026125950000000044 0.02424386388888888
0 0.46825747812499996 0.43447557152777777 0.031580823437499995 0.029347834722222247
0 0.42519271875 0.4402175402777778 0.03875828437499997 0.0433837555555555
0 0.39612400625 0.4414935319444444 0.025121109374999985 0.015311913888888916
0 0.3647943984375 0.45632694999999995 0.03732279062499999 0.03732279166666667
0 0.34182652578125 0.46669439097222226 0.01148393593749999 0.024243862499999994
0 0.8930196109375 0.3617439784722222 0.031580823437499995 0.014035920833333333
0 0.21869720546875 0.5553120909722222 0.2031221140625 0.21181481527777776
0 0.647909312890625 0.43281677499999993 0.06100840859374994 0.0944234722222222
0 0.557832190234375 0.44812869097222224 0.06316164765624999 0.07145560138888882
4 0.41464186562500005 0.3938989944444445 0.0078952046875 0.008931950000000041
6 0.89581335703125 0.44240941666666667 0.07164187031250009 0.09310209444444442
0 0.74629895859375 0.3777875 0.02408962499999996 0.040393711111111154
0 0.065328902734375 0.6980029888888889 0.12919427734375 0.28965038055555553