4 0.611905298046875 0.28687489930555554 0.03902342421874998 0.018749993055555574
4 0.67149512109375 0.3168748881944445 0.02109374218749993 0.01499999583333332
4 0.7479599378906251 0.2803124034722222 0.034804675781249995 0.020624993055555565
4 0.757452122265625 0.2878123993055555 0.015820307031250015 0.02437499027777778
4 0.0212805046875 0.28124990208333334 0.017929681250000003 0.01499999583333332
4 0.01969847421875 0.30749989236111114 0.0232031171875 0.022499993055555556
4 0.252784330078125 0.31781238819444446 0.037968736718749965 0.013124995833333328
4 0.230635899609375 0.3628123736111111 0.023203116406249967 0.013124997222222214
5 0.267549949609375 0.30093739444444445 0.00843749765624997 0.0393749861111111
5 0.279151507421875 0.2990623951388889 0.010546871093749965 0.0356249875
5 0.55178813203125 0.2681249076388889 0.0073828109375000395 0.03374998750000001
5 0.7679989929687501 0.3421873798611111 0.026367178125000022 0.0356249875
5 0.017061756640625002 0.39562486180555556 0.02003905703125 0.03374998749999997
3 0.205323408984375 0.4546873402777778 0.01265624609374998 0.028124988888888917
3 0.19794059921875 0.46593733680555555 0.008437496874999995 0.061874979166666656
3 0.19213981992187498 0.46968733541666663 0.009492183593750014 0.06187497916666673
3 0.10196407031250002 0.4865623291666667 0.01687499375 0.07312497500000004
3 0.0882531375 0.48374983125 0.01687499375 0.0749999736111111
3 0.8776864550781249 0.42937484930555553 0.034804675781250086 0.1312499541666667
3 0.738467754296875 0.42374985277777777 0.01792968203124996 0.05249998333333331
6 0.678877930078125 0.4621873375000001 0.046406233593749936 0.10312496388888891
0 0.036216415625 0.5109373208333333 0.07243283125 0.10312496388888891
0 0.5122373644531251 0.4349998472222222 0.01687499453125003 0.02999998888888887
0 0.6055771753906249 0.4321873479166667 0.024257803906249986 0.0431249847222222
0 0.607159205078125 0.43499984791666674 0.014765619531249996 0.03749998749999995
0 0.6250888874999999 0.4359373472222222 0.03585936250000001 0.05062498333333328
0 0.5480967265625 0.43874984722222227 0.03796873593749996 0.05249998333333339
6 0.834971626953125 0.47812483263888894 0.06328122734374997 0.16499994305555557
0 0.832334908203125 0.4265623506944444 0.06855466328124997 0.058124979166666674
1 0.443155357421875 0.4078123569444445 0.08332028359375006 0.13687495277777775
0 0.30024525156250004 0.4978123263888889 0.2088280515625 0.21187492777777775