4 0.15669649921875 0.4846941041666667 0.018941335937500005 0.05510206666666669
4 0.513568470703125 0.47551042638888885 0.02152424453124997 0.01224490555555554
4 0.57684974921875 0.5020410437499999 0.00860969843749997 0.009183681944444386
5 0.3528541140625 0.4663267465277777 0.006026787499999964 0.021428579166666614
5 0.4832910421875001 0.4686226666666667 0.005165818750000018 0.016836744444444444
5 0.35916789453125003 0.46683694513888885 0.006026787499999964 0.021428579166666614
5 0.347544803125 0.46683694236111106 0.005165818750000018 0.02448980694444442
5 0.48874384648437497 0.4683675576388888 0.005165819531250016 0.01836735416666665
5 0.47927317968749994 0.46989816944444446 0.005165818750000018 0.01836735277777777
0 0.17951219804687502 0.5793369951388889 0.03702170078125 0.035204095833333324
0 0.395615611328125 0.5770410770833334 0.06112885390625 0.09183677638888889
0 0.5290659265625 0.56173494375 0.011192607812500022 0.02142857916666669
0 0.539397562890625 0.5678573965277778 0.02324618203124995 0.0520408375
0 0.5691010207031251 0.5709186243055555 0.05854594453124999 0.08571432638888889
0 0.585459447265625 0.5839288368055555 0.05165818671875 0.07806126250000002
0 0.22040826249999998 0.5752553729166667 0.0671556421875 0.06887757916666667
4 0.14335146718749997 0.5844390534722222 0.007748728125000004 0.019897968055555517
0 0.026259579296874995 0.5811227409722223 0.050797217968749996 0.06122451805555558
0 0.303635345703125 0.6020411027777778 0.15325261953124997 0.16530619722222223
0 0.47956016367187504 0.6104594722222222 0.12053576640625004 0.17602048611111107
0 0.63238229921875 0.6012757965277777 0.09728958437500008 0.11173474583333329
4 0.6933855597656249 0.2900511506944444 0.03788267109375001 0.10255106527777778