2 0.18228906914062498 0.5337614520833334 0.11502732890625 0.14557130416666664
0 0.338745726953125 0.5476253847222222 0.028269427343749997 0.034659833333333265
0 0.39284756289062506 0.5476253847222222 0.02534500390625003 0.034659833333333265
0 0.43037766328125004 0.5441594034722222 0.014622117187500016 0.02426188472222219
0 0.491303154296875 0.5580233375 0.07603501171874996 0.10051351944444452
0 0.57854845625 0.5372274347222222 0.047765584375 0.06931966944444438
0 0.65897010390625 0.5554238472222223 0.09748078437499999 0.10224651388888885
0 0.936949813671875 0.5788192354166667 0.1250943523437499 0.16290122083333333
4 0.67895366484375 0.49736862708333324 0.012672501562500039 0.020795901388888892
4 0.4513360316406249 0.5086330701388888 0.015596925781250003 0.032926843055555585
0 0.5390687390625 0.5380939305555555 0.015596925000000006 0.02599487777777772
0 0.44499978124999995 0.5441594013888889 0.010722887499999967 0.01386393611111111