0 0.146963174609375 0.6327256284722221 0.29392634921875 0.4864987847222222
1 0.61085224140625 0.5426332604166666 0.16450519843750006 0.37007172638888897
0 0.704019876953125 0.6056979194444445 0.031185819531250037 0.04989731388888888
0 0.77379814765625 0.6167862076388889 0.08030348437499998 0.044353162500000015
0 0.84591535546875 0.6223303548611111 0.05457518281249989 0.052669384722222254
3 0.80225520859375 0.6056979180555555 0.026507946874999976 0.09702255000000003
4 0.799526449609375 0.4303643090277778 0.05067695703124997 0.08454822083333337
4 0.803814499609375 0.3506672152777778 0.035863692968750006 0.0720738944444444
0 0.530938578515625 0.6985623590277777 0.26196088515625 0.4213550736111112
0 0.26157106171875 0.5634238069444445 0.027287592187499987 0.07068785833333335
0 0.293926350390625 0.5183776229166667 0.05613447734374999 0.016632437499999972
0 0.35239976171875 0.6174792277777779 0.16996271718750006 0.24810051944444447
1 0.347332065625 0.5183776229166667 0.20816534531250003 0.10533876805555553
5 0.33680685156249995 0.4171969645833334 0.009355745312499986 0.033264873611111134
5 0.34460330624999996 0.41996903680555564 0.006237164062500034 0.033264873611111134
5 0.32745110546875 0.4171969645833334 0.007796454687499965 0.033264873611111134
4 0.143844592578125 0.2612678666666667 0.04443979296875 0.09009236944444446