4 0.09484420234374999 0.4507328368055555 0.04588368437499999 0.06933534305555555
4 0.53640210546875 0.47537762708333337 0.014420589062500077 0.02628396527777781
0 0.48445521953125004 0.49055888402777775 0.006882553124999991 0.0149546819444444
0 0.49172013593749997 0.49123864097222225 0.007647279687499964 0.010876131944444485
0 0.49860268867187507 0.4932779159722222 0.00917673671874999 0.01495468194444448
0 0.50816178984375 0.4966767069444444 0.008412007812500021 0.03806646388888887
0 0.5188679828125 0.4993957423611112 0.017588745312500008 0.03806646249999998
0 0.47489611875 0.49871598333333333 0.01682401718750004 0.02854984722222219
0 0.45692500976562495 0.5157099381944446 0.03594221796874999 0.07613292638888894
0 0.3456570796875 0.49395767500000004 0.021412387499999984 0.021752263888888894
0 0.408747143359375 0.5345165902777778 0.08794372578125001 0.13187310277777772
0 0.53530963671875 0.5107250527777778 0.036706948437499956 0.051661630555555546