0 0.0843749421875 0.4816402930555556 0.036914037499999997 0.025781230555555527
0 0.150952044140625 0.4957027840277778 0.014501942968750004 0.03046872916666672
0 0.131835846875 0.4957027840277778 0.036914037499999997 0.03515622638888895
0 0.235986166015625 0.5121090236111111 0.013183585156250021 0.03984372499999998
0 0.226098476953125 0.5144527729166667 0.019775375781249993 0.04921871527777778
0 0.19841294999999998 0.5121090229166667 0.056689414062499985 0.0914061875
0 0.168090705078125 0.5027340305555555 0.017138660156249985 0.030468727777777833
0 0.251806466796875 0.5144527701388889 0.01582030078125003 0.03046872916666664
0 0.050097621484375 0.5414058777777778 0.10019524296875 0.1921873666666667
0 0.273559382421875 0.5285152624999999 0.05668941484375001 0.0773436944444445
0 0.35661596601562506 0.5378902534722222 0.02768552890625 0.06328120694444439
0 0.32365700390625 0.5484371229166667 0.0751464328125 0.09374993472222223
4 0.06394038671874999 0.2425779590277778 0.0250488109375 0.10078118194444442
4 0.2017088453125 0.4136715902777777 0.018457017187500015 0.04453121944444444
4 0.23598616562499997 0.4769527958333334 0.015820301562499983 0.025781233333333296
4 0.46076628476562503 0.4593746840277777 0.022412094531250037 0.046874968055555556
4 0.642040573828125 0.3832028618055555 0.04482418671874999 0.10078118194444442
4 0.48797390351562503 0.3269529 0.02109373515624995 0.09609368333333335