0 0.135132911328125 0.53185055 0.06696852265625 0.061653558333333316
0 0.11001971562500001 0.5403544902777778 0.07892718750000001 0.07866143888888888
0 0.25890509140624995 0.5477954375 0.10882384843749997 0.06377954722222227
0 0.40460150156249997 0.5361025215277777 0.028700795312499982 0.04889765138888886
0 0.47655278945312496 0.5173229840277778 0.04903052734375004 0.02551181805555558
0 0.48133625546875003 0.5120080201388889 0.02032972968750002 0.02338583194444447
0 0.4950887203125 0.5364568465277778 0.03348426250000003 0.055275606944444416
0 0.45024372851562494 0.5417718097222222 0.02032972890625002 0.04464568055555552
6 0.20309799218749996 0.5651576437500001 0.03468012656249999 0.07440947083333332
6 0.119586648046875 0.5616143395833333 0.05500985703125001 0.05740159027777783
6 0.11480318125 0.5711812708333334 0.03826772812499999 0.05102363611111116
6 0.11719491328125001 0.5786222180555556 0.028700795312499982 0.0361417416666667
3 0.065772655859375 0.5637403243055555 0.02630906328125 0.1169291680555555
4 0.221434614453125 0.46488203055555555 0.010762799218750008 0.025511819444444465
4 0.19871315234374998 0.41917335555555557 0.022721464062499995 0.023385833333333356
5 0.190740703125 0.45354343750000004 0.010762798437500009 0.04251969444444441
5 0.20449316640625 0.4581497340277778 0.009566931250000011 0.044645681944444404
4 0.46080722695312504 0.1700787875 0.023917328906250025 0.038267727777777795
4 0.521796416796875 0.4549607555555555 0.011958664843750012 0.05527560555555553
4 0.36972205625 0.4677166652777777 0.013154531250000013 0.021259849999999938
4 0.38068417382812497 0.4659450222222222 0.009566932031250008 0.03188977222222225
4 0.37051930859375004 0.4393702118055556 0.010762798437499966 0.021259848611111052
5 0.46399619101562506 0.23562998333333335 0.021525596093750023 0.08716537777777775
3 0.9329751843749999 0.5134253388888889 0.022721462500000022 0.08291340833333333
6 0.5782014410156251 0.5541733930555556 0.025113196093750022 0.05527560555555561
6 0.5522910109375 0.5598426784722222 0.03468012656250004 0.042519693055555606
0 0.42971469804687495 0.5428348 0.04305119296875004 0.06803151388888888