0 0.12419963710937501 0.60332571875 0.04873469921874999 0.06931156805555551
0 0.3399614390625 0.5930865131944445 0.015949537499999965 0.014177368055555601
0 0.282365887109375 0.5891483506944444 0.028354735156249998 0.018903154166666603
0 0.42546868359375 0.6001751944444444 0.015063451562500062 0.012602105555555533
0 0.432557364453125 0.6182907187500001 0.016835621093749965 0.026779470833333364
0 0.420595212109375 0.6245917701388889 0.021266050781249924 0.03938157361111112
0 0.39179743671875 0.6238041395833334 0.04341818593750002 0.08191367638888888
0 0.35280967812499997 0.63798150625 0.06645640625000002 0.09766630694444439
0 0.49148204687499997 0.6143525618055555 0.019493879687499938 0.0315052597222223
0 0.5083176703125 0.6222288743055556 0.012405195312499995 0.02520420972222226
0 0.526925463671875 0.6041133520833333 0.010633022656250013 0.011026840277777852
0 0.514077225 0.6064762458333334 0.011519110937499999 0.012602099999999991
0 0.52958371953125 0.6245917715277778 0.02658256406249997 0.03308052361111117
0 0.549077598046875 0.6356186111111111 0.030126903906250037 0.04253209722222222
0 0.59382491328125 0.6442825597222223 0.05050686875000006 0.06616104444444441
0 0.653726829296875 0.6675423006944444 0.07886160234375002 0.09136525138888882
0 0.7082210828125 0.6832949305555556 0.10101373906250002 0.11971998333333336
0 0.83094391328125 0.7187383472222223 0.21531875937500003 0.23156366111111104
0 0.234812637109375 0.682088870138889 0.17898925546875 0.19533260694444443
0 0.47230197343749997 0.6497959777777779 0.06734249218750002 0.08978998888888891
2 0.050968353125 0.5426780958333334 0.1018998234375 0.17485419166666674
0 0.95610461484375 0.7695159652777779 0.08329203125000006 0.25361734166666666
4 0.41913684882812496 0.11341893472222221 0.44481488359375004 0.22683786944444442
4 0.791292728515625 0.10081683124999999 0.27114214140625004 0.20163366249999998