4 0.43721710273437503 0.2676560604166666 0.014501942968750025 0.06562495416666667
4 0.7595557488281249 0.1539842625 0.04482418828125008 0.16640613611111113
4 0.766147540625 0.043593716666666664 0.05537105625000001 0.08718743333333333
3 0.421396801171875 0.35554662361111106 0.019775377343749945 0.08203119444444443
6 0.12344778789062501 0.5043746472222222 0.15688465703125 0.2484373305555555
0 0.46160673476562497 0.3637497430555555 0.029003885156250055 0.0656249555555555
0 0.557187723046875 0.3754684847222222 0.02241209296875004 0.056249961111111094
0 0.571030487109375 0.38015598125 0.026367169531249957 0.07499994861111112
0 0.59542011953125 0.3848434784722222 0.05141598125 0.08437494305555558
0 0.639585128125 0.4129684590277778 0.07646479062500004 0.13593740694444448
0 0.693637825 0.4457809368055555 0.13447256406249997 0.1874998708333333
6 0.983676687890625 0.6274214381944445 0.03164060390624997 0.23671858750000002
7 0.270444756640625 0.37546848402777777 0.06064448984375002 0.12187491527777783
0 0.5011574875 0.38601535208333326 0.07119135781249994 0.11953116805555553