4 0.155985516796875 0.42206183680555553 0.01286415703124999 0.04435318750000003
4 0.09887645703125 0.4047363729166667 0.017152209374999994 0.06098563194444451
4 0.06866517812499999 0.4338431541666667 0.0074066359375000055 0.022176594444444458
4 0.11037623320312502 0.43488268124999996 0.008186282031250002 0.02425564861111111
4 0.1624175953125 0.43291235902777775 0.007796457812500002 0.034175376388888956
4 0.14234171484375 0.4359222090277778 0.006626990625000007 0.0291067791666666
0 0.20596455859375 0.4648999472222222 0.014033626562500002 0.014553391666666629
0 0.1817955359375 0.4555441972222222 0.014813271874999989 0.013860372222222219
0 0.05120485078125 0.4635139097222222 0.0155929171875 0.011781316666666678
0 0.010858176562499999 0.46143485416666674 0.00818628125 0.009009241666666648
0 0.002797783984375 0.46212787013888884 0.00559556796875 0.013167351388888844