5 0.6204689296875 0.02132810763888889 0.01186522656250002 0.04265621527777778
5 0.5960792984375 0.02015623402777778 0.015820301562500028 0.04031246805555556
5 0.261216247265625 0.1926561090277778 0.021093735156249994 0.03749997361111112
5 0.7687842578125 0.2160935944444444 0.018457017187500036 0.028124980555555564
5 0.28033244492187503 0.19734360555555558 0.017138660156249985 0.03281247500000002
4 0.277695727734375 0.14695301666666666 0.030322244531250007 0.021093736111111108
4 0.7509864183593751 0.14695301666666666 0.030322244531250053 0.021093736111111108
4 0.7668067199218751 0.12703115555555555 0.022412094531250037 0.018749986111111127
4 0.6231056472656251 0.19499985833333333 0.014501944531250022 0.03281247499999999
4 0.68770521171875 0.13992177083333332 0.025048810937499954 0.030468727777777774
3 0.1524516734375 0.3016404125 0.0250488109375 0.10078118611111112
3 0.06346247656250001 0.350859125 0.0474609046875 0.2742185611111111
3 0.9072118980468751 0.30867165625 0.013183586718749928 0.0914061875
3 0.87623047265625 0.3321091395833333 0.02241209375000004 0.0398437236111111
3 0.77537605 0.2875779201388889 0.018457018750000033 0.058593709722222206
3 0.756259851953125 0.3145310270833333 0.019775377343750032 0.07499994861111112
3 0.6092628828125 0.3426560048611111 0.021093735937500035 0.05624995694444447
3 0.6277199015624999 0.3004685368055556 0.015820301562499937 0.046874968055555556
6 0.83997561484375 0.3496872541666667 0.039550754687500064 0.04218747499999998
6 0.78196784140625 0.3520309986111111 0.06328120468749994 0.07499994444444442
1 0.492588158203125 0.23835920416666667 0.04877926328125 0.03984372222222221
0 0.5347756285156249 0.28171854930555557 0.011865225781250021 0.0374999736111111
0 0.6092628828125 0.3016404104166667 0.021093735937500035 0.06796870416666666
0 0.502475847265625 0.31804664791666665 0.07910151015624996 0.12890615972222225
0 0.57432638359375 0.30398415902777776 0.05932613125000001 0.09609368472222223
0 0.676499164453125 0.3297653916666667 0.11601554453124993 0.12421866666666669
0 0.379868508984375 0.3707809888888889 0.22675765546874999 0.31874978333333337
0 0.012615041015625 0.40359346527777784 0.02523008203125 0.2343748388888889