4 0.09943040039062499 0.35041092152777775 0.05069000859374999 0.027727868055555563
4 0.1462211765625 0.31748407916666666 0.04679077656250001 0.024261883333333303
4 0.189600126171875 0.2975546736111111 0.014622117968749992 0.022528891666666655
4 0.603893460546875 0.4647883756944444 0.010722886718749968 0.017329918055555518
0 0.466932957421875 0.50811316875 0.046790775781250016 0.06238770138888891
0 0.75157684921875 0.5627024083333333 0.1676669500000001 0.17503216388888884
0 0.631188080078125 0.5211106069444444 0.055564047656250004 0.06758667777777781
0 0.532732487890625 0.4994482111111111 0.024370196093749998 0.03465983611111112
0 0.49763940507812504 0.5037806895833333 0.016571733593749992 0.04332479305555555
0 0.5142111390624999 0.49944821041666665 0.01852134999999997 0.027727868055555563
0 0.6019438445312499 0.5115791520833334 0.028269426562500043 0.045057784722222195
0 0.58634691875 0.5115791527777778 0.012672501562500039 0.031193852777777743
0 0.579523264453125 0.5072466729166667 0.014622117968750015 0.025994876388888914
0 0.568800378125 0.49944821041666676 0.012672501562500039 0.020795901388888892
0 0.55320345234375 0.49511573124999997 0.01072288593750006 0.025994876388888834