4 0.380662463671875 0.3829911715277778 0.014622117968750015 0.03812581805555561
4 0.208121474609375 0.5138320465277778 0.014622116406250019 0.02252889305555554
0 0.40064602460937504 0.5666882944444445 0.013647310156250026 0.017329916666666712
0 0.367502557421875 0.5684212861111111 0.017546539843749986 0.017329916666666632
0 0.651171641015625 0.5762197493055555 0.06628693359374997 0.046790776388888844
0 0.7320806921875 0.5744867576388889 0.04289154531249997 0.03639282638888888
0 0.7700981980468751 0.5779527402777778 0.06238770234375011 0.08145061111111115
0 0.9572613046875 0.5727537659722223 0.04679077656250001 0.05025675972222222
0 0.9026720652343749 0.5614893194444445 0.08188385859374989 0.07625163611111105
0 0.383586887109375 0.5753532534722222 0.026319811718749975 0.034659834722222234
0 0.4308650679687499 0.5701542777777777 0.03899231406250001 0.05892171944444442
0 0.558564896484375 0.5840182118055556 0.13842271640624998 0.13863933750000004
3 0.855881288671875 0.5545573527777777 0.015596925781250093 0.09011556944444439
3 0.654583468359375 0.5753532527777777 0.018521349218749972 0.07625163611111113
3 0.640936158203125 0.5831517152777778 0.016571732031249998 0.07798462777777779
3 0.5200599859375 0.5467588895833333 0.01072288593750006 0.0329268430555555
3 0.46985738164062496 0.571887270138889 0.011697694531249959 0.038125818055555524
0 0.29634158515625 0.5892171861111112 0.10527924687499998 0.1559692527777778
3 0.118439153125 0.5692877826388889 0.012672501562499994 0.039858809722222256
3 0.09748078476562501 0.5744867576388889 0.013647310156249991 0.04679077638888892
0 0.093581553125 0.5753532534722222 0.05069000781249999 0.03812581805555561
0 0.0667743375 0.5779527409722222 0.0419167375 0.039858809722222256
0 0.039479717578125004 0.5710207743055555 0.05946327890624999 0.039858809722222256
0 0.025832407812500003 0.5805522284722222 0.051664815625000006 0.051989751388888866
0 0.354830055859375 0.5649553020833333 0.021445772656249983 0.03465983194444446