4 0.4755397054687499 0.3665562763888889 0.024139071874999994 0.025033111111111082
4 0.274380771484375 0.33884104583333335 0.056324500781249974 0.05543046111111115
4 0.220570757421875 0.3361589291666667 0.04324916953125 0.03576158888888889
0 0.414689127734375 0.4228807784722223 0.011063741406250039 0.0196688736111111
0 0.353838551171875 0.40499998402777776 0.01609271328124997 0.0196688736111111
0 0.311092277734375 0.38694684722222217 0.04727235078125003 0.041470508333333336
0 0.273374978515625 0.4005297847222222 0.026150661718749958 0.010728474999999961
0 0.23364608750000002 0.4023178645833334 0.04123758125000001 0.014304634722222194
0 0.21101570742187498 0.40052978611111106 0.028162250781249988 0.021456950000000002
0 0.189894020703125 0.39784766874999994 0.018104303906250018 0.016092715277777753
0 0.17530999765625 0.39695362986111116 0.015086921875000003 0.017880795833333313
0 0.091326143359375 0.3969536291666666 0.020115892968750004 0.021456952777777774
0 0.13407241640625 0.39337746875 0.0754346 0.02860926805555558
0 0.021926311328125 0.37907283263888886 0.042243375781249995 0.050066223611111085
1 0.2140330921875 0.3826489909722222 0.02413907343749999 0.014304634722222273
2 0.35383855078125 0.38980130972222216 0.024139071874999994 0.02503310833333335
0 0.42575286914062505 0.4237748173611111 0.011063741406250039 0.017880793055555542
0 0.544436638671875 0.4398675340277778 0.03520281171874995 0.06437085694444443
2 0.57058730078125 0.4318211756944444 0.03721440156249996 0.06258277638888887
0 0.720953602734375 0.4228807784722223 0.05632450078125002 0.0590066208333333
0 0.8175098898437501 0.4818874013888889 0.15891555625000012 0.1305297972222222
0 0.66412620390625 0.46937084444444443 0.1558981734375 0.1555629111111111
0 0.478557089453125 0.4666887222222223 0.12673012890625 0.16807946111111116
0 0.9140661785156251 0.4657946861111111 0.042243374218749886 0.023245036111111103
0 0.967373295703125 0.4684768055555556 0.05028973203124991 0.03933774722222228