4 0.6540960640625 0.22962140416666665 0.015596925000000006 0.008664958333333356
0 0.33923313046875003 0.33360090833333333 0.009748078124999981 0.03639282777777776
0 0.3197369734375 0.3431323611111111 0.037042698437500035 0.048523769444444455
0 0.20276003085937502 0.35872928888888883 0.07018616484374998 0.07625163611111113
0 0.120388769921875 0.3751927090277778 0.10625405546875002 0.10224651250000001
0 0.550766432421875 0.3327344104166667 0.040941928906249994 0.06238770138888887
0 0.647272410546875 0.3509308256944444 0.10138001640624994 0.08491659305555553
0 0.92558005 0.29807457569444445 0.05361443281249993 0.05892171805555557
0 0.884638119140625 0.29460859375 0.026319811718749975 0.034659834722222234
0 0.864167155078125 0.30327355208333334 0.024370196093749998 0.0415918013888889
0 0.750114637890625 0.3968551041666667 0.1686417570312501 0.13170737222222223
0 0.771560409765625 0.3145379993055556 0.1530448320312499 0.11957642916666668
2 0.437688723046875 0.3110720138888889 0.20081041640625 0.42458297500000003
0 0.644858561328125 0.30164041041666667 0.03955075390624998 0.02578123194444441
2 0.7509864183593751 0.2688279333333333 0.11997062109375004 0.10078118055555553