0 0.057374206640624995 0.5115525541666667 0.11439749921875 0.30069308611111106
0 0.07877987382812499 0.4279573784722222 0.15720883359374999 0.17841954861111106
5 0.07316527265625 0.2975738638888889 0.028073006249999997 0.027449161111111113
5 0.2079157015625 0.09357668749999999 0.014036503124999999 0.06363214722222223
5 0.39775940312499997 0.3144176673611111 0.00491277499999998 0.01621995972222222
5 0.64690733203125 0.2938307951388889 0.0224584046875 0.027449162499999995
5 0.22370676562499997 0.09607206527777777 0.014738326562500025 0.06113676666666667
5 0.19352828515625 0.09731975416666666 0.013334678125000022 0.05614601111111111
5 0.40267217929687504 0.3144176659722222 0.0028073007812499996 0.01372457916666667
5 0.44197438710937503 0.3512244965277778 0.008421902343750088 0.009981515277777773
5 0.393899365234375 0.3443622055555556 0.005614600781250001 0.011229202777777777
4 0.0650942828125 0.1908964381944444 0.03017848125 0.01621995972222222
4 0.43565796132812495 0.3275184034722222 0.00912372578124998 0.0074861319444444515
4 0.440570737109375 0.3187845791666667 0.010527377343749932 0.007486136111111108
4 0.42723606015625004 0.34373836180555556 0.0077200765625000225 0.007486134722222222
4 0.9925562179687499 0.12352122638888889 0.01333467812500011 0.07361366388888888
4 0.9908016558593751 0.014972270138888888 0.01684380390624991 0.028696851388888885
3 0.19879197382812502 0.3961413069444444 0.01403650390625002 0.07735672777777777
3 0.504436826953125 0.40300359722222223 0.015440153906249953 0.07361366111111106
3 0.55181002421875 0.39177439444444445 0.017545629687499974 0.09108131111111106
3 0.678840376171875 0.3774259673611111 0.019651103906250002 0.08484286249999996
3 0.60690329921875 0.3930220833333334 0.020352928124999982 0.0985674444444444
3 0.45846727890625 0.38428826041666664 0.0084219015625 0.03867836250000004
3 0.2394978328125 0.3936459291666667 0.012632851562500002 0.07735672777777773
3 0.705860644140625 0.37929750208333335 0.026669355468750044 0.08858593194444443
3 0.5925158832031251 0.38491210277777776 0.01754562890624998 0.07735672777777777
3 0.5714611281249999 0.3855359479166667 0.016141978125000022 0.0860905513888889
3 0.5423353843750001 0.38553594930555557 0.014036504687499996 0.06612752638888889
3 0.49496218632812494 0.37493059097222226 0.009123725781250069 0.03243991805555556
3 0.44443077617187504 0.38491210624999994 0.007720075781249935 0.0349352986111111
0 0.402321267578125 0.3886551715277778 0.007018252343749998 0.04491680972222222
0 0.39354845234375 0.38615979236111114 0.010527376562499979 0.05240294305555556
0 0.387582940234375 0.39489361736111117 0.022458405468749998 0.0773567263888889
0 0.748321066015625 0.38803132638888893 0.06667338984375001 0.08858593055555551
0 0.8858787949218749 0.37118752430555557 0.22388222265625002 0.22208867083333328
0 0.33143692578125006 0.40986588749999997 0.122117575 0.1746764805555555
3 0.256341636328125 0.4011320638888889 0.014036503906249997 0.07985210555555555