5 0.43927718984375 0.5006248243055555 0.005273435937500004 0.020624993055555527
5 0.389706894921875 0.49968732569444446 0.005273435156249962 0.01499999583333336
5 0.386015490234375 0.4974998159722222 0.00632812421875002 0.018749993055555574
5 0.43558578554687505 0.4974998159722222 0.006328122656249935 0.018749993055555574
4 0.65920044140625 0.3634569034722222 0.05800779218750005 0.10124996250000003
4 0.1313295328125 0.33720691388888885 0.0590624796875 0.11624996111111108
4 0.289005259375 0.42814438125000004 0.02636717968750002 0.0356249875
4 0.533692675 0.49845685763888886 0.024257803124999987 0.029999990277777833
4 0.387597520703125 0.4446427034722222 0.05589841796875002 0.03374998749999997
4 0.422929539453125 0.4418302041666667 0.00843749765625006 0.02062498888888887
4 0.45298812265625 0.4446427027777778 0.045351546875 0.04124998611111113
5 0.325919308203125 0.5537693375 0.007382808593750001 0.016874994444444506
0 0.47144514765625 0.5821872958333333 0.01898436874999998 0.02999998888888887
0 0.45035140507812504 0.5924997944444444 0.025312491406250005 0.039374986111111177
0 0.42451157031250003 0.5662498027777777 0.013710932812499976 0.013124997222222214
0 0.409218607421875 0.5624998034722223 0.01898436796874998 0.016874995833333312
0 0.380742054296875 0.5699998006944444 0.021093742968750016 0.013124995833333406
0 0.35173815820312504 0.59062479375 0.034804675781249995 0.07312497638888883
0 0.28845693046875 0.5521873076388889 0.03058592656250001 0.029999990277777833
1 0.386542833984375 0.55499980625 0.02003905546875 0.031874990277777786
0 0.317078498828125 0.6069372819444444 0.07066403671875002 0.08062497222222223
0 0.402508156640625 0.6388122708333334 0.09808590390625001 0.14062494999999997
0 0.11246919570312501 0.6847497548611111 0.22464835859374999 0.2962498958333334