4 0.169160762109375 0.11546052847222223 0.04096628359375001 0.06394736805555555
4 0.167661994140625 0.03917763263888889 0.045962171093750004 0.07085526527777777
4 0.24409908476562497 0.3810197395833334 0.020982730468749988 0.0301973708333333
4 0.16766199570312498 0.19539473819444445 0.019983553906249996 0.028421051388888882
4 0.40334510859375 0.6003947409722221 0.011990131250000013 0.028421051388888844
4 0.5507238109375 0.60217105625 0.020982731249999987 0.03552631805555559
4 0.5117558828125001 0.6075000041666666 0.01298930937499998 0.024868422222222283
4 0.457800290625 0.5604276354166667 0.018984374999999963 0.01598684027777782
4 0.4453105703125 0.5924013180555556 0.041965460937499977 0.04085526388888891
4 0.55621928828125 0.6563486875 0.009991776562499943 0.012434208333333332
4 0.627160899609375 0.6243750041666666 0.00999177734375003 0.019539474999999997
2 0.683114847265625 0.6474671097222223 0.03197368359374995 0.03730263333333339
0 0.6846136144531251 0.6732236881944444 0.02497943984375004 0.031973684722222215
0 0.38630703828125 0.6606625881944445 0.01398848749999999 0.01953947361111111
0 0.36732266328124996 0.6695441673611111 0.02398026249999998 0.03730263194444442
0 0.33784692304687497 0.6748731145833334 0.05295641484374998 0.07638157916666673
0 0.4397630429687499 0.6810902194444444 0.0729399671875 0.11013158055555555
0 0.189521094921875 0.7034210569444445 0.20383223828125 0.25578947500000004