4 0.039072844921875 0.3871872263888889 0.014501942968750004 0.028124980555555526
4 0.121470250390625 0.3578903722222222 0.02636716953125 0.04921871666666667
0 0.005454704296875 0.4364059430555555 0.010546867968750002 0.037499974999999984
0 0.012046496484374999 0.44695281249999996 0.021093735156249998 0.044531222222222215
0 0.035776948828125 0.4481246840277778 0.04482418828125 0.07499994583333332
0 0.05555232578125 0.4574996784722222 0.0342773203125 0.07499994861111109
0 0.0819194953125 0.45867155277777777 0.058007771875000017 0.09609368333333335
0 0.12344778671875001 0.4692184208333333 0.0856933 0.12187491666666672
0 0.40359896171875 0.5828902180555556 0.22148422343750002 0.24609358333333337
0 0.207822729296875 0.5020308972222222 0.14633778828125002 0.17812487777777777
0 0.7147315613281251 0.6789839000000001 0.5695308585937501 0.4804684166666666