0 0.022962223828125 0.8120124604166666 0.04592444765625 0.25737430972222225
3 0.011353065234375 0.6614727715277778 0.02270613046875 0.07769790416666669
3 0.8223723539062501 0.6505465041666667 0.05053398906250006 0.19667281944444442
3 0.5956522976562499 0.6663288909722223 0.042339287500000024 0.15053969027777778
3 0.39488212578125 0.6517605340277778 0.020486753125000014 0.07284178472222227
3 0.32112981953124997 0.6505465027777778 0.025949885937499983 0.08983820277777774
3 0.24123148515624998 0.6614727701388888 0.01365783437500001 0.06798566805555556
3 0.354591514453125 0.6505465020833333 0.01365783515625001 0.04613313194444449
3 0.653015202734375 0.6554026236111111 0.03414458671874998 0.13839939166666665
3 0.557410360546875 0.6408342666666667 0.012292050781250018 0.04613313055555553
3 0.50755926328125 0.6456903833333333 0.019120967187499983 0.050989249999999944
3 0.44609900703124994 0.6456903847222222 0.019120968749999977 0.06070148611111116
6 0.26240112890625 0.6906094847222223 0.012292051562500017 0.03399283333333329
3 0.08280060273437499 0.6505465041666667 0.013657833593750002 0.07041372500000007
3 0.10533603046875 0.6663288888888889 0.01502361875 0.07769790555555557
3 0.127871457421875 0.6663288875 0.02458410234374999 0.06312954722222218
3 0.340933679296875 0.6529745638888889 0.010926267968750025 0.05584536944444444
3 0.39078477539062495 0.6238378479166666 0.009560483593749992 0.0364208930555555
3 0.5041448042968749 0.6481184451388889 0.006828917968749959 0.04613313194444441
3 0.5253144484375 0.6335500861111112 0.010926267187500028 0.05584536944444444
3 0.5348749328125 0.6396202354166667 0.008194701562499952 0.03884895416666667
3 0.541703849609375 0.6408342645833334 0.010926267968750025 0.05584536805555555
3 0.683745331640625 0.6456903847222222 0.04370507109375001 0.12868715555555552
3 0.77164391171875 0.6456903847222223 0.039996628125000024 0.13354327500000002
2 0.4754633515625001 0.6274799388888889 0.042339287500000024 0.08255402222222222
2 0.4221977953125 0.6323360569444445 0.03141301875 0.08255402222222222
0 0.372346699609375 0.6517605326388889 0.02458410234374999 0.0437050708333334
0 0.19274617226562502 0.4053124923611111 0.11882316171875003 0.0364208930555555
0 0.016816198046875 0.3919581645833333 0.03363239609375 0.04856119027777781
0 0.401711044140625 0.4053124923611111 0.08058122421874998 0.03156477361111109
0 0.7028662999999999 0.4164121979166667 0.08194700781250006 0.05792655416666664
0 0.53077758203125 0.40409846111111103 0.09560484374999997 0.043705072222222204
5 0.266498479296875 0.3995892173611111 0.009560483593749992 0.03884895416666667
5 0.54238674140625 0.3971611569444444 0.012292051562500017 0.058273430555555526
5 0.36961513124999995 0.5222062243055556 0.005463134375000012 0.031564773611111166
5 0.4816093773437499 0.5307044291666667 0.00819470156250004 0.02913671388888888
5 0.52668023203125 0.39837518680555556 0.010926267187500028 0.050989248611111135
5 0.729499076953125 0.3801647402777778 0.012292050781250018 0.06312954722222221
5 0.064362525 0.5331324902777779 0.03141301875000001 0.043705072222222204
5 0.77593571640625 0.5234202520833334 0.02048675156250006 0.02428059583333327
5 0.670087497265625 0.5619223319444444 0.01365783515624992 0.01942447499999997
5 0.283570772265625 0.6080554625 0.010926267968749981 0.014568358333333324
4 0.7622778808593751 0.3348987673611111 0.025949886718750027 0.03642089305555554
4 0.766375231640625 0.3858880180555556 0.05326555546874996 0.04613313055555553
4 0.766375230859375 0.44051935624999994 0.025949886718750027 0.03399283472222226
4 0.7650094484375 0.4635859208333334 0.025949885937500028 0.016996416666666646
4 0.790959333984375 0.44294741458333337 0.036876153906250056 0.02428059583333335
4 0.07528879375 0.39317219444444446 0.03414458593749999 0.05584536944444444
4 0.09782422070312499 0.3555372736111111 0.03277880234374999 0.04856118888888889
4 0.655063878125 0.5437118840277778 0.024584103125000034 0.01699641527777784
4 0.277424748046875 0.5655644194444444 0.025949886718750027 0.016996416666666646
4 0.42014912109375 0.4623718895833333 0.038241937499999955 0.04856119027777781
4 0.582677355078125 0.48058233749999996 0.02458410234374995 0.026708652777777706
5 0.3778098328125 0.5258483131944445 0.00819470156250004 0.0388489513888889
5 0.300643065625 0.5477008472222222 0.009560484374999989 0.02913671388888888
4 0.049338906249999995 0.4101686111111111 0.075118090625 0.026708655555555558
2 0.66529311796875 0.6239058138888889 0.12524405468750005 0.09374993611111111
0 0.8294287468749999 0.6766401527777778 0.05009762187499991 0.04921871666666667