2 0.46638792382812505 0.3507875006944445 0.016742130468750015 0.029763787500000027
0 0.44306852890625 0.37523632361111114 0.029896662500000025 0.036141744444444394
0 0.40480080078125 0.37311033888888895 0.049030526562499954 0.05740158888888887
2 0.249338158984375 0.3635434090277778 0.12556598046874998 0.15307090972222223
0 0.050824325000000004 0.44858280138888884 0.10164865000000001 0.22748037777777774
0 0.31511081562500004 0.4018111347222222 0.16144197343750002 0.22322840833333335
0 0.618860899609375 0.4273229520833333 0.33245088046875004 0.5038584069444444
2 0.8652093933593751 0.31570874791666664 0.18177170390624992 0.14031499861111107
0 0.97044564296875 0.3263386715277778 0.055009857812499875 0.11905515138888884
2 0.453147971875 0.3535636111111111 0.022721462500000022 0.03332290555555555
3 0.174511083984375 0.4024185569444444 0.020329730468749994 0.08929136388888889
3 0.18615654570312498 0.39791348888888883 0.016742130468749995 0.07015749999999998
3 0.13772395234374998 0.4064174298611112 0.0227214625 0.08291340972222222
3 0.138321884765625 0.4074804208333333 0.02152559609375 0.08929136388888889
3 0.11859008867187501 0.4074804222222222 0.01793799609375 0.07653545277777778
3 0.10184795859375 0.40854341527777777 0.0179379984375 0.08291340833333333
3 0.094074826171875 0.40322845277777775 0.019133863281249996 0.08929136388888889
3 0.08570376015625 0.4085434145833334 0.028700795312500006 0.09992128750000001
3 0.75957451875 0.2650394381944444 0.020329731249999927 0.06803151527777776
3 0.77990424921875 0.3553937930555556 0.029896662499999938 0.21897643888888893
3 0.8008319113281249 0.32881898402777776 0.035875992968750034 0.17007878749999997
3 0.8355120390625 0.30968511944444443 0.047834659375000046 0.2508662111111111
3 0.8552438363281251 0.24803156041666666 0.015546264843750102 0.059527576388888906
3 0.870192167578125 0.34688985347222223 0.06457678984375015 0.24023628750000003
4 0.457333505078125 0.3093307791666667 0.011958664843750012 0.019133863888888866