0 0.166415412890625 0.3678542638888889 0.03235530390624999 0.0637577083333333
0 0.021206368359375 0.3903773673611111 0.04210087890625 0.06860883750000002
0 0.50852402421875 0.3463706777777778 0.011304865624999928 0.024948669444444408
0 0.516515394921875 0.34637067708333336 0.013253980468750015 0.03603696527777775
0 0.5309388433593749 0.34533115000000003 0.02650796015625003 0.043660169444444424
0 0.44502188242187496 0.3460241680555556 0.00623716796874998 0.013167352777777768
0 0.43215772500000005 0.3418660569444444 0.005457520312500019 0.013167352777777768
0 0.465487586328125 0.34879624236111106 0.008186282031249981 0.027027723611111103
0 0.0832962265625 0.38393228194444445 0.0966760890625 0.08454826388888893
0 0.5548154984375 0.34650927986111113 0.03859247187500001 0.053362429166666676
0 0.486011749609375 0.3447767347222222 0.03976193984375005 0.06514374444444443
0 0.674531005859375 0.3403597229166667 0.13339917578125 0.1741228791666667
2 0.29927769843749996 0.26502545694444446 0.26642625468750003 0.5219512583333332
4 0.590620748828125 0.22578544930555552 0.017542032031249998 0.011088298611111113
4 0.5800955304687501 0.1599486840277778 0.012864157812500032 0.038809040277777776
4 0.58068026484375 0.26528750624999997 0.01403362656249998 0.012474334722222204
5 0.4483938363281251 0.2872561923611111 0.003898230468749997 0.012474334722222242
5 0.47957967109375 0.29626543333333333 0.005457521875000015 0.015246408333333348
5 0.482503342578125 0.2973049611111111 0.004288052343749982 0.013167352777777808
0 0.453461533984375 0.3499743715277778 0.01637256328125005 0.02564168750000001
4 0.9522399847656249 0.07138091180555556 0.034304417968750126 0.05059035416666668
4 0.168730685546875 0.28532564652777775 0.008186280468749984 0.02633470416666669