1 0.09997534999999999 0.49071082708333336 0.19995069999999998 0.37634922361111106
1 0.22453480273437504 0.49920903611111117 0.07102073984374999 0.19910088055555558
0 0.26414252382812503 0.5356299277777777 0.016389400781249997 0.048561188888888926
0 0.333114589453125 0.6072576847222223 0.18711233515624998 0.2743707250000001
0 0.48676523046875 0.42515322083333335 0.17482028437500002 0.30836355833333334
0 0.6513421394531249 0.5514123152777778 0.14340726484375005 0.14325551111111107
0 0.6185633355468749 0.5198475423611111 0.07238652421875003 0.10440655694444448
0 0.854741441796875 0.5770890444444444 0.28797544296875 0.26672233888888897
0 0.96820390546875 0.6861696194444444 0.06146025625 0.18938864444444445
0 0.541774998046875 0.5070597486111111 0.18847811953125 0.23066565277777779
2 0.326883062890625 0.4613779972222222 0.036743957031249996 0.03130040833333333