0 0.074817276171875 0.6685988319444445 0.14963455234375 0.16786098333333327
0 0.349280653125 0.6145419048611112 0.10322383593749995 0.13087466527777777
0 0.485312064453125 0.5825345145833333 0.03280757578125 0.0469441736111111
0 0.181641943359375 0.6273448618055555 0.10722476015625002 0.1251844625
0 0.26766180625 0.5996051229166667 0.08401940156249998 0.09246579583333335
0 0.11162577578124999 0.588935992361111 0.04881127187499999 0.034141218055555575
0 0.61814273671875 0.6038727743055555 0.06641533593749997 0.1123815041666667
0 0.580934144921875 0.6060066006944445 0.02240517421875001 0.07681773749999997
0 0.560929525 0.5853796159722222 0.057613303124999946 0.061169681944444436
0 0.6577518828125 0.6294786868055555 0.11202586874999998 0.13514231527777776
0 0.39849201640625 0.5882247173611111 0.011202585937499964 0.035563768055555535
0 0.40729404921875006 0.5839570652777777 0.01600369531250001 0.04409907222222221
0 0.41849663593750003 0.5818232388888889 0.009602217187500007 0.03698631944444439
0 0.428098853515625 0.5825345138888889 0.009602217968750004 0.032718666666666646
0 0.43650079335937503 0.5789781375 0.012002771093750031 0.0312961166666666
0 0.446503102734375 0.5768443111111111 0.00800184765625005 0.027028463888888864
0 0.45570522773437505 0.5754217604166667 0.007201663281249981 0.024183362499999975
0 0.5281219500000001 0.5725766597222222 0.01600369531250001 0.032718666666666646
0 0.5177195476562501 0.5704428340277777 0.009602217187500007 0.028451015277777793
0 0.5113180691406249 0.5704428326388888 0.00800184765624996 0.02560591249999994
4 0.0940217109375 0.5220761083333334 0.028006467187499995 0.04267651944444448
4 0.22805266015625003 0.5391467173611111 0.014403326562500008 0.025605912500000015
4 0.7473725773437501 0.4075607770833333 0.030407021874999975 0.024183362499999975
4 0.74737257734375 0.4345892409722222 0.027206282812499972 0.024183362499999975
4 0.75977544140625 0.4623289798611111 0.021604989062499948 0.0312961152777778
4 0.594537285546875 0.48437851527777775 0.014403325781250054 0.012802955555555605
4 0.05881358046875 0.4929138194444445 0.028006467187500002 0.04409907222222221