0 0.461048781640625 0.32830541875 0.02901264609375005 0.031395326388888894
0 0.48463732226562506 0.32740840694444445 0.03027406640625001 0.01794018888888888
0 0.491575127734375 0.3431060722222222 0.034058322656249994 0.04036541944444447
0 0.51554209609375 0.33749975972222224 0.046672517187499984 0.07400326666666666
0 0.367956029296875 0.3352572381944444 0.02144413046875 0.03812289861111111
0 0.343989059765625 0.3330147159722222 0.03153548359374998 0.09642850416666665
0 0.26893461875 0.31283200555555557 0.022705549999999963 0.05157803611111112
0 0.190095905078125 0.31171074375 0.06685522734374998 0.08073084027777777
0 0.670444399609375 0.3206808375 0.07694658203125 0.12109626111111109
0 0.30665105078125 0.3487123784722222 0.0769465828125 0.11436869027777775
0 0.414628544921875 0.3688950875 0.09712929140625 0.14576401666666663
0 0.5460684398437501 0.353197425 0.07946942187500002 0.10988364166666666
0 0.10280567968750001 0.43056448194444447 0.20561135937500002 0.43056447777777773
0 0.93231506875 0.5976324680555556 0.1349718718750001 0.3431060638888889