4 0.464008534765625 0.46530827847222217 0.015596925781250003 0.032926843055555585
4 0.9845559246093749 0.26861371666666667 0.027294619531249963 0.2322208888888889
5 0.37627582890625 0.4323814354166667 0.007798464062499999 0.02946085972222221
5 0.3957719859375 0.4497113520833333 0.007798464062499999 0.025994873611111143
5 0.41819256562499996 0.4349809229166667 0.007798462500000003 0.02426188472222227
5 0.43037766406249994 0.45144434375 0.008773270312499993 0.025994873611111066
0 0.675054433203125 0.4843711868055556 0.026319811718749975 0.02946085694444444
0 0.586834323046875 0.48697067499999996 0.02144577265625003 0.024261883333333303
0 0.36409073046875 0.4939026423611111 0.032168659375 0.038125818055555524
0 0.404545255859375 0.4843711868055556 0.025345003906249986 0.03292684027777774
0 0.435739107421875 0.49130315416666664 0.01949615703125005 0.01906290833333328
2 0.71160972734375 0.4739732368055556 0.03899231406250001 0.04332479305555555
2 0.10284222773437499 0.46357528680555554 0.20568445546874997 0.30327355138888884
2 0.9445888027343751 0.4263159645833333 0.06628693359375007 0.11091147083333336
2 0.8500324414062501 0.43584741875 0.14622117656250005 0.11264446250000001