0 0.15587001796875 0.6250518770833333 0.3100328484375 0.4273384763888889
0 0.8309348812499999 0.6611309895833333 0.33808417031250004 0.6743169819444444
0 0.42970960390624996 0.5849888951388889 0.27042512812499997 0.4394787708333333
0 0.631162667578125 0.56677845 0.14887039921874995 0.1893886416666667
0 0.30337254648437495 0.4756657819444445 0.03961189140625003 0.03630001944444443
5 0.478877809765625 0.32882861736111113 0.008194700781250041 0.03884895416666667
5 0.345713921875 0.3567513020833333 0.006828918750000001 0.036420893055555584
5 0.33956789609375 0.36230116597222217 0.0027315671874999837 0.041277012499999995
5 0.35254283906249995 0.35380295694444447 0.006828917187500005 0.03399283055555556
5 0.47136600039062504 0.3368065416666667 0.006828917968749959 0.03399283055555553
5 0.48570672695312495 0.33680654097222223 0.0054631335937499696 0.029136712499999995
4 0.5130223960937499 0.3239724986111111 0.04370507031250002 0.01942447499999997
4 0.586774704296875 0.36767757152777775 0.010926267968750025 0.019424479166666706
4 0.08280060234375 0.31911637916666663 0.024584103125 0.02913671388888888
5 0.5881404874999999 0.4101686125 0.016389401562499996 0.026708655555555558
4 0.610675915234375 0.37738980694444446 0.009560483593749947 0.05827342777777776
0 0.281068657421875 0.48315789722222224 0.030974507031250022 0.046184211111111116