5 0.516127512109375 0.32363028541666666 0.01760406328124997 0.06401478194444445
5 0.666562249609375 0.19133306874999997 0.019204433593749924 0.05263437638888886
5 0.961407718359375 0.3876450777777778 0.025605913281249927 0.05547947777777777
5 0.8285770460937499 0.42249757013888883 0.011202585937500054 0.0312961152777778
5 0.562796631640625 0.44549547152777774 0.00800184765624996 0.018493162500000042
5 0.612808180078125 0.4398052659722222 0.007201663281250071 0.015648054166666647
5 0.64921658671875 0.4853268888888889 0.0064014796875 0.00995785277777783
5 0.592003375390625 0.4874607159722222 0.005601292968750027 0.014225506944444454
5 0.5792004191406249 0.48674944027777783 0.007201663281249981 0.012802955555555605
5 0.341012081640625 0.4433616458333334 0.015203510156249989 0.028451013888888908
5 0.32980949453125 0.4472212333333333 0.012002771874999985 0.030479988888888858
5 0.026929051953124998 0.4026730131944444 0.027294619531249998 0.06065470972222226
5 0.678356641015625 0.4658853548611111 0.00800184765625005 0.015648054166666724
5 0.6455490648437501 0.4701530069444445 0.006401478125000004 0.018493155555555616
5 0.6223437074218751 0.43672306736111116 0.006401480468749998 0.014225506944444454
4 0.040249283984375 0.253214025 0.05841348984375 0.042676516666666664
4 0.052652148828125 0.2916228951388889 0.044810347656250006 0.04267652083333332
4 0.034247898046875 0.35137002500000003 0.03680849921875 0.045521627777777796
4 0.350881021875 0.3741308354166667 0.0264060953125 0.0312961152777778
4 0.3536102171875 0.39861903125 0.012802957812500005 0.015648059722222187
4 0.335606058984375 0.41284453541666666 0.020004617968749992 0.01849315416666665
4 0.834978525390625 0.26063161041666666 0.03360776328125006 0.04409906805555555
4 0.83337815625 0.34954103124999997 0.024005545312500053 0.03983142083333332
4 0.83857935625 0.4021754083333333 0.016803881250000076 0.0256059138888889
4 0.9490048546874998 0.24996248194444443 0.060013857812499974 0.08250794166666668
4 0.9590071640625 0.31611108958333334 0.0160036953125001 0.029873565277777757
4 0.9446038382812499 0.34954103124999997 0.0160036953125001 0.03414121527777776
3 0.81958925390625 0.5291888631944445 0.0224051750000001 0.09246579583333335
0 0.596809240234375 0.5055135611111111 0.024805728906249946 0.029873566666666643
0 0.622015059765625 0.5154714166666666 0.020804803906250058 0.03271866944444442
0 0.49830239257812503 0.6632036729166667 0.36711656953125 0.5452237458333333
0 0.037708707421875 0.5483932965277778 0.07541741484375 0.0839304902777778
0 0.92659968046875 0.7021304041666667 0.14483344375000015 0.3243415611111112
3 0.751773593359375 0.5299001388888889 0.02000461953124999 0.08677559444444445
3 0.40343482070312503 0.5095102423611111 0.007201663281249981 0.04409907361111117
3 0.40663555976562493 0.5109327916666667 0.010402402343750072 0.04409907222222221
6 0.6406896046874999 0.5161488152777778 0.009602217187500007 0.021338261111111083
5 0.008407703124999999 0.4015589402777778 0.015596925000000001 0.06931966944444447