4 0.37920025156250003 0.39685510486111103 0.03314346562499999 0.051989751388888866
4 0.34069534218749997 0.3951221131944444 0.030219043750000018 0.04852376805555557
4 0.056538854687499994 0.34399885694444443 0.0389923125 0.07798462500000002
4 0.0180339453125 0.34573184861111117 0.034118274999999997 0.07105265833333338
4 0.07262318515624999 0.39165612916666664 0.018521350000000002 0.027727866666666677
4 0.04825298828125 0.3933891215277778 0.020470964062499996 0.017329918055555598
4 0.148658196484375 0.4193839986111111 0.016571733593749992 0.01386393611111111
5 0.7198955941406251 0.17936464375 0.016571733593749992 0.06065470972222222
5 0.851007249609375 0.19149558611111112 0.015596925781250093 0.06758667777777776
0 0.19593637734375 0.47050725416666667 0.013647310937500023 0.015596927777777757
0 0.17692762421875 0.46617477500000004 0.008773270312500015 0.01386393611111111
0 0.170591373046875 0.47050725416666667 0.011697694531250002 0.015596927777777757
0 0.14914560078125 0.46617477430555554 0.007798464062499999 0.017329918055555598
0 0.13696050234374998 0.4609758 0.018521348437499995 0.01386393611111111
0 0.128674635546875 0.4748397326388889 0.03314346640625001 0.031193851388888857
0 0.10284222773437501 0.46444178263888886 0.016571733593750016 0.017329918055555598