5 0.89068328203125 0.3693748708333333 0.04957029531250008 0.07499997500000002
4 0.9344527980468751 0.28593740069444445 0.05273435703125014 0.050624984722222204
4 0.966620756640625 0.20812492638888888 0.05800779296875014 0.04124998333333332
4 0.8896285945312499 0.18281243680555556 0.05800779218750005 0.039374987499999986
0 0.311660046875 0.4765623423611111 0.01582030624999997 0.0356249875
0 0.301113176171875 0.46999984652777776 0.011601558593750028 0.01499999583333336
0 0.23624991757812502 0.4737498423611112 0.02953123984374999 0.04874997916666667
0 0.21304680078125 0.48874983680555556 0.04429686093749998 0.059999976388888855
0 0.2673631875 0.4628123548611111 0.017929681250000006 0.024374990277777737
1 0.28792958671875 0.4553123590277778 0.02109374218750002 0.01687499305555554
0 0.0674999765625 0.4558927006944444 0.012656245312500003 0.011249995833333297
0 0.09664888984375 0.46068733819444435 0.02214842968749999 0.013124993055555558
0 0.08241061210937499 0.45412484236111117 0.01687499453125 0.014999998611111131
0 0.039695783203125 0.45037484375 0.022148430468749997 0.018749993055555574
2 0.009564691796875 0.4306873493055556 0.01912938359375 0.031874987500000014
0 0.278055075390625 0.48881232361111115 0.04535154609375001 0.06187497777777785
0 0.341336303125 0.5197498111111112 0.08332028281250001 0.12374995277777785
0 0.15518402460937503 0.5000623173611112 0.09070309296875001 0.11812495694444448
0 0.021093742578125 0.4490623423611111 0.010546871093750002 0.024374990277777737