0 0.109177170703125 0.5523204527777777 0.056962002343750005 0.054008416666666725
0 0.04746833515625 0.5607592666666666 0.074050603125 0.057383944444444446
0 0.1419303234375 0.5472571645833333 0.019936701562500003 0.04388184027777784
0 0.17895562421875 0.5345989402777778 0.07120250312499998 0.07594934166666663
0 0.22139231171875 0.5389449374999999 0.017088598437500036 0.03350208333333337
0 0.266297360546875 0.532911176388889 0.02468353515624999 0.03544302222222224
0 0.2501581265625 0.5337550590277778 0.018987334374999998 0.030379734722222197
0 0.23306952499999997 0.5379744659722222 0.0189873328125 0.021940920833333325
0 0.28718342734375 0.5295356513888889 0.015189867187500017 0.02869197222222226
0 0.29810114570312496 0.5236284812499999 0.01613923359374998 0.02700421249999994
0 0.32848087890625 0.5244723625 0.012341767187499996 0.01856539444444449
0 0.33749986249999997 0.5244723618055556 0.015189867187500017 0.02531644583333335
0 0.34794289687499996 0.5202529534722222 0.011392400000000035 0.020253156944444427
0 0.357911247265625 0.5210968354166667 0.014240500781250009 0.02531644583333335
0 0.3151897453125 0.5227845979166668 0.023734168749999986 0.03206749861111109
0 0.45863906015625 0.5145989625 0.01993670000000005 0.02869197222222226
0 0.42341755078125 0.523628479861111 0.037974668749999996 0.06751052083333332
0 0.583860523046875 0.5160335486111111 0.028481000781250022 0.04219407777777775
0 0.388670729296875 0.5424470548611111 0.07063289140625 0.09451472916666662
0 0.48664537890625 0.5297888319444444 0.047468335937499974 0.06919828333333326
0 0.47050614453125006 0.5027846215277778 0.011392399999999992 0.025316448611111122
0 0.520822580078125 0.5129112 0.024683533593749994 0.02869197222222226
0 0.55072763125 0.5205061340277778 0.042721503125000025 0.06413499305555553
0 0.61480988359375 0.5221938944444444 0.047468334374999976 0.057383941666666674
0 0.699113664453125 0.5424470527777777 0.09113920390625001 0.0978902583333333
4 0.653544062890625 0.45063272777777774 0.00949366640624998 0.03375526111111111
4 0.991138838671875 0.3451475395833334 0.014240499218750102 0.020253156944444465
4 0.9882907390625 0.37468339444444443 0.019936701562500048 0.02194092222222221