5 0.22294004296874997 0.3636253506944444 0.01478311562500001 0.04478670138888891
5 0.29151343203125 0.3359002527777778 0.009597149999999966 0.040521300000000024
5 0.3874849328125 0.3486964513888889 0.007197862500000029 0.031990500000000054
5 0.382086535546875 0.35402819930555557 0.00839750546875 0.029857798611111104
5 0.5638325640625 0.34549740208333335 0.007197862499999985 0.025592401388888873
5 0.2855152125 0.3335542847222222 0.00959715000000001 0.03412319999999999
5 0.5572345226562501 0.33888603472222223 0.008397506249999954 0.0191943
4 0.13076116914062502 0.35136232638888887 0.019194300781249996 0.014928899999999995
4 0.58062757734375 0.3817533006944444 0.011996437500000035 0.03412319861111107
4 0.355694373046875 0.3550945513888889 0.027591807031250016 0.014928899999999995
0 0.43367121757812493 0.4537319263888889 0.015595369531250024 0.01919429999999996
0 0.42647335429687494 0.45479827638888887 0.01319608203125 0.025592400000000026
0 0.4072790546875 0.4462674763888889 0.029991093749999996 0.042654000000000046
0 0.3934831515625 0.45586462569444447 0.02399287499999998 0.044786701388888954
0 0.478058036328125 0.4569309770833333 0.008397505468749955 0.01706159861111113
0 0.48825500820312495 0.4558646263888889 0.014395725781249969 0.023459700000000003
0 0.458263914453125 0.46119637499999994 0.03838860078125004 0.05545020000000002
0 0.56923096015625 0.4494665270833333 0.029991093749999996 0.049052101388888915
0 0.5374404011718751 0.4611963763888889 0.05278432421875001 0.0767772
2 0.299311116796875 0.43133857777777773 0.11396615703125001 0.11943120000000004
2 0.67539943359375 0.3982817256944445 0.1655508390625 0.24526050138888889
0 0.08157577499999999 0.4825233756944444 0.05518361249999999 0.051184798611111165
0 0.04558646328125 0.4697271777777778 0.05998218749999999 0.08104259999999996
3 0.24772643554687504 0.4667058555555556 0.015595369531249981 0.07890990000000002
3 0.23513017578125 0.47523665833333334 0.014395725000000015 0.0618483
3 0.79136500234375 0.4219191576388889 0.011996437499999946 0.036255898611111094
3 0.82075627421875 0.4293836069444445 0.025192518749999948 0.05545020000000002
6 0.092522506640625 0.5048405597222222 0.02999109296875 0.06398100000000002
6 0.016944949218749998 0.5208358083333333 0.029991093749999996 0.08317529999999998