5 0.73219736015625 0.031085526388888892 0.027976973437499986 0.05861842222222222
5 0.7656698109375 0.03907894791666667 0.03297286249999996 0.07815789583333334
5 0.511878691015625 0.2566776326388889 0.016986019531250028 0.07638157916666664
5 0.494393081640625 0.2753289486111111 0.02198190859375 0.0994736861111111
4 0.41645722695312504 0.35703947708333333 0.023980263281249935 0.04263157916666667
4 0.41345969374999997 0.3899013173611111 0.011990131250000058 0.01953947361111111
4 0.37798888789062496 0.39967105416666665 0.01099095390625 0.017763155555555542
4 0.31803823007812504 0.37746710833333336 0.01099095390625 0.015986841666666703
0 0.689232722265625 0.5675328979166667 0.06994243515624995 0.11546052638888887
0 0.8570945652343749 0.6341447402777778 0.08992598828124994 0.12434210555555557
0 0.9550139722656251 0.6758881625 0.08792763203125009 0.13322368611111116