5 0.543237359765625 0.5132620159722222 0.00946589765625001 0.020567876388888903
0 0.49012315624999997 0.5543977708333334 0.025242393750000057 0.024307491666666674
0 0.475398425390625 0.5609420965277778 0.016828263281249978 0.02243768194444442
0 0.46119957890625 0.5646817104166667 0.011569429687500054 0.02243768194444442
0 0.44700073320312506 0.5674864208333333 0.023138863281250012 0.028047102777777787
0 0.432276001953125 0.5721609375 0.014724730468750025 0.029916911111111076
0 0.41649950546875003 0.5749656493055555 0.03155299375 0.046745173611111177
0 0.402300659765625 0.5824448750000001 0.03470829296874998 0.035526330555555555
0 0.361807650390625 0.5833797784722222 0.050484788281250026 0.08227150694444442
0 0.317107579296875 0.5964684291666666 0.05784715390624999 0.06731305277777777
0 0.5621691562500001 0.5740307458333334 0.011569431249999962 0.041135752777777805
0 0.243483928125 0.6114268840277778 0.1083319421875 0.10844880416666669
0 0.58925214140625 0.5740307430555556 0.05258832031249998 0.08788092777777778
0 0.682859353515625 0.6310598562499999 0.14304023359375 0.16080340416666677
4 0.9436974296875 0.4627772305555556 0.02734592656250001 0.048614980555555576
4 0.359195791796875 0.4407355944444444 0.07593755234375003 0.10852948611111111