3 0.748467065625 0.5911021138888889 0.037442245312500066 0.1019261111111111
5 0.262302911328125 0.38274295416666665 0.012870771093750033 0.04160249444444446
5 0.42026238320312503 0.5085905 0.017551053906250048 0.01872112222222218
5 0.27283354296875 0.3806628270833334 0.010530631250000023 0.04576274583333336
5 0.25352738515624995 0.3817028902777778 0.0070204203125000305 0.04368261944444443
5 0.03706440390625 0.4066643861111111 0.009360560937500002 0.03536211944444448
5 0.020683422265625 0.40874451180555554 0.00702041953125 0.03536212083333336
4 0.007812651171875 0.4305858201388889 0.014040842968749998 0.020801245833333346
4 0.41207189218749996 0.46490787986111115 0.012870771874999942 0.01456087361111113
0 0.231296051953125 0.5845150527777778 0.09360561328125001 0.05408324444444443
0 0.11370399960937501 0.5845150527777778 0.10881652578124998 0.05408324444444443
0 0.01619206171875 0.5751544895833334 0.0323841234375 0.04784286805555548
5 0.027118806640625 0.4035441993055555 0.008190491406249997 0.03744224583333333
4 0.142370719140625 0.5044302500000001 0.018721122656249988 0.0228813722222222
4 0.3266567703125 0.5304318090277778 0.012870771874999987 0.020801248611111114
0 0.027703842968750003 0.7758865277777777 0.05382322656250001 0.28705721388888883
0 0.34245271875 0.6032361756944444 0.06084364843749999 0.09152549027777776
0 0.39218069960937496 0.6229973590277779 0.09243554296875 0.14352860694444436
0 0.616834171875 0.759245529861111 0.5019601015624999 0.46178769305555556