5 0.573208933984375 0.25366938680555556 0.012267044531250004 0.045725809722222226
5 0.349080330859375 0.22536293333333335 0.00979838984375001 0.03701613333333332
5 0.3392819421875 0.22427422083333334 0.014697582812499999 0.06532258888888888
5 0.232724468359375 0.20794357430555557 0.012247986718749982 0.06314516805555558
5 0.246197253125 0.20576615555555555 0.014697582812499999 0.05008065277777776
5 0.22170128085937496 0.20141131666666665 0.009798386718750019 0.04137097499999997
5 0.263956833203125 0.3222581048611111 0.013472783593749992 0.05225807083333333
5 0.0845238453125 0.35056456041666667 0.014697582812499999 0.021774198611111156
5 0.7355042722656251 0.3603629506944444 0.015922380468750053 0.01959677638888889
4 0.6736519457031249 0.3690726284722223 0.01469758203125 0.032661293055555554
4 0.11024461445312501 0.2874193909722222 0.012247985156250007 0.01741935694444443
4 0.158011756640625 0.24278228958333334 0.024495971093749992 0.032661293055555554
4 0.108407416796875 0.14035277430555554 0.013472783593749992 0.045544226388888887
4 0.113306610546875 0.3821371465277778 0.018371977343750002 0.028306454166666682
4 0.7097835035156249 0.3625403715277778 0.011023186718750022 0.019596779166666658
4 0.6687527519531249 0.2700000347222222 0.022046374218750043 0.026129036111111108
4 0.58791604609375 0.32443552430555556 0.04164314999999998 0.021774195833333346
5 0.54137370234375 0.35818553124999997 0.007348790624999957 0.01959677638888889
5 0.47890897656250003 0.3560081104166667 0.004899193749999942 0.01959677361111108
4 0.45992459921875 0.3592742402777778 0.018371978124999976 0.01306451666666663
5 0.5297381175781251 0.38540327569444444 0.006123992968749992 0.02177419583333331
4 0.459312201171875 0.3897581145833333 0.007348791406249955 0.01741935694444447
4 0.325196759765625 0.3592742402777778 0.01837197890625002 0.030483875000000025
4 0.736116671484375 0.30483874791666665 0.01469758203125 0.01741935694444443
0 0.462986596875 0.41262102013888896 0.014697582812499999 0.023951615277777765
0 0.52483892265625 0.4137097305555555 0.023271171875000007 0.03483871388888886
0 0.564644876171875 0.41262102013888896 0.009798389843749967 0.023951615277777765
0 0.5493348929687499 0.4178224569444445 0.02082157499999999 0.03435448888888888
0 0.49421895937499993 0.4354839277777778 0.05511593593750001 0.07838710833333333
0 0.42991703476562504 0.42786295902777777 0.03429436015625002 0.0587903319444444
0 0.40358386601562496 0.4267742479166666 0.011023186718750022 0.03483871249999997
2 0.42807983828125007 0.4028226319444444 0.05511593437500002 0.0827419444444444
2 0.27559241796875 0.44419360625000004 0.1396270328125 0.1132258208333333
2 0.5756680609375 0.4093548923611111 0.017147179687499924 0.0522580736111111
1 0.6111872191406251 0.4071774729166667 0.05879033046875 0.09145162638888887
3 0.195980513671875 0.4463710256944444 0.017147178906249994 0.09145162638888887
3 0.15801175859375 0.44963715486111117 0.019596778125000002 0.07620968749999998
3 0.140864580078125 0.4387500555555555 0.01469758203125 0.08491936388888885
3 0.116981008203125 0.45181457500000005 0.023271172656250005 0.08056452777777778
3 0.03736910078125 0.42133069861111117 0.01592238125 0.04572581111111107
3 0.36377791328125 0.48991941875 0.06368952499999998 0.3179032652777778
3 0.36255311523437495 0.5214920000000001 0.12492945234375 0.4550807000000001
3 0.65834196328125 0.44310489444444445 0.015922379687499967 0.07620968611111109
6 0.6791635375 0.44310489375 0.018371978124999976 0.04572580972222227
3 0.74162826484375 0.4365726361111112 0.013472784374999946 0.054435488888888904
3 0.7630622390624999 0.4376613472222222 0.014697582812499999 0.06967743055555557
3 0.7807143910156251 0.440927475 0.01858683359375002 0.07185484722222225
3 0.8028681929687501 0.44854844375 0.023271173437500004 0.08709678472222228
3 0.8438989429687499 0.4376613458333333 0.02449597031249997 0.0870967833333333
3 0.8812553000000001 0.4398387666666667 0.023271173437500004 0.07838710833333333
3 0.910650463671875 0.4191532798611111 0.013472783593750037 0.05443549027777779
6 0.9388208296875 0.4616129638888889 0.050216739062500085 0.052258069444444444
6 0.9198364531250001 0.45399199305555554 0.04654234531250001 0.05008065000000007