4 0.23877677656250001 0.44157097500000003 0.049707321874999974 0.08157099444444442
4 0.549074739453125 0.5295316909722222 0.006882550781249996 0.01359516527777779
4 0.590370053515625 0.5193353152777778 0.006882550781249996 0.014954683333333366
4 0.050472051171875 0.47379151319444446 0.02905966484375 0.06797582916666664
4 0.508544153125 0.5186555583333333 0.008412009375000019 0.01631419722222221
4 0.531868359375 0.5376887909722222 0.0061178234375000255 0.01359516527777779
0 0.11603792460937501 0.6056646159722222 0.07800226171875001 0.07749244305555554
0 0.148156501953125 0.6002265513888889 0.08717899765624999 0.0666163138888889
0 0.55430038984375 0.5589879076388888 0.008412007812500021 0.012235648611111098
0 0.548947295703125 0.5657854916666666 0.006882553906249989 0.017673713888888897
0 0.54397656171875 0.5664652493055555 0.009176737499999987 0.021752262500000008
0 0.532888005859375 0.5739425923611111 0.02217711484375 0.04486404583333336
0 0.4434148234375 0.5651057347222223 0.023706568749999945 0.02719033055555558
0 0.45450337812499997 0.5800604145833334 0.02753020937499997 0.05166162916666666
0 0.522946540234375 0.5834592062499999 0.029824392968750058 0.058459212499999955
0 0.562330035546875 0.5746223472222223 0.01529456171875001 0.0407854944444444
0 0.571506771484375 0.5793806576388889 0.019882928906250007 0.04758307916666667
0 0.58641896796875 0.5990936465277777 0.03288330625000002 0.09244712638888891
0 0.7486687601562501 0.6233383340277778 0.05047204999999995 0.1277945541666667
0 0.40533454765625 0.5851359256944444 0.06500188281250004 0.09244712083333329
0 0.25298594921874995 0.7443546138888889 0.36095163906249994 0.40377640833333345
0 0.48674940468750005 0.5981872756944444 0.06347242968750004 0.09244712361111106
0 0.6611073984375 0.6518881784722222 0.16900489843749994 0.2542295930555556
0 0.913103215234375 0.7029231541666666 0.17206381015625 0.26646524166666663