4 0.804379936328125 0.3086716555555556 0.07382807421874996 0.13359365833333334
4 0.5519142894531249 0.5102340173611111 0.01713866015625003 0.02109373472222226
4 0.48599636718750006 0.5043746465277777 0.022412096874999943 0.014062490277777803
3 0.6956153625 0.6321089340277778 0.014501943750000024 0.08671869027777777
3 0.679135881640625 0.6016402041666666 0.03164060390624997 0.13828115555555556
0 0.361411490625 0.5723433493055555 0.031640603125000014 0.046874968055555556
0 0.18870653124999998 0.5735152236111112 0.04482418749999999 0.04921871666666667
0 0.23221236054687502 0.5770308465277777 0.05800777265624997 0.0796874458333334
0 0.12410696640625 0.5864058395833334 0.094921809375 0.06562495416666671
0 0.053574788281249994 0.5899214645833333 0.0751464328125 0.07734370138888885
0 0.014592578515625 0.5864058395833334 0.02918515703125 0.09374993472222223
2 0.43919464023437504 0.5524214881944445 0.04482418828124999 0.08671869027777777
0 0.3066996140625 0.6004683319444445 0.10415031875 0.13124991388888896
0 0.46292509296875 0.608671448611111 0.08437494218749997 0.13359365555555555
7 0.513396555078125 0.5953026451388889 0.02572830078125001 0.04296712916666665