4 0.9211934144531249 0.4211169895833333 0.00974807890624998 0.017329918055555518
4 0.909008316796875 0.43151493888888887 0.010722886718750147 0.024261883333333303
4 0.9221682230468751 0.43931340347222225 0.019496158593750045 0.015596926388888871
4 0.78130848828125 0.4514443444444445 0.008773270312499993 0.01906290833333336
4 0.7062482843750001 0.46617477500000004 0.008773270312499993 0.01386393611111111
0 0.908520912890625 0.4731067409722223 0.011697694531250136 0.017329918055555598
0 0.8495450382812499 0.4739732388888888 0.03411827656249997 0.03292684722222224
0 0.779358873046875 0.46877426319444443 0.022420580468750017 0.01906291249999994
0 0.7676611785156251 0.48090520486111105 0.018521349218749972 0.019062909722222247
0 0.749139829296875 0.4739732361111111 0.022420580468750017 0.022528891666666655
0 0.6872395308593751 0.5051670881944444 0.03704269765624994 0.03639282638888896
0 0.602918651953125 0.5528243604166666 0.07700981796874995 0.10744548749999999
0 0.036555294140625 0.5918166743055555 0.07311058828125 0.1784981486111111