4 0.8456673265625 0.3001168270833333 0.010707018749999974 0.030748356944444468
5 0.8296067988281252 0.26058322013888885 0.013177869531249975 0.036605193055555554
4 0.359321576171875 0.26717215486111107 0.032944672656249986 0.01757049305555552
5 0.6393513058593749 0.2730289861111111 0.008236167968749975 0.0263557388888889
5 0.40956220468750004 0.27229688194444446 0.003294467187499972 0.027819947222222217
5 0.404620503515625 0.33306150347222224 0.008236169531249971 0.02049890694444443
5 0.471333467578125 0.33379360694444443 0.006588933593750035 0.019034699999999995
5 0.505925376171875 0.3359899173611111 0.0049417007812500024 0.014642073611111112
4 0.6764140644531251 0.28547475208333334 0.009883402343750004 0.0161062847222222
3 0.8819064687499999 0.4421449798611111 0.012354253125000093 0.08345984305555558
3 0.867081365234375 0.44653760277777776 0.020590421093750068 0.09517350277777778
3 0.846490943359375 0.43555604513888885 0.020590421093750068 0.0878524652777778
0 0.51498516015625 0.37991614930555556 0.01811957031249998 0.040997812499999974
0 0.538458241796875 0.38650508541666667 0.014001486718750034 0.024891531944444503
0 0.46721538359375003 0.38357667083333336 0.01811957031249998 0.036605191666666634
0 0.26172297929687505 0.41359292916666673 0.03541552421875003 0.10835137222222223
2 0.15794725625 0.38650508541666667 0.188608259375 0.2357374458333333
2 0.615878225390625 0.3696666965277777 0.11777720859374999 0.20206066805555553
0 0.492747505859375 0.37186300624999996 0.02800297265624998 0.06588934305555555
0 0.43097624257812495 0.4099324097222222 0.06094764765624996 0.10395875
0 0.36385146953124997 0.3930940201388889 0.032121059375000004 0.04099781805555551
0 0.060550401171875004 0.44301718055555556 0.12065154296874998 0.24041026111111108
5 0.629238464453125 0.25908226319444444 0.00877327109374999 0.02946085972222221
0 0.77448483359375 0.40205407986111114 0.053614431250000115 0.04505778472222228
0 0.745728001953125 0.40292057638888884 0.035093082031249966 0.0502567611111111
0 0.725744441015625 0.3959886090277777 0.024370196093749998 0.04679077638888892
0 0.7072230921875 0.39858809652777777 0.022420579687500018 0.045057784722222195
5 0.8300488808593751 0.3630617666666667 0.010722886718749968 0.01906290833333332
0 0.68187808828125 0.39685510486111114 0.02826942812500004 0.045057784722222195
4 0.8315110925781249 0.30760603124999997 0.015596925781250093 0.019062909722222205