3 0.527718513671875 0.6086990618055556 0.006069605468749994 0.017984018055555533
3 0.5199629066406249 0.6098979951388889 0.004046403906249996 0.02038188472222223
3 0.5142305015625 0.6140942680555556 0.006069606249999993 0.02637655833333336
3 0.49467288085937505 0.6188900048611111 0.006069605468749994 0.035968031944444416
3 0.48590567304687504 0.61589266875 0.004720805468750022 0.032371231944444405
3 0.48961487695312494 0.6194894722222222 0.005395205468750053 0.03956483888888884
3 0.42419801406249996 0.6326777499999999 0.006744006250000023 0.04675844444444448
3 0.4306048203125 0.6314788159722222 0.008767209374999928 0.04915631249999998
3 0.6558546402343749 0.6252443451388889 0.006069607031249991 0.03716697083333334
3 0.6278670125 0.6252443409722223 0.006744006250000023 0.03956484027777773
6 0.963718540234375 0.7619228777777778 0.07216087109374988 0.20501780000000008
0 0.6004863421875 0.6152931993055556 0.014836814062500014 0.023978690277777777
0 0.593742335546875 0.6242852090277777 0.01348801484375004 0.034769098611111104
0 0.5647466234375 0.6323180576388889 0.05746596406250006 0.09351689027777783
0 0.337380972265625 0.6176225576388888 0.12476412109375001 0.18223804305555563
0 0.70203904453125 0.652391657638889 0.09778809531250002 0.11269984305555557
5 0.4898172105468751 0.47717592986111107 0.010116010156249989 0.03596803472222218
5 0.63616215234375 0.39145211597222224 0.014162414062499984 0.05395205416666668
5 0.68977700546875 0.5628997472222222 0.008092807812499991 0.01798401666666665
5 0.5892913066406249 0.5706928236111111 0.0053952070312500485 0.011989344444444407
5 0.59171913359375 0.4555951090277778 0.009441610937500044 0.03596803472222218
5 0.712234537890625 0.5491120013888888 0.015511214843750043 0.03357016666666668
5 0.658956887109375 0.5365231895833333 0.00876720859375002 0.03716697083333334
5 0.6464804749999999 0.5617008152777777 0.008092807812499991 0.032371233333333374
4 0.48921023359374993 0.45379670972222225 0.006744006250000023 0.015586150000000031
4 0.59138193203125 0.42921854930555553 0.006069604687499996 0.0119893430555556
4 0.6358923750000001 0.35368567847222226 0.008767207812500021 0.016785081944444454
4 0.445374191015625 0.5617008152777777 0.010790410156250018 0.032371233333333374