5 0.21947020507812498 0.01224331597222222 0.01637255546875003 0.023562620833333332
5 0.197250308984375 0.012012300694444443 0.018711491406250013 0.022176581944444444
5 0.4701262296875 0.08131413472222222 0.012474326562499981 0.055441458333333325
5 0.45479321054687494 0.08200715138888888 0.01715220078124995 0.05128334722222223
5 0.153590161328125 0.25341365694444445 0.021830074218750006 0.0291067638888889
4 0.587852698828125 0.16285928055555554 0.02338936328125003 0.015246402777777786
3 0.17658970312500002 0.3372688673611111 0.005457517187500005 0.01940450972222223
3 0.16021714843749998 0.35390130416666665 0.010135392187500014 0.047125238888888886
1 0.415810935546875 0.33542081597222223 0.01091503671874996 0.011088293055555571
0 0.406195300390625 0.34835715833333336 0.006237164843749987 0.011088291666666687
0 0.39644973125000005 0.3476641409722222 0.013253973437500033 0.02079054861111109
0 0.385144871484375 0.35112923263888884 0.007796453906250012 0.011088293055555533
0 0.37851788515624996 0.35112923263888884 0.00857610000000002 0.011088293055555533
0 0.3648740890625 0.3476641402777778 0.021830073437500007 0.026334691666666684
0 0.356687811328125 0.3545943222222222 0.010135391406249994 0.023562619444444464
0 0.33524756015625 0.34974319444444446 0.03274510937500001 0.04158109166666664
0 0.30795996875 0.3490501770833333 0.021830075000000004 0.04573920138888887
0 0.28535024921874996 0.3559803597222222 0.035863692187500004 0.06237164166666669
0 0.23259423984375002 0.3573663951388889 0.08264242187500001 0.0928644402777778
0 0.4252966140625 0.3513602347222223 0.005457517187500027 0.015246402777777767
0 0.41581093593750007 0.3506672159722222 0.014033618749999999 0.01940450972222223
0 0.431403844921875 0.3340347791666667 0.01403361796875 0.024948655555555553
0 0.43335295976562505 0.3596764520833333 0.008576100781249974 0.02910676527777775
0 0.442318882421875 0.3492811798611111 0.01091503671874996 0.041581093055555525
0 0.45557285546875 0.34928117847222223 0.014033618749999999 0.04712523750000004
0 0.4676573609375 0.3527462708333333 0.014813264062499965 0.059599566666666666
0 0.500792294140625 0.36314154374999996 0.05613447578124999 0.07761804027777776
0 0.037171219140625 0.3917862979166667 0.07172738515624999 0.2106775375
0 0.861386446484375 0.4100357805555555 0.27521485859374994 0.44768976666666666
4 0.556666879296875 0.2668120125 0.01091503671874996 0.020790547222222244
3 0.624482118359375 0.3484891506944444 0.02572830078125001 0.10533876805555553