4 0.746197739453125 0.26201783958333336 0.026353614843749984 0.1284060930555556
4 0.62419026015625 0.14489065972222223 0.020497256250000005 0.05032130833333335
4 0.4973024828125 0.3279561 0.014640896875000031 0.020822608333333333
4 0.43922692304687505 0.32969132013888885 0.015616957031250055 0.027763479166666646
4 0.43873889335937494 0.3010602298611111 0.020497257031250004 0.032969131944444445
4 0.49144612343750005 0.2481360972222222 0.008784537499999967 0.010411305555555552
4 0.4911698609375 0.28225300486111116 0.016389401562499996 0.04282010694444445
4 0.444107223046875 0.3609252361111111 0.009760597656249991 0.010411305555555512
4 0.326980043359375 0.3288237118055556 0.009760599218750032 0.053791743055555584
4 0.20204438476562497 0.26895870763888885 0.02147331640625001 0.013881737500000015
4 0.20155635468750002 0.23685718472222222 0.02049725625000003 0.0399100027777778
4 0.08198902500000001 0.16571326875 0.011712717187499999 0.022557826388888893
4 0.06393191875 0.20909370694444446 0.040018453125 0.012146522222222227
4 0.08003690625 0.24553327291666666 0.031233915625000008 0.053791743055555584
4 0.07710872695312501 0.28804609999999997 0.021473316406249998 0.041645216666666665
1 0.64907978671875 0.35311675625 0.17373864999999994 0.1579047902777778
0 0.498278542578125 0.38261545486111115 0.02440149609375002 0.032969131944444445
0 0.470948867578125 0.38955632291666675 0.04001845234375008 0.032969131944444445
0 0.437274802734375 0.39215914861111106 0.03513815390624995 0.04164521944444444
0 0.3787112125 0.4025704541666667 0.011712717187499999 0.048586088888888906
0 0.40213664960937495 0.4103789319444444 0.050755111718749954 0.07808478611111111
0 0.25231146640625 0.39996762916666667 0.020497256250000005 0.0676734805555556
0 0.23230223945312503 0.3982324118055555 0.039042392968750006 0.08155522083333334
0 0.17569076953125 0.4017028458333333 0.08979750468749999 0.09890739444444449
5 0.33918078984375 0.3539843638888889 0.010736657812500017 0.01041130277777774
4 0.104653137890625 0.28026742708333335 0.01365783515625001 0.01456835694444444