0 0.097461496875 0.3155960145833333 0.19492299375 0.3200662125
0 0.9703906792968751 0.45149004930555553 0.056324500781250106 0.19132449583333336
0 0.9236212285156251 0.3468874041666667 0.14986340546875 0.12516555833333334
0 0.3186357375 0.31291389583333334 0.10661423437500002 0.15735098611111115
0 0.5615351484375 0.33526488819444444 0.059341884374999945 0.09119204861111112
0 0.25879095546875003 0.3254304513888889 0.03319122499999998 0.06794701666666667
5 0.672172562109375 0.24586091805555554 0.015086919531250053 0.03754966666666668
5 0.9296559972656251 0.11264900208333334 0.033191224218750114 0.07152317638888889
5 0.526332335546875 0.03844370694444445 0.013075330468750045 0.05900661944444444
5 0.165754948828125 0.2092052902777778 0.026150661718750003 0.03576158888888889
5 0.6495421828125 0.24317879930555553 0.008046357812500026 0.03218542916666666
4 0.184865046484375 0.1895364159722222 0.030173839843749994 0.017880793055555542
4 0.6746870488281249 0.15735098749999998 0.02212748203125008 0.021456952777777774
4 0.660605923828125 0.17880794097222222 0.030173839843750015 0.025033109722222217
0 0.376468930859375 0.31559601388888886 0.02313327734374999 0.044701983333333334
0 0.533875795703125 0.32274833263888886 0.020115892968749983 0.0661589375
0 0.51728018359375 0.3272185298611111 0.01709850937500006 0.042913906944444434
0 0.504204853125 0.3227483326388889 0.01709850937499997 0.03754966805555557
2 0.46699045078125 0.3012913791666667 0.051295528125 0.09834436666666665
1 0.41368333398437496 0.30039733958333337 0.05330711796874996 0.09655628749999998