5 0.40785706875 0.27783936805555554 0.005463132812499971 0.038848952777777786
5 0.555361684375 0.3118322013888889 0.005463134375000056 0.03399283333333333
5 0.417417553515625 0.28633757638888885 0.010926267968750025 0.03156477500000001
4 0.34776259609375 0.35675130277777783 0.019120968749999977 0.012140300000000003
4 0.655063878125 0.3713196597222222 0.016389401562500083 0.012140300000000003
4 0.745888479296875 0.36282145069444444 0.025949886718750027 0.0145683569444444
4 0.76022920546875 0.33611279583333337 0.019120968749999977 0.014568355555555555
4 0.750668721484375 0.32154443958333334 0.01365783515625001 0.01456835694444444
4 0.851053806640625 0.34339697430555555 0.015023617968750003 0.019424476388888893
4 0.921391655859375 0.38953010416666667 0.008194700781249864 0.04370506944444443
5 0.57789711171875 0.3227584680555556 0.009560484374999945 0.026708655555555558
4 0.39351634296875 0.3825928 0.009560484375000034 0.02913671388888888
5 0.28630233984375 0.30576205208333335 0.01365783437500001 0.041277012499999995
3 0.36551778203124996 0.43080711666666666 0.013657835937500007 0.05827342777777776
3 0.62706531640625 0.44173338402777773 0.004097349999999977 0.021852534722222178
3 0.6304797750000001 0.4465895048611111 0.00546313281250006 0.04127700972222215
3 0.637991584375 0.44416144444444444 0.009560484374999945 0.04127701111111111
3 0.644137610546875 0.45630174097222226 0.008194700781250041 0.05098924861111106
3 0.65438098671875 0.45630174097222226 0.009560484374999945 0.05098924861111106
3 0.760229205859375 0.45023159305555555 0.008194700781249953 0.03399283333333329
3 0.6926229234375001 0.45994383125 0.012292050000000021 0.04856119027777781
3 0.7267675109375 0.4672280097222223 0.017755185937499984 0.06798566666666667
5 0.7581805312500001 0.39438622430555553 0.017755185937499984 0.029136715277777763
4 0.1244569984375 0.35068115208333334 0.009560484374999989 0.029136712499999995
5 0.495267211328125 0.4028844333333333 0.010926267968750025 0.016996416666666646
0 0.468634433984375 0.41623875972222224 0.017755185156249985 0.033992833333333375
0 0.5000474535156251 0.42230890694444445 0.028681452343750014 0.02185253611111114
0 0.51643685546875 0.41988084722222224 0.015023618749999912 0.016996416666666726
0 0.576531328125 0.44658950416666665 0.05599712343750003 0.10440655833333336
5 0.5505814421874999 0.4101686111111112 0.009560484375000034 0.0364208916666667
0 0.6161390492187501 0.45630174236111115 0.023218318749999956 0.04613313194444441
0 0.48843829453125 0.44537547361111113 0.03551037031249997 0.05827342777777776
0 0.433124062890625 0.4223089097222222 0.009560483593750035 0.031564774999999975
2 0.41195441953125 0.41259667013888884 0.038241937499999955 0.0704137236111111
0 0.40785706953125 0.4332351770833333 0.019120968750000022 0.038848954166666595
0 0.3163495765625 0.4453754729166666 0.060094473437500004 0.09712237916666666
0 0.24874329531250003 0.44658950416666665 0.11336002812500001 0.14325551111111107
0 0.448830573046875 0.4235229375 0.02458410234374995 0.04370506944444443
0 0.38873610156250005 0.44051935486111105 0.03277880312500003 0.0388489513888889
0 0.54033806640625 0.4890805472222223 0.0928732765625 0.12625909444444441
0 0.8756379093749999 0.512147111111111 0.22262270624999997 0.20638505833333332
3 0.991046612890625 0.5255014381944445 0.01638940234374999 0.11169073749999998
3 0.7971053593749999 0.5024348722222223 0.032778803125000075 0.13839939166666665
2 0.11899386445312499 0.47208412847222225 0.23354897421874998 0.21366923750000003