4 0.724769633203125 0.37259322152777774 0.026319811718749975 0.04159180138888886
4 0.7486524257812499 0.4453788729166667 0.08578309062500003 0.10744548472222222
0 0.8217630140625001 0.4739732368055556 0.037042698437499945 0.015596926388888951
0 0.81445195546875 0.48437118749999997 0.047765584375 0.012130941666666692
0 0.81640157109375 0.5025676006944445 0.05166481562499996 0.027727868055555563
0 0.7398791546875 0.5094995666666667 0.048740392187499995 0.03119385000000005
0 0.756938292578125 0.55109136875 0.11015328671875002 0.09704753749999995
0 0.851494653515625 0.5580233368055556 0.19203714609375 0.13170737361111115
1 0.63313769609375 0.47830571666666666 0.13354867499999995 0.06931966944444447
0 0.70381126484375 0.4930361451388889 0.013647309375000027 0.025994873611111143
0 0.5000764249999999 0.5268294847222222 0.05458923906250002 0.07278565277777777
0 0.385536502734375 0.5476253854166667 0.10625405390625002 0.10397950416666661
3 0.46498334257812496 0.5129655527777778 0.013647310156250026 0.0762516388888889
3 0.3616537109375 0.48870366736111115 0.009748078125000026 0.027727868055555563
0 0.6097423078124999 0.6273430041666667 0.2251806125 0.3223364611111111
4 0.23054205546875 0.3474648402777778 0.010722885937500015 0.07105265833333334