0 0.36452611679687497 0.41953094375 0.01977537734374999 0.02343748472222226
0 0.36584447460937497 0.4429684263888889 0.019775375781249993 0.03281247777777775
0 0.381005596875 0.4289059375 0.018457018750000033 0.028124980555555606
0 0.36716283359375 0.46171841388888896 0.014501943749999979 0.037499977777777756
0 0.37770970156250006 0.4652340361111112 0.017138659374999986 0.044531222222222215
0 0.39418918203125 0.46406216180555554 0.02109373593749999 0.056249962500000014
0 0.44428680390624997 0.44414030277777783 0.018457017187499945 0.044531222222222215
0 0.45812956796875 0.45234342222222224 0.025048810937500044 0.05624996111111113
0 0.482519200390625 0.4535152965277777 0.05273433828125 0.07265619861111117
0 0.42385224765624996 0.4757809027777778 0.05405269687500001 0.07031245277777774
0 0.64006303671875 0.4710934076388889 0.13842764062499996 0.13124990972222228
6 0.315746853125 0.5027340118055557 0.017138659374999986 0.07265619861111117
6 0.2142332515625 0.554296475 0.05668941562500003 0.13359365833333334
6 0.253784005078125 0.5402339847222223 0.019775377343750032 0.08203119444444451
6 0.12128897929687502 0.5824214548611112 0.12128897890624998 0.1898436180555555
4 0.20170884609375 0.2871091423611111 0.036914037499999976 0.06328120694444447
4 0.197753769921875 0.22499980902777778 0.04218746953124999 0.07031245138888889
4 0.5240474914062501 0.3738278319444444 0.01186522656250002 0.025781230555555527
4 0.71916454375 0.2976560097222222 0.02241209375000004 0.04687496944444444
4 0.7409174585937499 0.29648413472222224 0.021093735937499948 0.03984371944444444
3 0.742894996875 0.43978763402777776 0.01713865937499994 0.08671869305555562
3 0.789696723046875 0.4210376479166667 0.02373045234375004 0.0820311958333333