0 0.51442301796875 0.6189577506944444 0.015411675000000003 0.01743542638888892
0 0.47239117890625 0.6089946486111111 0.03502653437499994 0.04234318611111113
0 0.44623802695312503 0.6210334048611111 0.012609550781249989 0.02988930972222224
0 0.41261255546875 0.6484319368055556 0.05183926874999996 0.09963102638888886
0 0.26410005625000005 0.6571496513888888 0.05183926875 0.08219559722222217
0 0.16462470390625 0.6235241805555556 0.15271568124999998 0.10461257777777777
0 0.533804358984375 0.6185426291666667 0.014010614843749991 0.029889308333333274
0 0.54711444140625 0.6197880166666666 0.015411675000000003 0.02739853333333334
0 0.562526115625 0.6309965069444445 0.023818042187499965 0.029889308333333274
0 0.576536728125 0.6422049979166666 0.015411675000000003 0.03736163472222221
0 0.589146280078125 0.6434503868055556 0.021015919531249948 0.04981551250000006
0 0.6234722828125 0.6496773243055556 0.06444882031250003 0.09714024861111106
0 0.333452592578125 0.6612618770833333 0.11488702734374998 0.1520154402777778
0 0.1274965796875 0.7891607618055556 0.254993159375 0.40599643194444446
3 0.6612535562499999 0.6394066895833334 0.012047753124999972 0.044237279166666595
3 0.8135750746093751 0.6895297368055555 0.028315672656249992 0.11706645694444444
4 0.945249370703125 0.49275845625000003 0.036427594531249954 0.04234318194444439
0 0.4915390140625 0.622278792361111 0.01821379843750002 0.022416981944444418