4 0.08919491796875001 0.10484599930555556 0.04776558437500002 0.05718872638888889
4 0.393334965625 0.38645715625000004 0.010722885937500015 0.006931968055555555
5 0.483504691015625 0.35526330347222224 0.007798461718750005 0.027727868055555563
5 0.492765366015625 0.35699629374999997 0.00877327109374999 0.027727868055555563
5 0.6248518296875 0.3743262111111111 0.005848846874999936 0.02079590000000001
5 0.6326502917968749 0.3751927076388889 0.005848847656249934 0.02252889305555554
0 0.28708091054687496 0.5025676 0.26027369453125 0.2807446583333333
0 0.4303776644531251 0.4904366590277778 0.07895943671875001 0.11784343749999995
0 0.466932958203125 0.4809052055555556 0.03899231328125001 0.08838257777777782
0 0.491303155078125 0.48523768125000005 0.027294619531249963 0.06238770138888891
0 0.780821085546875 0.5571568395833334 0.15596925546874996 0.1681001958333333
0 0.9564908660156248 0.6377409534722221 0.0853743539062501 0.20102704027777785
0 0.6662811628906249 0.5077665756944444 0.06726174140624996 0.08664958749999999
0 0.5614893203125 0.5069000784722222 0.08773270625 0.12997437916666665
0 0.515185945703125 0.4765727243055556 0.026319811718749975 0.02426188472222227
0 0.6034060562500001 0.48610417916666665 0.009748078124999981 0.01906290833333336
3 0.9557990929687499 0.5207640131944444 0.032168659375 0.10571249583333334