0 0.5708506234375 0.7047423902777779 0.006958764062500044 0.0164948472222222
0 0.58128876953125 0.7057733180555555 0.011597940625000015 0.018556702777777823
0 0.5946264007812501 0.7068042472222221 0.015077321875000039 0.028865986111111082
0 0.607384134765625 0.7150516708333334 0.01739691015625002 0.037113408333333334
0 0.630000118359375 0.7078352069444445 0.03711340859375003 0.08453609444444446
0 0.4853737914062499 0.7088661340277778 0.005798970312500007 0.016494848611111165
0 0.4784150273437501 0.7088661340277778 0.005798970312500007 0.016494848611111165
0 0.460438220703125 0.7119589187500001 0.009278352343750029 0.018556701388888937
0 0.43782223789062497 0.7098970638888888 0.015077322656250036 0.026804127777777687
0 0.42158512109375 0.7253609826388889 0.02899484999999995 0.041237120833333384
0 0.347590268359375 0.7274228375 0.03131443828125002 0.03298969722222217
0 0.33425263828125 0.73773211875 0.03943299687499997 0.04123712083333323
0 0.26292530625 0.7408249027777777 0.038273201562499984 0.04742268888888882
0 0.9039434757812501 0.7562888215277778 0.19020621718750003 0.22268044861111105
2 0.72202473671875 0.6675995194444444 0.16707011718749998 0.29072169999999997
5 0.4651602546875 0.6428572472222223 0.005798968749999922 0.026804130555555538
5 0.505113367578125 0.6401418583333334 0.009278352343750029 0.02886598333333339
5 0.61387898828125 0.6412372173611112 0.005798970312500007 0.020618559722222173
0 0.5605284648437501 0.7072166111111111 0.01043814531249998 0.024742272222222143
0 0.502384109765625 0.7209623298611111 0.03363402578125001 0.04948454583333341
0 0.5458763843750001 0.7240551111111112 0.041752584375 0.059793825000000016