0 0.42107411601562494 0.5424889659722223 0.009059785156250033 0.020498904166666658
0 0.403366353125 0.5410247569444444 0.026355740624999992 0.03806940277777784
0 0.393894758984375 0.5512742118055556 0.02223765546874996 0.04392623472222223
0 0.37618699648437504 0.5498100034722222 0.02470850546875001 0.0468546458333334
0 0.36424455117187504 0.5585952520833334 0.02882658828125 0.06149672638888891
0 0.332947111328125 0.5644520819444444 0.06012403046874999 0.08785246111111107
0 0.46143134101562505 0.5402926534722222 0.007412552343750001 0.021963118055555557
0 0.46966750937499996 0.5380963430555555 0.010707018749999974 0.03514098333333335
0 0.4807863371093751 0.5373642388888888 0.02470850546875001 0.04246202499999999
0 0.50096495 0.5410247576388889 0.02717935625000001 0.0732103875
0 0.526497072265625 0.546149486111111 0.056829563281250016 0.09224508888888884
0 0.285094565625 0.6005571673611111 0.09784486718750003 0.12492164583333332
0 0.5573827046875 0.5834867826388889 0.07906721874999993 0.0937092958333333
0 0.9889220070312501 0.5751481368055555 0.02022005312499999 0.08387577083333334