3 0.780821084765625 0.30587303819444445 0.02144577265625003 0.1022465097222222
4 0.5473546062500001 0.11437745416666666 0.008773271874999988 0.013863933333333339
4 0.5000764249999999 0.2963415854166667 0.009748078124999981 0.01732991805555556
4 0.769123391015625 0.25041730416666663 0.009748080468750064 0.01906290833333332
5 0.54930422109375 0.1455713048611111 0.010722885937499971 0.038125818055555566
5 0.720382998046875 0.13777284097222223 0.009748078906250068 0.03639282361111111
5 0.75255165703125 0.16290122222222223 0.00974807812500007 0.027727866666666656
5 0.35288043945312497 0.2023418548611111 0.015596924218750008 0.04768741527777776
5 0.710147515625 0.2079590069444444 0.006823654687500014 0.017329916666666674
0 0.20665926367187498 0.4601093027777778 0.20665926328124998 0.24435183333333335
0 0.43183987578125 0.47224024513888885 0.2300546515625 0.3691272375
0 0.599019421484375 0.37779219583333334 0.11015328671875002 0.15250327222222224
0 0.080421647265625 0.4315149388888889 0.16084329453125 0.14210531944444446
0 0.1647425265625 0.3448653534722222 0.0955311703125 0.04159180138888886
1 0.255887059765625 0.3422658645833333 0.15694406328125002 0.06758667638888889
0 0.5220096015625 0.3639282625 0.04191673749999998 0.0970475361111111
0 0.554178260546875 0.33186791597222226 0.018521349218749972 0.039858809722222215
0 0.7081978999999999 0.30154056041666666 0.032168659375 0.027727868055555563
0 0.739879155078125 0.29720808125000003 0.03704269765625003 0.03639282638888892
0 0.647272410546875 0.3162709902777778 0.021445774218749936 0.015596927777777757