4 0.315411519140625 0.20731560833333337 0.016528114843749987 0.03917775277777776
4 0.73045083984375 0.20976421875 0.018364571875000023 0.03428053194444445
5 0.47701975039062494 0.2073156111111111 0.01101874296875005 0.02285368888888889
5 0.559660323046875 0.21466143819444447 0.012855200781249998 0.031015720833333305
0 0.522931180078125 0.27261186388888886 0.014691658593750035 0.026118499999999992
0 0.50410749375 0.2856711159722222 0.019282799999999954 0.02938331527777779
0 0.4724286078125 0.29546555416666664 0.02387394374999996 0.029383313888888866
0 0.49492520781249993 0.3191354472222222 0.03948382968750001 0.05060459722222224
0 0.43294477851562496 0.3142382270833334 0.03489268671875001 0.05060459861111109
0 0.252997475 0.33592712291666665 0.17808534531250003 0.1788675236111111
0 0.575270208984375 0.36076180763888893 0.12120617265625003 0.16650544861111113
0 0.049596728515625 0.2410011798611111 0.06685522734375 0.0358803736111111