0 0.430649206640625 0.44564694027777785 0.016528114843749987 0.026118502777777764
0 0.413661976953125 0.44972795555555556 0.030301542968750005 0.05060459722222224
0 0.336989890625 0.44678961944444445 0.0128552 0.021221283333333375
0 0.31862531953125 0.45168683819444444 0.0128552 0.021221281944444413
0 0.28097794726562497 0.4549516520833333 0.025710400781249997 0.031015720833333264
0 0.25939957500000005 0.45495165138888893 0.015609885937500012 0.027750908333333355
0 0.218997517578125 0.4614812777777778 0.019282800781250043 0.027750908333333355
0 0.237821203515625 0.4574002618055556 0.029383314843749987 0.03591294027777773
0 0.16160823124999998 0.46066507361111114 0.0257104 0.04570737777777778
0 0.12533820234374998 0.47209191875 0.07254005781249999 0.05876662916666662
0 0.10008691562500001 0.4500544319444444 0.03121977187499999 0.027750908333333355
0 0.034772170703125 0.47878479097222215 0.06954434140625 0.07345828750000002
4 0.637801580859375 0.3509673701388889 0.01652811328124999 0.01958887638888886
4 0.547356066015625 0.37055624722222225 0.01560988515624997 0.01632406388888891
4 0.541387580078125 0.3860641083333333 0.012855200781249998 0.014691658333333319
4 0.5455196082031251 0.40483678055555555 0.008264057031249994 0.01632406388888891
4 0.47986626406250005 0.39912335902777774 0.016528114062499988 0.014691656944444513
0 0.3774575359375 0.4536923770833334 0.061521314062499985 0.08651753749999998
0 0.47433065195312507 0.47491365833333327 0.08814994453125005 0.12569529166666665