4 0.778671945703125 0.25593731666666664 0.030322244531249966 0.0515624638888889
4 0.737143654296875 0.2547654409722222 0.026367169531249957 0.053906212500000016
4 0.698252079296875 0.24890607152777777 0.04614254609374999 0.046874968055555556
4 0.6461769195312501 0.24421857500000002 0.052734337500000006 0.056249961111111094
3 0.9784032539062499 0.3813278576388889 0.013183584375000024 0.058593709722222206
3 0.992246017578125 0.3871872263888889 0.014501942968750115 0.06093745833333336
0 0.517636969921875 0.3860153513888889 0.06723628203125002 0.11484366944444441
0 0.428647772265625 0.4223434527777778 0.12919913046875 0.2718748138888889
7 0.9019384632812499 0.4680465458333333 0.07910150937500013 0.17578112777777777
1 0.849863302734375 0.34851537847222225 0.13842763828124988 0.1570311430555556
0 0.68309095703125 0.5512496138888889 0.4113278421875 0.6093745805555556
0 0.192037145703125 0.42215678194444445 0.38407429140625 0.8443135638888889