5 0.45752604335937497 0.4628064354166666 0.007003460156249997 0.021343879166666666
5 0.514053971875 0.4619171076388889 0.00800395468750006 0.023122534722222178
0 0.3864909453125 0.5437353104166667 0.04302125625000004 0.05513835416666666
0 0.37348451914062497 0.5677471749999999 0.047023233593750026 0.0818182027777778
0 0.317957084765625 0.5864230673611112 0.11605734140625001 0.12628461527777773
3 0.197397517578125 0.5446246375 0.031015322656249976 0.12450595833333335
0 0.10145011835937501 0.6691305979166666 0.20290023671875002 0.48023727361111107
0 0.574583878515625 0.5641898611111111 0.02501235859374997 0.03913044444444438
0 0.58508906875 0.5810870993055556 0.0240118640625 0.05869566805555553
0 0.6171048875 0.5855337402777778 0.0720355921875 0.08893283055555562
0 0.683919344140625 0.6112600256944445 0.10448873515625001 0.11904152083333336
0 0.78018546171875 0.64778671875 0.1580781031250001 0.16363640694444453
3 0.8727311867187499 0.5739724722222223 0.019009392187499863 0.048023727777777796
4 0.6971444328125 0.47703568888888886 0.026012853125000034 0.05691701111111114
0 0.909249229296875 0.7127076840277778 0.18008897890625003 0.35039534305555564
0 0.477035681640625 0.6620159722222223 0.20810281953124998 0.32015818333333335