0 0.42187485234375 0.5653123027777778 0.03164061406250003 0.0637499777777778
0 0.40447251484375 0.5793747972222222 0.03691405000000003 0.07687497222222217
0 0.32167957421875004 0.5896872937500001 0.029531237499999995 0.0599999791666667
0 0.52734356484375 0.5728123006944444 0.012656245312499958 0.0449999875
0 0.5494919953124999 0.5737497993055556 0.0400781109375 0.058124979166666674
0 0.55318340078125 0.5849997958333334 0.024257804687499985 0.05437498333333334
0 0.56900370703125 0.5943747916666666 0.03902342343750007 0.06562497777777776
0 0.598007603515625 0.6037497881944445 0.05695310546875003 0.09562496805555559
0 0.635448996484375 0.6187497840277778 0.08332028359375006 0.12187495972222216
0 0.672890389453125 0.6290622798611111 0.07699216015625003 0.18749993472222215
0 0.84822913203125 0.50056623125 0.29953114375 0.995624651388889
0 0.1408007328125 0.6234372798611111 0.1803515015625 0.13874994861111106
4 0.20882805156249998 0.49781232569444445 0.027421864062500002 0.022499993055555556
4 0.19722649335937498 0.37593736944444445 0.01898436796874998 0.018749997222222228
5 0.191425714453125 0.499687325 0.009492185156249989 0.026249991666666656
5 0.37019518281249997 0.34593737708333333 0.012656245312500003 0.05249998194444443
5 0.48937482890624995 0.38906236388888893 0.008437496874999973 0.04124998611111113
4 0.637031026953125 0.46593733680555555 0.014765619531249996 0.018749993055555574
0 0.36017565546875 0.5924997923611112 0.08542965781250005 0.1143749597222222
0 0.47460920859375 0.5962497916666667 0.10335933749999997 0.16687494166666664
4 0.21231906562499997 0.4199624361111111 0.02677898125 0.06120910000000003
5 0.63408802109375 0.49392343194444444 0.011476706250000034 0.01870278055555556