0 0.11788417617187501 0.7003217229166667 0.23576835234375002 0.18938864305555556
3 0.49458431953125004 0.6857533659722221 0.009560484375000034 0.07284178472222219
3 0.480243593359375 0.68332530625 0.01638940234374999 0.07769790416666669
0 0.561507709765625 0.6966796333333334 0.06419182421874998 0.07526984444444448
0 0.771838364453125 0.6845393361111112 0.03414458671875007 0.050989249999999944
0 0.8558340492187501 0.6918235145833334 0.051899771874999875 0.06555760694444437
0 0.6052127820312501 0.6906094840277778 0.03687615468749996 0.04856119027777781
0 0.6277482089843749 0.69303754375 0.024584102343750035 0.0388489513888889
0 0.8251039210937499 0.6918235131944445 0.02594988593749985 0.04127701250000008
0 0.81349476171875 0.6857533652777779 0.02185253593750005 0.038848952777777786
0 0.7977882507812499 0.6845393361111112 0.015023617187499916 0.04127701111111111
2 0.63730869375 0.6590447118055555 0.0464366375 0.07284178472222219
0 0.6625756882812499 0.6845393361111112 0.009560484375000034 0.021852536111111064
0 0.672136171875 0.6833253048611111 0.012292051562500017 0.02428059583333335
2 0.678965088671875 0.67361306875 0.017755185156249985 0.02428059583333335
0 0.69194003203125 0.6808972465277777 0.010926267187500028 0.01456835694444444
4 0.19752641445312502 0.5133611409722222 0.019120969531249997 0.06312954861111106
0 0.7015005160156249 0.6772551576388889 0.010926267968749936 0.01699641805555561