0 0.534453803515625 0.44762922152777773 0.11365912578125004 0.13470710972222225
0 0.61105017109375 0.4249340020833333 0.06094764843749996 0.08931667083333339
0 0.663761649609375 0.4139524451388889 0.047769777343750076 0.061496723611111054
0 0.68847015625 0.3971140548611111 0.04282807812500007 0.0658893513888889
0 0.722650254296875 0.39125722430555554 0.030473824218750067 0.03953360972222223
0 0.7469469515625 0.3810077701388889 0.011530635937500033 0.013177870833333334
0 0.7683609894531249 0.37734725069444447 0.011530635156249946 0.01757049305555556
0 0.7984230046875 0.3766151472222222 0.012354253125000002 0.021963113888888903
0 0.82642597734375 0.38027566736111107 0.014001487499999854 0.029284154166666652
0 0.83548576328125 0.38393618472222213 0.014001485937500035 0.042462022222222215
0 0.853193525390625 0.38320408125000005 0.032944674218749984 0.058568309722222225
0 0.861017886328125 0.3883288090277778 0.030473824218750067 0.054175687499999965
0 0.8869618164062502 0.3985782631944444 0.041180842187499955 0.08053142638888894
0 0.910023088671875 0.4044350944444444 0.0444753101562501 0.10395875000000004
0 0.9544983988281249 0.4058993 0.08730338671875 0.15081339722222223
0 0.97632424453125 0.44543290972222216 0.04365169218750005 0.17424071944444447
0 0.129646109375 0.5759565763888889 0.25614484062500004 0.41144237222222224
2 0.23712810859375 0.3760922208333334 0.30638546875 0.345553025
0 0.3836730796875 0.4873720090277778 0.22649463281249999 0.21377432916666664
0 0.7815388589843749 0.38048484375 0.011530635156249946 0.02049890694444443
5 0.802541089453125 0.32725042430555557 0.0057653179687499724 0.02656491527777776
5 0.78236247734375 0.33557548958333333 0.006588934375000033 0.0187000263888889
5 0.794304919921875 0.34053288125 0.0057653179687499724 0.01757049305555556
5 0.73129823203125 0.33174763541666663 0.00658893593749994 0.01757049305555556
5 0.751888651953125 0.3302834270833333 0.0049417007812500024 0.014642076388888883
0 0.75739806171875 0.3825974743055555 0.009883403125 0.0161062847222222