0 0.09901497734375 0.5606517361111112 0.1980299546875 0.4892708583333334
0 0.8455255335937499 0.47263842083333335 0.3079599687499999 0.49065689444444444
0 0.49468506328125006 0.43937354652777777 0.253384784375 0.4213550736111112
0 0.378302744921875 0.33026683958333336 0.03153518515625002 0.03681728749999998
0 0.405805478125 0.32710459722222224 0.013253973437499988 0.022176580555555523
0 0.29041794453124997 0.32987666944444444 0.019491137499999978 0.024948655555555553
0 0.32043429570312504 0.32502554236111114 0.015592908593749977 0.02356262083333335
4 0.41282228749999994 0.24740750277777776 0.027287592187499987 0.03187883888888889
4 0.405025831640625 0.22730997361111113 0.008576100781250063 0.011088291666666687
4 0.442838637890625 0.2467144840277778 0.024948655468750046 0.03326487361111109
5 0.3379763203125 0.25087259305555554 0.0070168093749999995 0.013860363888888906
5 0.43972005507812495 0.2335471375 0.010915036718750049 0.03187883888888889
5 0.809272018359375 0.1478185215277778 0.018711491406250058 0.06555499583333332
5 0.78549283046875 0.02494865625 0.02260972031249997 0.04712523749999999
5 0.36253515273437503 0.04088807569444445 0.02183007421874996 0.07900407638888889
5 0.590191635546875 0.01732545625 0.021830074218750006 0.0346509125
4 0.854101633984375 0.06583673055555556 0.038202628906249994 0.059599566666666666
4 0.339145788671875 0.28067237500000003 0.009355746093750028 0.018018475000000027
4 0.34616259765625 0.2820584125 0.0062371640624999895 0.015246399999999995
4 0.34655242070312503 0.30076990416666666 0.005457517968749981 0.011088291666666687
0 0.335247560546875 0.32156045069444444 0.018711491406250013 0.02772072916666666
5 0.81700699375 0.2020529722222222 0.015086920312499964 0.02503311111111112
5 0.38149790390625 0.04023178680555556 0.01911009843749998 0.08046357361111112