0 0.027835056640625 0.5951890972222222 0.05103093515624999 0.04123712222222219
0 0.0811855796875 0.5910653847222223 0.0371134078125 0.041237124999999965
0 0.179188173828125 0.5941581701388888 0.02667526171875001 0.03092784027777782
0 0.22210055273437498 0.5931272388888889 0.01971649765625001 0.02474226944444445
0 0.269652105078125 0.5920963118055554 0.012757735156250005 0.022680415277777793
0 0.278930458203125 0.5948454597222222 0.010438146093750022 0.026804127777777766
0 0.30850520546875 0.5931272388888889 0.013917528125 0.02061856111111106
0 0.334600570703125 0.5910653833333334 0.010438146093749979 0.01649484999999997
4 0.022036087500000003 0.5185567868055555 0.030154643749999998 0.05979382361111113
0 0.597873810546875 0.6003437354166667 0.012757733593750053 0.022680418055555564
0 0.57873720859375 0.6003437368055556 0.016237117187499983 0.026804129166666652
0 0.54278359609375 0.5993128083333333 0.03247423281249997 0.053608258333333304
0 0.46913667460937497 0.5951890972222222 0.04523196484375003 0.06597939444444442
0 0.71675269453125 0.6075602333333333 0.02783505625 0.01649484999999997
0 0.78634033671875 0.6137457986111111 0.009278351562499943 0.016494850000000047
0 0.8141753921875001 0.6096220875 0.013917528124999912 0.024742272222222222
0 0.946971805078125 0.6261169361111111 0.03363402578125001 0.02886598333333331
4 0.641366084765625 0.5580756881944444 0.04871134765624996 0.028865981944444424
4 0.6773197 0.5591066173611111 0.011597940625000015 0.026804129166666652
4 0.7190722828125 0.5611684736111111 0.03247423281249997 0.026804130555555538
4 0.790399614453125 0.56838496875 0.04059279140624996 0.02061856249999994
4 0.8391109640625001 0.5137457840277777 0.07306702187499994 0.055670112499999966
4 0.9110181914062501 0.5147767125 0.061469082812500096 0.05773196944444447