0 0.466445555078125 0.4349809236111111 0.06726174140624996 0.1005135222222222
0 0.4586470898437501 0.38212467361111113 0.03606789062500004 0.005198972222222251
0 0.6326502921875 0.41938399583333336 0.05653885625000008 0.08318360000000004
0 0.5180128890625 0.4121054333333333 0.02144577187500003 0.03465983611111112
0 0.534097218359375 0.4077729520833333 0.010722886718749968 0.032926843055555585
0 0.5453075082031249 0.4069064534722222 0.013647310156250026 0.020795901388888892
4 0.45584450390625 0.31701369375 0.031193851562500007 0.06065470972222222
4 0.5450394218750001 0.31788018819444447 0.04191673749999998 0.0554557347222222
4 0.5923176019531249 0.31354770694444445 0.04679077421875002 0.06412069166666667
0 0.102178430078125 0.62288205625 0.20435686015625 0.3297460875
0 0.555803779296875 0.4097339993055556 0.010100513281249945 0.016324062499999945
0 0.5750865808593749 0.41055020416666665 0.017446342968750007 0.021221283333333375
0 0.5980422941406249 0.41055020416666665 0.017446342968750007 0.021221283333333375
0 0.608142808203125 0.4081015923611111 0.010100514843749941 0.019588876388888822
4 0.5630271792968751 0.3776300243055556 0.026628628906250017 0.016324062500000024