5 0.15556635195312501 0.39468736041666674 0.02003905546875 0.028124987499999952
5 0.365449090234375 0.213749925 0.013710932031249979 0.0637499777777778
5 0.6549607078124999 0.09562496666666666 0.014765618749999997 0.08624996666666666
5 0.731425524609375 0.4237498520833333 0.015820305468749928 0.029999990277777833
5 0.34541003593749997 0.218437425 0.015820306250000016 0.05812498055555556
5 0.6254294691406249 0.09937496458333334 0.021093742968750016 0.08624996805555556
5 0.71244115625 0.4246873493055555 0.01160155781250003 0.028124987499999952
5 0.17455072031250002 0.39562486180555556 0.007382810937499995 0.03374998749999997
4 0.172441345703125 0.3590623729166667 0.01582030703124999 0.02437498750000005
4 0.17929681210937498 0.33187488402777776 0.035859361718749996 0.022499993055555556
4 0.71982396640625 0.34312487847222223 0.01371093124999998 0.02624999027777777
4 0.715605217578125 0.3918748625 0.013710932031249979 0.018749991666666688
3 0.036914049609375 0.49312482569444444 0.016874992968750002 0.08999996805555557
3 0.8442770484375 0.5071873229166667 0.017929681249999874 0.0768749763888889
3 0.82792939765625 0.502499825 0.014765620312500083 0.07499997499999998
3 0.8590426667968749 0.5681248006944445 0.04535154609374992 0.2174999236111111
3 0.955546541015625 0.5428123111111111 0.050624983593749916 0.24937491388888888
3 0.7957614402343751 0.4903123284722222 0.011601558593750116 0.031874990277777786
3 0.805780967578125 0.5109373222222222 0.012656244531249961 0.07687497500000001
3 0.712441156640625 0.5090623208333334 0.013710932031249979 0.08062497222222223
3 0.56847636328125 0.6337497784722222 0.06749997656250004 0.4799998319444444
3 0.8738082882812499 0.5962497902777778 0.10230465312500012 0.3074998916666667
3 0.7799411335937501 0.5118748215277777 0.013710932812499976 0.07124997638888889
3 0.767812230859375 0.5024998243055555 0.012656244531249961 0.08249997083333338
3 0.02003905546875 0.49593732638888893 0.035859362500000005 0.16312494166666663
3 0.963984037890625 0.5774997972222222 0.0696093507812499 0.2587499111111111
0 0.40236314062500006 0.4837498305555556 0.05167966875000003 0.09374996666666667
0 0.503613104296875 0.5156248194444444 0.24996084921875003 0.13124995555555558
3 0.608027130859375 0.48937482777777774 0.01160155859374994 0.026249988888888885
0 0.9191598347656249 0.5034373243055555 0.055898417968749926 0.08437497083333341
0 0.990878559375 0.4771873326388889 0.015820306250000016 0.09562496805555551