5 0.5056115250000001 0.14897663333333333 0.008322453124999995 0.04297750555555556
5 0.31426244257812497 0.13380810208333335 0.00957774296874998 0.037921329166666656
4 0.5512220425781249 0.15782494375 0.03412919609374994 0.025280884722222216
4 0.6066819859375 0.1468097111111111 0.014220498437499974 0.04803368333333334
4 0.26467900234375 0.13507214722222222 0.038395345312500016 0.020224708333333338
5 0.12275121015625001 0.18436987638888888 0.012244068749999993 0.027808975000000007
5 0.708358548046875 0.22734738055555553 0.024174847656249998 0.022752797222222218
5 0.13527246796874998 0.08703846180555555 0.012798448437499998 0.06067412361111112
0 0.532024369921875 0.2842293736111111 0.06114814296874993 0.07078648055555559
0 0.466610077734375 0.27664510694444444 0.06399224296874992 0.10112354444444445
0 0.36564453984374995 0.28422937291666667 0.10380963749999998 0.19213473472222223
0 0.71546879765625 0.3069821701388889 0.10949783750000001 0.1213482513888889
0 0.283876675390625 0.2614765763888889 0.06825839296874996 0.06573030277777778
0 0.13313939296875002 0.27032488680555555 0.10807578749999999 0.10870780972222222
0 0.058748422265625 0.2854934159722222 0.11749684453125 0.11882016250000002
4 0.47525568203125 0.21945316041666668 0.01287077187500003 0.010400623611111076
0 0.42903791015625004 0.2641758416666667 0.014040842187500058 0.045762744444444434