0 0.3248118875 0.3855743861111111 0.018364570312499984 0.019588875000000013
0 0.30369263007812497 0.38149337222222224 0.02203748671875001 0.037545347222222206
0 0.28716451484374994 0.3912878097222222 0.023873942187500007 0.037545344444444434
0 0.27293197109375 0.40026604444444447 0.021119257812500035 0.035912941666666615
0 0.258699428125 0.4043470604166667 0.0128552 0.03428053472222222
0 0.237580171875 0.40761187291666673 0.036729142187499966 0.057134223611111104
0 0.21278800000000003 0.42148732777777775 0.023873942187500007 0.05223700277777783
0 0.1595307421875 0.4247521381944444 0.080804115625 0.09467956805555554
0 0.42168500312500007 0.3790447625 0.021119257812499993 0.032648127777777744
0 0.42811260351562497 0.382309575 0.019282800781249953 0.029383313888888866
0 0.446018060546875 0.3896554027777777 0.029383314843749987 0.04081015833333331
0 0.4519865472656249 0.3986336368055556 0.02295571484374994 0.04244256527777779
0 0.46070971835937496 0.40679566944444445 0.016528114843749987 0.04897219166666665
0 0.475401375 0.4125090923611111 0.034892685937500015 0.06366384861111109
0 0.5020300046875 0.4263845451388889 0.06427600156249999 0.09467956805555554
0 0.52728128984375 0.4516868451388889 0.07621297187500006 0.08651753749999998
0 0.06816699804687501 0.4696433166666667 0.10559628671875002 0.10284160277777778
0 0.9670138398437501 0.44060072152777774 0.06164184062500002 0.11424870694444446