0 0.409163528125 0.40736038124999996 0.053316603124999994 0.08065876805555558
0 0.8124161601562501 0.5038242395833333 0.23228323750000007 0.23146808194444443
0 0.53366733828125 0.4192760180555556 0.06782915781250001 0.11226894999999999
0 0.6993420042968751 0.4587780576388889 0.09199816796875 0.13860364027777777
0 0.64710575625 0.42135507361111113 0.06081234843750005 0.0914784055555556
0 0.6147504679687501 0.4102667819444444 0.03352475625000002 0.08316218611111113
0 0.5972084453125 0.4081877284722222 0.023389365624999936 0.062371640277777765
0 0.583174826171875 0.4047226368055555 0.021830074218750006 0.05544145694444443
0 0.5691412078125 0.39917849027777774 0.012474328125000067 0.03880901944444438
0 0.45219438398437506 0.4005645270833333 0.026507946093750068 0.052669384722222254
0 0.43637396015625 0.40788976875 0.020725809374999925 0.06296755416666665
0 0.46895676171874995 0.3984854722222222 0.014813264062499965 0.04296712777777777
0 0.48649878515625 0.3957134006944445 0.017152201562500035 0.029106765277777828
0 0.49897311406250006 0.39432736319444445 0.01559290937499993 0.02910676527777775
3 0.83655961015625 0.37422983611111105 0.023389365625000026 0.03603694722222228
4 0.31731571523437496 0.3063140486111111 0.010915036718750003 0.047125238888888886