4 0.5100682062499999 0.5285624763888889 0.03509308437499996 0.036392825
4 0.517379265234375 0.505167086111111 0.008773272656249987 0.00693196944444444
4 0.429890258984375 0.3217588048611111 0.11697694140624999 0.11437745416666666
4 0.4805802671875 0.5996151375 0.00974807812500007 0.006931966666666669
0 0.10089261132812499 0.6279206861111111 0.028269427343749987 0.017329916666666632
0 0.1457337734375 0.6131902555555555 0.06531212499999998 0.060654711111111065
0 0.046790777734375 0.6409181256944444 0.023395388281250002 0.03639282638888896
0 0.300240816796875 0.6198333819444445 0.02144577265625003 0.017329913888888864
0 0.31973697382812494 0.6250323590277778 0.019496157031250006 0.017329918055555518
0 0.380662464453125 0.6244547013888889 0.016571733593749992 0.017329916666666712
0 0.3636033265625 0.6209887194444444 0.01559692343750001 0.017329916666666632
0 0.41770516171875 0.6296536770833334 0.008773270312499993 0.031193848611111165
0 0.4625463234374999 0.626187695138889 0.008773270312499993 0.03119384861111109
0 0.45231084062499993 0.6296536770833333 0.01754654218750007 0.027727868055555563
0 0.5034882515625 0.6287871812500001 0.006823654687500014 0.019062906944444475
0 0.51226152265625 0.6305201722222222 0.010722887500000056 0.01906290833333336
2 0.344594573046875 0.6166562381944445 0.022420580468750017 0.032926843055555585
0 0.43232728085937494 0.6313866715277778 0.02826942890625004 0.045057784722222195
0 0.48204247968749997 0.6374521402777779 0.04386635468750004 0.06412069444444445
0 0.1915497421875 0.6582480409722222 0.1432967546875 0.12997437916666674
0 0.8151552636718751 0.4615719020833333 0.36546636484375006 0.533798351388889