0 0.035093082421875 0.4367139152777778 0.07018616484375 0.08318360277777773
0 0.22615542031250002 0.4271824604166667 0.056538854687500015 0.05372274305555559
0 0.32217399296875 0.4913031548611111 0.18423868281250005 0.20969199861111115
5 0.5965824015625 0.3422658659722222 0.003899231250000046 0.025994876388888876
5 0.47668103671874995 0.3301349236111111 0.009748078124999981 0.012130941666666652
5 0.40357044804687503 0.33360090694444444 0.011697694531250002 0.015596924999999985
4 0.099430400390625 0.36046227847222223 0.015596925781250003 0.034659834722222234
4 0.09553116875 0.3959886090277777 0.013647309374999994 0.02252889305555554
5 0.14232194531250003 0.37605920416666666 0.009748078125000004 0.017329916666666632
0 0.48886613515625 0.44364588194444443 0.05361443281249993 0.07971761944444443
4 0.4654707464843749 0.38732365069444447 0.014622117968750015 0.019062909722222247
0 0.577573648828125 0.4514443444444445 0.06531212578124998 0.08145061111111107
0 0.700399437109375 0.46010930347222223 0.10235482421875002 0.12304241249999998
0 0.533219891796875 0.42978194791666674 0.025345003906249986 0.04852376805555557
0 0.9358155320312498 0.5441594020833334 0.12672502031250002 0.27727867638888887
0 0.9231430300781248 0.45144434513888887 0.15012040859375003 0.19929404861111108
0 0.7886195476562501 0.44884485625 0.09163193750000005 0.10744548472222222
0 0.741828770703125 0.40465356736111113 0.03704269765625003 0.025994873611111143
0 0.660432316015625 0.44364588125000004 0.07116097421875 0.11784343750000004
0 0.619977790234375 0.44451237777777775 0.029244235156249944 0.07451864444444449
0 0.38894833046875005 0.4159180145833334 0.037042698437499987 0.04852376805555557
0 0.4191673738281249 0.4133185263888889 0.015596925781250003 0.015596924999999985
0 0.436713914453125 0.41158553472222226 0.015596924218749919 0.015596924999999985