5 0.31204330546875003 0.3510760041666667 0.010559096875000007 0.018771730555555602
5 0.334921349609375 0.3416901409722222 0.005279547656249983 0.02190035138888887
5 0.373638038671875 0.3323042770833333 0.00703939765624999 0.01564310694444448
5 0.40003578281249996 0.3542046263888889 0.007039398437499988 0.015643108333333287
5 0.425993562109375 0.3502938486111111 0.006159472656250031 0.014078794444444476
5 0.47482938710937506 0.3604618680555556 0.008799249218750037 0.01877173055555556
4 0.583500094921875 0.28895053125 0.021998119531250016 0.03754345416666666
4 0.44843164453124995 0.3820270180555555 0.008799248437499952 0.014078797222222208
4 0.27904612695312503 0.3961058131944444 0.009679172656250002 0.020336037500000022
0 0.38595698554687496 0.41018460833333337 0.008799249218749994 0.02033603611111106
0 0.3745179640625 0.4109667659722222 0.01583864531249999 0.025028970833333296
0 0.30852360624999997 0.4156597 0.019358345312500004 0.02502897222222226
0 0.27816620234375 0.4211347861111111 0.021998118749999972 0.02346465833333337
0 0.265407293359375 0.4187883208333334 0.012318947656250013 0.01877172777777779
0 0.23109022734374998 0.4305206486111111 0.03871668906249996 0.04536500833333332
0 0.20557240898437498 0.434431425 0.021118192968749994 0.028157594444444496
0 0.175654966796875 0.4320849597222223 0.021118194531250013 0.017207416666666673
0 0.14925722421874998 0.4453816013888889 0.033437142187500005 0.028157594444444416
2 0.08458275429687499 0.4430351340277778 0.10823074609375001 0.08916570694444441
0 0.018148434765625002 0.46258901944444436 0.03519698984375 0.05005794166666667
0 0.565524503515625 0.3914128826388889 0.03959661328125001 0.029721901388888878
0 0.743709267578125 0.3812448625 0.05807503359375001 0.07821553611111108
0 0.811903436328125 0.3726411534722222 0.10295119609375006 0.1016801958333333
0 0.858979412109375 0.35465158124999996 0.02287804453125002 0.031286215277777724
0 0.9386754570312499 0.3405727847222222 0.042236389062500025 0.03128621666666665
0 0.39403029921875 0.409067245138889 0.008799248437499995 0.01720741805555556
0 0.40370946953125 0.4075029347222222 0.010559096875000007 0.014078797222222208