4 0.598963365234375 0.4007754180555556 0.020663261718750013 0.029387750000000067
4 0.53680199921875 0.46390660972222214 0.008265303124999956 0.022040811111111145
4 0.514588994140625 0.47125354791666674 0.01343111953124998 0.011020404166666649
4 0.4097229453124999 0.4694168131944445 0.012397956249999975 0.011020404166666649
5 0.186485930078125 0.4316325625 0.009298466406250006 0.023877544444444412
5 0.10228314218749998 0.4196937881944445 0.010331629687499988 0.029387748611111104
5 0.33681115429687497 0.4325509298611111 0.008265305468749994 0.025714279166666642
5 0.380204000390625 0.4316325625 0.008265305468749994 0.023877544444444412
5 0.352308598828125 0.4573468395833334 0.008265303906249999 0.020204076388888915
4 0.112098190625 0.4527550069444445 0.01136479374999999 0.01285714166666665
4 0.115197680078125 0.46469378055555555 0.011364792968749992 0.014693874999999995
4 0.22677928828125 0.4291529708333333 0.011364793749999968 0.0189183611111111
0 0.33836089804687497 0.5124488708333333 0.019630097656250012 0.022040811111111065
0 0.284119837109375 0.5142856055555555 0.02066326171874997 0.018367341666666686
0 0.2546746921875 0.5152039729166666 0.01963009843750001 0.020204076388888915
0 0.22574612578125 0.5106121361111111 0.023762750000000034 0.025714280555555528
0 0.41877542343749996 0.5078570361111111 0.010331629687499965 0.01285714166666665
0 0.40431114062500007 0.5087754020833333 0.010331629687499965 0.01469387361111111
0 0.389330276953125 0.510428467361111 0.01343111953124998 0.015061215277777823
0 0.360780541015625 0.5102447958333334 0.01653060859375004 0.018367341666666686
0 0.86561844921875 0.5390815194444444 0.029961728124999885 0.06061223333333332
0 0.81602662421875 0.5409182527777777 0.0712882515625001 0.07530610555555554
0 0.7623021457031249 0.5409182513888889 0.04029335859375003 0.04959182499999994
0 0.731823834765625 0.5381631493055555 0.03306121796874999 0.05510202916666663
0 0.686020262109375 0.5317345833333333 0.020663261718750013 0.034897952777777796
0 0.66793990859375 0.5262243763888889 0.01963009843750001 0.031224483333333334
0 0.648826392578125 0.5234692763888888 0.024795913281250036 0.03306121666666668
3 0.6064667078125 0.5245713284722222 0.00826530468750004 0.025714279166666642
0 0.6155929812500001 0.531122336111111 0.015497445312499991 0.02755101388888887
0 0.50387362265625 0.5129998958333333 0.007232142187500035 0.01653061111111111
0 0.49819122500000007 0.5148366291666666 0.010331629687499965 0.01653060833333334
0 0.478561126171875 0.5120815284722222 0.006198977343749945 0.01469387638888888
0 0.47132898593749994 0.5157549965277778 0.014464282812499984 0.018367343055555572
0 0.5134820343750001 0.5207141729166667 0.014464282812499984 0.020204076388888915
0 0.48920270234374996 0.5179590743055555 0.021696423437499935 0.02571427916666672
0 0.459240974609375 0.5188774416666667 0.02169642421875002 0.02755101388888895
4 0.31459814765625 0.48453051666666674 0.007232142187500035 0.014693874999999995
0 0.30168360937500005 0.5133672368055555 0.02272958749999998 0.018367343055555572