4 0.523439140234375 0.7144896451388888 0.023762749218749945 0.05510202916666663
4 0.583052651953125 0.7089794409722223 0.022729586718750028 0.01469387638888888
4 0.595967189453125 0.6880406659722222 0.027895402343749966 0.018367343055555572
4 0.25553565546875 0.7135712777777777 0.008265304687499997 0.031224480555555486
0 0.09780609921875 0.8392259375 0.1956121984375 0.2274317777777777
0 0.8037932050781251 0.8682358861111112 0.39120910703125 0.2594119416666667
0 0.348003746875 0.7741835104166667 0.007232142187500035 0.016530609722222304
0 0.34335451328125 0.7787753444444443 0.01033162968750001 0.022040811111111065
0 0.33198971953124995 0.7796937125 0.024795912499999996 0.034897952777777796
0 0.320624926171875 0.7861222826388888 0.01859693359375001 0.03673468750000002
0 0.31235962265625006 0.7897957506944444 0.022729585937499984 0.05877549861111125
0 0.2927295234375 0.7934692194444444 0.03719386874999997 0.06612243611111113
0 0.237971883203125 0.8035712583333334 0.09711732734374998 0.1267346666666667
0 0.38054838398437496 0.7806120791666665 0.01446428203125003 0.022040811111111065
0 0.390363432421875 0.7842855479166666 0.017563772656249997 0.033061218055555563
0 0.40534429648437503 0.7943875881944444 0.018596935156250004 0.03489795138888891
0 0.42187490624999996 0.8072447256944445 0.035127543750000004 0.04959182638888882
0 0.4626848453125 0.8292855381944444 0.04235968437500004 0.08999998194444443
0 0.5174424863281251 0.8347957402777777 0.10641579453125001 0.14510200833333345
0 0.571683547265625 0.8715304277777777 0.13637752265624997 0.1708162916666666