5 0.302167862109375 0.24468741527777776 0.011601558593749983 0.06562497499999999
5 0.46828108593749995 0.3149998895833333 0.008437496875000061 0.04499998472222219
5 0.46458968085937496 0.4396873458333333 0.011601558593750028 0.028124988888888917
5 0.42187485195312496 0.4687498368055556 0.0042187476562499885 0.018749995833333345
5 0.42609360078125 0.46874983611111115 0.004218748437500075 0.026249991666666656
5 0.347519409375 0.4762498333333333 0.005273435937500004 0.018749997222222228
5 0.26578115625 0.47249983472222223 0.004218748437499986 0.014999994444444395
5 0.88013641015625 0.3984373604166667 0.020039056250000086 0.0356249875
5 0.724570058984375 0.11812495902777778 0.01687499453125003 0.0749999736111111
5 0.7055856910156251 0.11156246041666668 0.01687499453125003 0.08812496805555556
4 0.72667943359375 0.4303123493055555 0.025312490624999916 0.054374981944444456
4 0.91546842890625 0.3918748631944444 0.023203117187500056 0.029999990277777833
4 0.90492155859375 0.356249875 0.04218748593750003 0.02999998888888891
4 0.37757799257812497 0.51937481875 0.006328122656249979 0.01499999583333336
5 0.196171806640625 0.48187483125 0.006328122656250002 0.018749993055555574
0 0.24257803984374998 0.5433748152777778 0.008437496874999973 0.02249999166666667
0 0.278437401953125 0.5377498173611112 0.008437497656250015 0.011249995833333375
0 0.2699999046875 0.5405623159722222 0.012656245312500003 0.009374995833333344
0 0.35384753242187494 0.5349373180555556 0.007382810156249997 0.016874994444444427
0 0.34804675390625 0.5368123180555555 0.008437496874999973 0.024374991666666703
0 0.37546861875 0.5339998194444444 0.008437496874999973 0.0074999999999999685
0 0.39445298710937504 0.5311873201388888 0.008437497656250015 0.016874995833333392
0 0.41871079140624995 0.5330623201388889 0.008437498437500057 0.016874995833333312
0 0.4250389144531249 0.5349373187500001 0.00843749765624997 0.020624993055555527
0 0.433476410546875 0.5358748194444445 0.014765619531249996 0.01874999722222215
0 0.44718734375 0.5349373180555556 0.008437496874999973 0.016874994444444427
0 0.47039046054687506 0.5378123041666667 0.025312491406250005 0.0318749888888889
0 0.5104685707031249 0.5424998020833333 0.027421864843749956 0.041249984722222244
0 0.790508989453125 0.5359568437500001 0.09703121640625004 0.0674999763888889
0 0.14925921484375 0.5556443368055556 0.023203115625000013 0.031874990277777786
0 0.13238422109374998 0.5593943368055556 0.01898436875 0.031874990277777786
0 0.110763135546875 0.5612693354166667 0.030585927343750006 0.0356249875
0 0.084923298828125 0.5640818340277778 0.029531238281250004 0.03749998750000003
0 0.055919402734375 0.5706443319444444 0.04746091953125 0.0393749861111111
0 0.298476458203125 0.5331248041666666 0.01054687109375001 0.01874999444444446
0 0.3638670609375 0.5406248006944444 0.01687499374999999 0.022499993055555556
0 0.3264256671875 0.5462498 0.045351546875 0.07124997777777776
0 0.537384078515625 0.5397068423611111 0.046406233593750026 0.0599999791666667
0 0.6628918464843749 0.5453318409722223 0.09281246640624996 0.09374996805555556
1 0.227833405078125 0.5415818416666667 0.02003905546875 0.04124998611111113
0 0.405020843359375 0.526581845138889 0.013710932031250022 0.02624999027777777