0 0.170545698828125 0.2843002291666667 0.14360966328125002 0.0569387638888889
0 0.541451233203125 0.42074335416666664 0.01343111953124998 0.02755101388888895
0 0.53215276640625 0.42166172083333336 0.015497445312499991 0.04775509166666667
0 0.5652139835937501 0.41247804930555554 0.023762749999999944 0.029387748611111104
0 0.602407853125 0.4143147833333333 0.017563771875000002 0.025714280555555528
0 0.574512451171875 0.4275655076388889 0.04235968515624995 0.05588919583333336
0 0.65536975390625 0.34163258055555557 0.06405610937499998 0.15428568055555555
0 0.697212857421875 0.47755091944444444 0.17667088046874993 0.21306118055555553
0 0.501600658984375 0.4316325625 0.07025508671875 0.10653058888888887
4 0.547576415234375 0.33887747916666666 0.06095661953124996 0.0532652944444444
4 0.592519007421875 0.34806115 0.03306121796875008 0.038571422222222214