0 0.24890099062499998 0.7522964986111111 0.06937806875 0.053820558333333206
0 0.329001121875 0.7332350520833333 0.03784258125000002 0.05606308194444441
0 0.35549092734375 0.7276287444444445 0.015137034375000002 0.04485046666666664
0 0.37378150859375003 0.7354775770833334 0.026489807812499988 0.029152804166666612
0 0.590114932421875 0.6962334159722222 0.05297961328124998 0.08970093472222215
0 0.665169383203125 0.7063247743055555 0.06685522578125003 0.09194345972222233
0 0.764190806640625 0.6973546784722221 0.02270554765624997 0.02466775416666667
0 0.91871468046875 0.6838995423611111 0.1602002593749999 0.3251658875
0 0.455773769140625 0.7242649604166667 0.02901264609375005 0.02466775694444452
0 0.48730925117187507 0.7175373902777779 0.029012646093749962 0.02018271388888885
0 0.51627993828125 0.7221232916666667 0.020058979687499968 0.022924552777777763
0 0.5506667601562499 0.7200006381944445 0.022924546875000028 0.02037737361111114
0 0.84080558359375 0.6919817493055557 0.03295403906250005 0.03566041250000001
0 0.817164641796875 0.700896848611111 0.020058980468749966 0.03820758055555547
0 0.73334676015625 0.6970760923611111 0.024357335937500047 0.02547172361111115
0 0.787076172265625 0.6958025048611111 0.014327844531250022 0.022924548611111106