0 0.9029535785156251 0.7488829118055554 0.028681452343749924 0.03399283472222234
0 0.8708576671875001 0.7331005243055556 0.019120968750000068 0.026708654166666672
0 0.779350174609375 0.7270303777777779 0.01912096796875007 0.024280597222222235
0 0.031583721484375 0.6554026222222222 0.06146025546874999 0.11897491388888892
0 0.280839206640625 0.6906094847222223 0.21033065390625003 0.0922662611111112
0 0.5819944625 0.7076058999999999 0.06692338906249998 0.04856118888888885
0 0.9295863566406251 0.7318864965277778 0.02458410234374995 0.019424476388888934
2 0.398979476953125 0.6420482958333333 0.17345450234375 0.1796764027777777
2 0.5553616851562501 0.6978936625 0.07921544218749998 0.06798566388888881
2 0.6523323109375 0.6869673951388888 0.03277880312499999 0.041277012499999995
4 0.7599219253906251 0.6966102722222222 0.008194700781249953 0.02185253611111114
4 0.7087050453125 0.6881120645833333 0.00682891718750005 0.02428059583333327
4 0.7367036054687499 0.6431929631944444 0.019120968749999977 0.026708654166666672
0 0.9644849835937499 0.7393441215277777 0.015023620312499908 0.007284176388888852
2 0.842570075390625 0.7141655027777778 0.039161483593749935 0.032146788888888896
2 0.9854309667968749 0.7347720506944444 0.02113326484374998 0.020070409722222217
5 0.799529646484375 0.6638314694444445 0.008194700781250041 0.024280594444444463
5 0.89581738125 0.6750130555555556 0.004097349999999977 0.0213418944444444
5 0.722505355078125 0.6634539506944445 0.00499588828125006 0.01953947361111111