4 0.158601585546875 0.2754113076388889 0.05326555703125 0.0388489513888889
4 0.1586015859375 0.31790234791666666 0.04780242187499999 0.03156477083333332
4 0.48365805273437507 0.2936217541666667 0.03960772109374995 0.07041372500000002
4 0.48502383554687506 0.3421829430555555 0.02048675234375006 0.012140297222222192
4 0.9541704597656249 0.27176921875 0.01638940234375017 0.021852534722222216
4 0.9541704597656249 0.29847787291666666 0.01638940234375017 0.021852534722222216
4 0.612041698828125 0.32518652847222224 0.015023617968750003 0.021852537499999988
4 0.613407483203125 0.3506811541666667 0.012292050781250018 0.01942447777777782
0 0.564239276171875 0.4781542784722222 0.12974943046874995 0.16753610694444443
0 0.98831504609375 0.41623876111111113 0.02185253593750005 0.16996416666666667
0 0.9637309433593749 0.4040984604166667 0.049168203906249985 0.13597133194444444
0 0.74998583046875 0.4198808493055556 0.04507085468750001 0.06070148749999996
0 0.8524195906250001 0.39924234375000006 0.034144587499999976 0.043705068055555546
0 0.79164222578125 0.4016704027777778 0.019120968750000068 0.024280594444444463
0 0.64140604375 0.44294741597222226 0.06828917187499997 0.11169073749999998
0 0.707646542578125 0.41745278958333326 0.039607721093750034 0.06555760694444446
0 0.82100657109375 0.38953010625 0.020486753125000055 0.03399283472222218
0 0.774569933203125 0.3980283138888889 0.012292052343750016 0.026708655555555558
2 0.792325117578125 0.37860383680555554 0.02048675234374997 0.03156477083333332