0 0.0199835609375 0.5510913694444445 0.039967121875 0.08318360277777773
0 0.141834541796875 0.5276959805555556 0.10820367109375 0.0987805277777778
0 0.26466033046875 0.5138320472222222 0.09845559374999997 0.07105266111111111
0 0.32266139726562504 0.5120990548611111 0.023395388281250006 0.0329268430555555
0 0.372376596875 0.5120990548611111 0.04679077656250001 0.02252889305555562
2 0.425503624609375 0.48870366597222226 0.026319811718749975 0.03465983194444446
0 0.46742036210937493 0.5415599138888889 0.07895943515625001 0.1577022472222222
0 0.6477598136718751 0.5424264097222222 0.10235482421874993 0.15596925555555557
0 0.5999942292968751 0.49650212986111114 0.026319811718750065 0.039858809722222256
0 0.7081979 0.5146985430555555 0.05556404687500001 0.09358155277777777
0 0.8125023394531251 0.5268294847222222 0.15694406328124993 0.15250327222222226
0 0.8826885046874999 0.7339219958333334 0.2329790749999999 0.48350469166666676
0 0.533219891796875 0.627343004861111 0.20470964765624994 0.29114260972222217
4 0.577086244921875 0.2885431222222222 0.16181810234375 0.1784981472222222
4 0.6219274058593751 0.19582806458333332 0.06238770234375002 0.031193851388888857
4 0.37188919296875 0.3266689409722222 0.039967121875 0.04679077916666669
4 0.32851024375 0.31973697361111114 0.048740392187499995 0.060654711111111106
4 0.7242822296875 0.45317733680555555 0.04094192968749999 0.04332479305555555
4 0.519085178125 0.4549103277777778 0.006823654687500014 0.015596924999999985
0 0.606817883984375 0.46010930277777773 0.012672502343750036 0.012130941666666612
0 0.360678903125 0.4748397326388889 0.011697693750000005 0.02426188472222219
0 0.343619765625 0.44104639444444443 0.034118274999999976 0.022528891666666735
2 0.290005334375 0.4809052041666667 0.13744790625000003 0.08838257777777782
0 0.40064602460937504 0.5025676006944445 0.02339538828125005 0.020795901388888892