0 0.494022681640625 0.6002541236111111 0.006864407031249975 0.015254233333333329
0 0.48415509765625 0.600254125 0.01458686250000003 0.021355927777777752
0 0.503890264453125 0.5994914125 0.006006355468749991 0.013728811111111128
0 0.507751492578125 0.600254125 0.006864405468749979 0.01830508055555558
0 0.5103256453125 0.6040676826388889 0.008580506249999953 0.019830506944444517
0 0.515044923828125 0.6063558159722221 0.0077224570312500514 0.02440677361111112
0 0.5261995828125 0.6086439534722222 0.023167368749999983 0.0350847375
0 0.5455057222656251 0.6147456479166666 0.03260592734375001 0.050338973611111094
0 0.5965597386718751 0.6132202215277778 0.009438558593750025 0.016779656944444415
0 0.648042780078125 0.6315253034722222 0.01801906328125007 0.04423727916666667
2 0.619727106640625 0.6284744597222223 0.04032838046875007 0.06254236111111114
0 0.57210529375 0.6345761520833334 0.055773293749999994 0.07779659583333334
2 0.55108305078125 0.5842371784722222 0.022309318749999994 0.028983045833333262
2 0.532205936328125 0.5834744645833333 0.013728810156250049 0.015254234722222215
0 0.42409155195312503 0.6452541152777778 0.14243641484374997 0.18762708333333325
2 0.823514144921875 0.5415253215277778 0.35008467890625 0.5537287097222223
4 0.170430304296875 0.5581960118055556 0.010296608593750011 0.028983045833333262
4 0.365207809765625 0.5803146520833333 0.005148305468750003 0.015254234722222293