0 0.45967598867187504 0.5385067513888888 0.017994655468749964 0.023459700000000003
0 0.44228115429687503 0.5374404006944444 0.016795013281249993 0.021326998611111175
0 0.475871178515625 0.5331750027777779 0.016795013281249993 0.02985779999999999
2 0.41229005937499996 0.5161134020833333 0.03119073750000001 0.07677720138888888
0 0.6150298535156249 0.5395731 0.06478076328125004 0.11943119999999996
0 0.693006698046875 0.5491702513888889 0.13915867578125002 0.18127950000000004
0 0.53945229765625 0.5321086520833334 0.09597150000000002 0.18981030138888885
7 0.8603570031250001 0.6440754013888889 0.15715333124999997 0.2687202
7 0.140570750390625 0.5331750020833333 0.03958824453124998 0.11090040138888885
7 0.118377340234375 0.5395731 0.050385038281249996 0.11943119999999996
7 0.054196399609375 0.5470375513888889 0.08757399453125 0.1300947
0 0.27133191914062504 0.6184830020833333 0.29391271953125 0.46492860138888886