0 0.522510276171875 0.5257088499999999 0.12525775234375 0.20412374444444442
0 0.078889069921875 0.4576676020833334 0.10786084296875001 0.10515465416666664
0 0.0052190734375 0.4670103861111111 0.010438146875 0.11134022499999993
4 0.016237115625 0.25463921805555556 0.03247423125 0.1525773472222222
0 0.35431706875 0.44845368124999996 0.070747434375 0.06597939027777776
0 0.43376295742187504 0.4659794583333334 0.06030928671874998 0.09690723333333334
0 0.46971657109375 0.4835052354166666 0.057989700000000075 0.10721650972222226
0 0.567139266796875 0.4402062569444445 0.03711340703124995 0.05773196666666662
0 0.601933089453125 0.4453608958333334 0.023195878906249946 0.047422688888888904
0 0.6025129859375 0.44845367986111107 0.019716498437500007 0.028865984722222276
0 0.6257088648437501 0.43402069027777784 0.026675262499999963 0.02061856111111106
0 0.5393042125 0.4315170076388889 0.04407217187499999 0.02061855972222225
0 0.644265571484375 0.44285721388888893 0.012757733593749964 0.026804130555555538
0 0.65238412890625 0.45522835 0.01739691093750002 0.039175266666666646
0 0.66398206953125 0.45419742361111115 0.019716498437500007 0.04123711944444442
0 0.690408810546875 0.45316649444444446 0.03711340703125003 0.043298977777777733
0 0.725782528125 0.4469809277777778 0.06842784687500006 0.05154639999999999
4 0.52770627265625 0.40368195 0.011597940625000015 0.018556705555555515
4 0.6889176394531249 0.4129603013888889 0.018556703906250062 0.02886598333333331
4 0.69239702265625 0.3562592625 0.009278351562499943 0.02268041666666668
4 0.72205462578125 0.3614139 0.04639175937500006 0.08659794999999997
4 0.88674537421875 0.21811490555555554 0.08350516875 0.13814435277777776
0 0.6216495859375 0.48306340555555555 0.06494846406250003 0.09072166388888887
0 0.04639176015625 0.7469809756944444 0.0927835203125 0.18556704305555555