2 0.058001066796875 0.5051670895833333 0.11600213359375 0.41765100972222213
0 0.874402637890625 0.509499567361111 0.2495508085937499 0.23568687083333334
0 0.35434265195312503 0.42544946944444445 0.07895943515624997 0.08838258055555552
0 0.635574716015625 0.4098525430555556 0.05848847109374997 0.06758667777777774
0 0.7325680960937501 0.4427793861111111 0.12185098124999998 0.16116823055555557
0 0.41185631484375007 0.4037870729166667 0.039967121875 0.05545573750000001
0 0.433302087890625 0.3985880972222222 0.014622116406250019 0.04852376666666661
0 0.44646199375 0.3907896340277778 0.023395389062500004 0.04332479305555555
0 0.45913449531250006 0.3881901458333333 0.009748078124999981 0.03812581666666664
0 0.467907766015625 0.3829911715277778 0.011697694531249959 0.031193851388888857
0 0.47521882421875006 0.38212467569444447 0.010722885937499971 0.02946085972222221
0 0.48399209531250004 0.3795251881944444 0.008773270312499993 0.027727868055555563
0 0.5990194210937501 0.3977215993055555 0.030219042187500024 0.05025675972222222
0 0.582447687890625 0.3890566416666666 0.018521349218749972 0.036392825
0 0.573187013671875 0.38472416388888886 0.02144577265625003 0.041591802777777784
0 0.5580774914062501 0.3786586923611111 0.01657173437499999 0.032926843055555585