5 0.338511970703125 0.33696660277777774 0.00839750546875 0.025592399999999987
5 0.49086672539062504 0.32097135208333333 0.00839750703124995 0.027725098611111124
4 0.335512860546875 0.35402820208333335 0.014395725781250012 0.008530801388888854
0 0.09258499960937501 0.41267744999999995 0.07317826796875002 0.04905210000000003
0 0.43148436015625 0.4276063513888889 0.04798574999999996 0.0618483
0 0.516599744140625 0.4414689020833333 0.08889228359374997 0.06398100138888883
0 0.5652446390625 0.44146890000000005 0.029991093749999996 0.042654000000000046
0 0.6168293199218751 0.45639780138888886 0.05878254453125002 0.08530800000000001
0 0.6804104390625 0.46599495069444447 0.08757399374999997 0.09597149861111108
0 0.77338283125 0.4787911513888889 0.16075226406249996 0.14289089999999996
0 0.90863331953125 0.53850675 0.1817273406249999 0.1983411
4 0.709201889453125 0.3295021534722222 0.020393944531249986 0.019194301388888887
4 0.9065432874999999 0.27298560277777784 0.028791451562499938 0.03412319999999999