0 0.33383027109375 0.5658675972222222 0.013775517187499985 0.029081649999999983
0 0.37042148671874997 0.5635716756944444 0.012914548437499996 0.01836735416666665
0 0.351480150390625 0.5666329027777778 0.021524244531250014 0.030612261111111077
0 0.324790087890625 0.5696941291666667 0.011192607031250024 0.03673471388888885
0 0.314027966015625 0.5689288222222223 0.01894133359375001 0.04438777500000002
0 0.300682933984375 0.5704594347222223 0.018080364843749974 0.03214287222222225
0 0.28862935703125003 0.5658675944444445 0.019802304687499994 0.05051022499999994
0 0.27270141640625 0.5666329041666667 0.025829093749999997 0.06428574444444443
0 0.234818746484375 0.5712247423611111 0.060267883593749974 0.0826530958333333
0 0.17412037734375 0.5842349541666667 0.057684974999999986 0.09336739166666672
0 0.10309037109375001 0.5895920965277779 0.11020413125000002 0.14081639027777781
0 0.44145149179687504 0.5605104513888889 0.018941335156250006 0.036734711111111075
0 0.453505068359375 0.5559186125 0.018941335156250006 0.061224516666666694
0 0.46512816132812496 0.5597451458333333 0.02152424453124997 0.0658163555555556
0 0.48019513242187506 0.5673982083333333 0.03443878984375006 0.06887758055555555
0 0.5030108312499999 0.5719900493055555 0.03357782187499998 0.09030616250000002
0 0.5275484703125001 0.5796431131944445 0.05682400625000002 0.11785719583333337
0 0.617950296484375 0.6010716951388889 0.17391589453125 0.20051029583333332
0 0.403999307421875 0.5658675944444445 0.011192607031249979 0.013775516666666635
0 0.0334648203125 0.6091839465277779 0.066929640625 0.1683674208333333
0 0.813060358984375 0.7163268534722222 0.37021700390625006 0.5234696263888888
0 0.41509877812500007 0.5630829131944444 0.022295984375 0.020984456944444455
0 0.386245150390625 0.5607513069444445 0.019672927343750014 0.02098445555555557