0 0.39489868203125 0.4805088159722222 0.008190490624999968 0.020801248611111114
1 0.42532050546875 0.4597075666666666 0.054993296874999986 0.09568573611111111
0 0.503715205859375 0.5023501243055556 0.04797287578125005 0.05616336805555559
0 0.55344318828125 0.5189911229166667 0.07488449062499995 0.11440685972222218
0 0.632422925 0.5543532437500001 0.141578490625 0.14768885694444447
1 0.200560326953125 0.38209505625000006 0.40079179765625 0.7614166236111111
3 0.6450011796874999 0.4690681291666667 0.01755105156250005 0.02912174722222218
3 0.663722302734375 0.47322837847222227 0.01287077265624994 0.03744224583333333
3 0.673082862890625 0.4805088152777778 0.017551052343749964 0.04784286944444444
3 0.74153196875 0.5158709361111111 0.025741543749999974 0.11856711111111116
3 0.8351375812499999 0.5325119326388889 0.04914294687500007 0.12688760972222216
3 0.8696546507812499 0.5397923708333333 0.04095245624999997 0.16224972777777774
3 0.8930560554687499 0.5397923708333333 0.038612315624999914 0.15392923333333333
3 0.7116951796875 0.5314718722222221 0.03393203437499999 0.17057023055555554
3 0.473000865234375 0.48050881458333333 0.005850350781250046 0.03536212083333336
3 0.4765110753906249 0.47738862916666663 0.005850350781250046 0.03328199444444443
3 0.48236142656250003 0.46698800555555553 0.00819049218750001 0.016640997222222214
3 0.48879681250000007 0.46698800555555553 0.009360562499999947 0.016640997222222214
3 0.517463531640625 0.4638678173611111 0.01287077265624994 0.018721123611111067
6 0.4515300769531249 0.5325119347222222 0.019891192968750016 0.07072424166666672
4 0.866059116796875 0.21009259861111113 0.04797287578124987 0.037442244444444446
4 0.808725679296875 0.16536991527777778 0.03861231640625 0.04784286944444444
4 0.8098957500000001 0.19969197569444444 0.0269116140625 0.04160249305555557
4 0.836222328125 0.2776966520833334 0.06084364843749999 0.03952236805555557
5 0.888875485546875 0.3411404576388889 0.023401403906249917 0.0582434930555556
5 0.8678142234375 0.33594014583333337 0.028081684374999936 0.06864411666666671
5 0.48578631328125005 0.3796227652777778 0.008190490625000013 0.03120187222222223
5 0.47818085703125 0.3806628277777777 0.007020421874999983 0.02912174722222218
4 0.556575558984375 0.40978457569444443 0.011700702343750003 0.05408324305555554
4 0.51269792734375 0.4264255722222222 0.010530631249999978 0.0457627444444444
4 0.4916366640625 0.43058582083333335 0.01287077187500003 0.02080124722222223
4 0.5220584878906249 0.3889833263888889 0.022231332031249985 0.024961497222222167