4 0.33859503828125004 0.24403246805555553 0.035196990624999994 0.028157594444444455
4 0.597732880859375 0.2690614388888889 0.036076914843749995 0.08134415555555555
4 0.213205759375 0.03519699027777778 0.01495872187499998 0.029721902777777785
4 0.23520387851562496 0.11263036874999999 0.009679172656250002 0.043800698611111105
4 0.490910033203125 0.3973349152777778 0.007919322656250038 0.01251448611111109
4 0.48871022109375 0.41610664375 0.01231894687500006 0.02190035138888891
4 0.4768312371093749 0.39889922569444436 0.009679172656249957 0.018771729166666674
0 0.39675807695312504 0.4461414159722222 0.02199811953124997 0.02815759305555553
0 0.37695976953125 0.44223063819444447 0.021118193750000014 0.03285052361111111
0 0.390598604296875 0.4477057263888889 0.01143902265625001 0.021900350000000027
0 0.33516334375 0.46804176597222225 0.081833003125 0.10950174861111116
0 0.22561271054687504 0.44301279375 0.047515936718750006 0.03441483472222215
0 0.27972808359375 0.4531808145833333 0.05191556093749998 0.08603709027777778
0 0.46231247148437493 0.4344090861111111 0.04399623828125003 0.05162225277777771
0 0.43591472929687497 0.5094959986111112 0.11263037109375004 0.16112400000000007
0 0.027629631640625003 0.43612981319444444 0.055259263281250005 0.07508691250000005