5 0.34547067656249997 0.2982807041666667 0.00900444843749999 0.048023730555555526
5 0.40950231523437497 0.33830047708333333 0.009004449218749943 0.01778656527777779
5 0.4355151675781251 0.29383406180555555 0.007003460156249997 0.02490119305555558
5 0.5635784402343751 0.30450599930555555 0.007003461718749993 0.02490119305555558
5 0.17488639570312497 0.2635969013888889 0.004001977343750007 0.024901194444444424
5 0.166382194140625 0.2644862277777778 0.007003460156249997 0.01956522222222223
5 0.29444546562499996 0.2502569763888889 0.005002471875000003 0.03379447777777776
5 0.08033968281250001 0.2573716020833334 0.011005437500000003 0.030237162500000005
4 0.414504787109375 0.3596443541666667 0.009004449218750033 0.014229252777777764
0 0.374485012890625 0.38454554583333334 0.037018291406250015 0.04624507222222229
0 0.282439536328125 0.4254546486111111 0.13106475703124998 0.16363640277777777
0 0.45702579453125003 0.39699614166666664 0.01600790937499994 0.017786566666666677
0 0.43801640234374994 0.3946345972222222 0.018008898437499976 0.027292730555555523
0 0.47561858671875007 0.3952174847222223 0.014840120312500015 0.028458505555555527
0 0.52620345390625 0.38899218680555553 0.023724760937500023 0.040909101388888855
0 0.49854630976562503 0.38810285902777775 0.03101532578124999 0.04624507083333332
2 0.6426174933593749 0.39877479861111115 0.07703806328124996 0.09249014166666668
0 0.570581901171875 0.41122539583333334 0.08504201796874993 0.11027670555555555
4 0.768679777734375 0.3507510729166667 0.015007414843749966 0.032015818055555555
4 0.759675328515625 0.30717398611111113 0.015007414843749966 0.037351788888888904
4 0.31988319921874997 0.25242169444444446 0.03823239531249998 0.011718741666666649
4 0.8630468882812501 0.1293749041666667 0.043505829687500074 0.06093745833333334