0 0.10852317851562499 0.40008026180555556 0.21666388515624999 0.2225070319444445
5 0.12482555859375 0.2682588715277778 0.043122425000000006 0.04113575416666669
3 0.18530212812500002 0.3720331576388889 0.016828262500000003 0.03178671805555556
0 0.27996110625 0.42812736875 0.19562855468749998 0.1290166819444445
0 0.35042945742187503 0.39166613125 0.04417419140624999 0.044875365277777725
0 0.38934481523437503 0.42719246527777777 0.03786359296874999 0.10096957777777772
3 0.410906026953125 0.3963406479166666 0.026294160156249947 0.09162054305555556
0 0.50714265546875 0.4786121569444444 0.22507801562500002 0.34217467777777777
4 0.430889588671875 0.33650682708333335 0.013672963281250006 0.028047104166666673
0 0.611267531640625 0.4159736236111111 0.018931796093749932 0.041135752777777805
4 0.6564934875 0.3664237361111111 0.008414132812500075 0.024307491666666674
5 0.7679807296875 0.3112644298611111 0.018931795312499933 0.04487536805555558
5 0.7984819562500001 0.3103295263888889 0.023138860937500016 0.04674517500000002
4 0.788490175 0.20468543402777778 0.03681182500000002 0.0299169125
3 0.8158361015625 0.4365415006944444 0.026294159374999994 0.1234072625
4 0.28627170546874997 0.3206134673611111 0.02103532812500002 0.018698070833333347
4 0.287849355078125 0.33370211666666666 0.019983561718749997 0.014958455555555538
4 0.285219937890625 0.34211624791666667 0.012621197656249982 0.01682826250000002
5 0.6212593125 0.00417785 0.05995068593750004 0.0083557