4 0.53543480859375 0.2500779465277778 0.021093735937499948 0.058593709722222206
4 0.53938988359375 0.3379685104166667 0.01318358593750002 0.02343748472222222
5 0.661997221875 0.35437474930555557 0.018457018750000033 0.03281247638888887
5 0.54466331796875 0.36492161666666667 0.015820301562500028 0.025781230555555566
3 0.580258997265625 0.44695281111111107 0.015820302343749936 0.09140618888888888
3 0.565757052734375 0.4504684333333333 0.01582030078125003 0.08437494166666666
3 0.520932865625 0.45281218125 0.018457018749999943 0.08437494027777777
3 0.561801978125 0.4504684333333333 0.010546868750000016 0.08437494166666666
3 0.55323264765625 0.44109343958333336 0.006591792187500012 0.046874968055555556
3 0.5479592140625 0.43992156527777776 0.009228509375000016 0.04453121944444444
3 0.61585467578125 0.44109344027777775 0.010546868750000016 0.06093745833333336
3 0.629038259765625 0.42937469722222216 0.013183585156249933 0.03281247777777775
3 0.639585126953125 0.4387496916666666 0.01582030078125003 0.06093745833333336
3 0.656064608984375 0.4387496909722223 0.011865227343750017 0.07031245138888893
3 0.6494728160156249 0.41999970416666665 0.011865225781250021 0.028124980555555606
3 0.6936378249999999 0.42117157708333336 0.010546868750000016 0.04453122083333333
7 0.726596787109375 0.4457809361111111 0.01845701953124994 0.06562495555555559
0 0.2935160296875 0.44109344097222225 0.014501943750000024 0.028124981944444412
0 0.27637736953125 0.4457809368055556 0.0250488109375 0.0374999736111111
0 0.182114739453125 0.45984342638888887 0.03164060390625001 0.032812477777777835
0 0.13597219296875 0.4434371861111111 0.0659179234375 0.08906243888888889
0 0.230894001953125 0.49617152638888895 0.10810539296874996 0.1289061611111111
0 0.79910650234375 0.4305465701388889 0.029003885937499873 0.06328120694444447
0 0.897983387109375 0.39539034722222227 0.01845701953125012 0.030468730555555525
0 0.9599462351562501 0.40359346527777784 0.015820301562500028 0.037499974999999984
2 0.9810399703125 0.4047653388888889 0.036914037500000066 0.08671868888888888
0 0.9876317636718749 0.42234345069444446 0.02373045234374995 0.07031245138888885
1 0.8643652464843751 0.39656222013888887 0.05405269765625 0.09843743194444442
0 0.770102615625 0.4422653145833334 0.05800777343750001 0.08203119583333339
0 0.8439306898437501 0.4340621944444445 0.0580077734375001 0.07968744444444442
0 0.931601528515625 0.43054657222222226 0.06723628203124984 0.10078118055555557
0 0.38316440625 0.5360152506944444 0.2201658640625 0.36328099861111113
0 0.09369408632812501 0.5688277270833334 0.18738817265625002 0.3492185097222222
1 0.944785113671875 0.3789841076388889 0.02504881171875013 0.02109373472222226
5 0.978437037890625 0.32847018125000005 0.006034767968749933 0.01966887361111114
3 0.713913041015625 0.4107218333333334 0.006034767968749933 0.02682119166666668
3 0.703352196875 0.4089337541666667 0.007040562500000025 0.02324503333333333