0 0.5143094910156251 0.5302381256944445 0.008735617968749932 0.012202129166666648
0 0.5083817500000001 0.5330113388888889 0.010607535937500056 0.01552998611111115
0 0.504325927734375 0.5424402597222223 0.00873561796875002 0.014420702777777766
0 0.5021420234375 0.5446588291666666 0.011855481250000022 0.02107641111111115
0 0.4959022960937499 0.5551970347222223 0.014351371874999953 0.022185697222222227
0 0.48311085546875 0.5540877506944444 0.024958906250000013 0.03327854583333334
0 0.46158379765625 0.5585248888888888 0.02308698749999998 0.051027099999999985
0 0.43662489140625 0.566844525 0.04555000781250005 0.06101066388888891
0 0.38577111640625 0.5640713131944444 0.06489315937500004 0.11536561805555555
0 0.30746254375 0.5751641618055555 0.12042672968749998 0.1797041375
0 0.13220421367187501 0.6067787777777778 0.26440842734375003 0.33389472222222216
0 0.530532780859375 0.5380031194444445 0.004367808593749967 0.012202130555555612
0 0.5370844945312501 0.541330975 0.008735618750000018 0.016639272222222227
0 0.5389564121093751 0.5496506104166667 0.009983563281249986 0.017748556944444417
0 0.546132099609375 0.5524238215277778 0.010607538281249962 0.02773211805555557
0 0.552059839453125 0.5563063194444444 0.012479455468750001 0.02662283611111115
0 0.560171483203125 0.5568609618055556 0.017471235156250042 0.03882496805555557
0 0.5682831296874999 0.5607434583333334 0.02371096406249995 0.051027099999999985
0 0.5894982011718749 0.5657352416666667 0.04367808984375001 0.06544780555555553
0 0.6472156734375 0.5719551631944444 0.0979637109375 0.1377890263888889
0 0.718036575 0.6112159180555555 0.15224933749999997 0.17193914444444441