0 0.56928778203125 0.5047338388888889 0.448411609375 0.5502248722222223
0 0.8804951871093749 0.54069341875 0.23882792109374992 0.466174773611111
0 0.093094148828125 0.4306484430555555 0.10625405546875 0.14383831388888896
0 0.1861882984375 0.46704126736111107 0.11697694218749999 0.13344036250000002
0 0.28464389140625 0.5069000784722222 0.150120409375 0.19582806250000004
0 0.35824188359375003 0.4367139159722222 0.03216865624999996 0.031193854166666708
3 0.15743146757812498 0.40811955277777784 0.014622117968749992 0.0537227444444444
3 0.23444128593749997 0.38732365069444447 0.010722885937500015 0.04679077638888892
5 0.8431113285156251 0.16116823125000002 0.024370196093749998 0.08664958750000003
5 0.723209966015625 0.15943524097222223 0.02437019453125 0.08664958472222221
5 0.593073088671875 0.19236208263888888 0.03704269765624994 0.07625163472222223
5 0.6117350734375 0.03321567152777778 0.04637955781249996 0.06412069583333332
4 0.014622117578125 0.23250972499999997 0.02924423515625 0.05372274722222221
4 0.5796958816406249 0.1776316527777778 0.17546541171875002 0.10571249722222223
4 0.05897587343749999 0.37086022916666667 0.010722885937500004 0.027727866666666677