4 0.5730080246093749 0.4457809361111111 0.01713866015624994 0.03281247777777775
0 0.20518601328125002 0.48914028125 0.0250488109375 0.02578123194444441
0 0.16365772109374999 0.49734340069444444 0.058007773437499986 0.046874968055555556
0 0.09510308046875 0.5430464944444444 0.1265624140625 0.12421866388888887
0 0.44249053671875 0.4938277798611111 0.01186522656250002 0.016406237499999952
0 0.4358987441406249 0.49968714999999997 0.011865225781250021 0.018749988888888916
0 0.42337433945312497 0.5020308979166667 0.015820302343749936 0.01874998750000003
0 0.41019075390625004 0.4985152756944444 0.015820301562500028 0.03046872916666664
0 0.5222512238281249 0.4961715270833333 0.015820302343749936 0.03046872916666664
0 0.538730704296875 0.49617152638888895 0.025048811718749953 0.03984372222222221
0 0.561801978125 0.498515275 0.031640603125000055 0.06796870277777774
0 0.39502963164062505 0.5032027729166667 0.027685527343750006 0.0351562236111111
0 0.451059866015625 0.4996871493055555 0.021093735156250036 0.03281247638888887
0 0.50379420546875 0.4949996520833333 0.015820301562500028 0.02343748194444441
0 0.590805863671875 0.5102340166666667 0.05009762109375 0.07265619999999996
0 0.32713417109375 0.50789026875 0.04218747031249999 0.05390621249999994
0 0.22759810625000002 0.5254683812500001 0.08041986718749998 0.08437494027777777
0 0.025139446484375 0.5617964805555555 0.05027889296875 0.13359365833333334
0 0.7239709875 0.5015562729166667 0.10661423437500002 0.06258277916666664