4 0.569775185546875 0.4609757979166667 0.016571732031249998 0.017329918055555518
0 0.019008753125 0.5103660631944444 0.03801750625 0.05718872638888889
0 0.4800928640625 0.48870366597222226 0.006823654687499925 0.02772786527777779
0 0.4742440164062501 0.4921696506944444 0.008773270312499993 0.034659834722222234
0 0.46205891953125 0.48870366597222226 0.015596926562500002 0.04505778750000004
0 0.451823437109375 0.48003870763888884 0.012672502343749947 0.031193851388888937
0 0.452798244140625 0.5060335840277778 0.01462211640624993 0.04852376805555557
3 0.43281468320312494 0.5198975180555555 0.019496155468749964 0.10397950277777773
3 0.41429333437500004 0.5198975166666666 0.02144577187500003 0.10744548888888895
0 0.4177051621093749 0.49650212847222225 0.04971520078124998 0.0987805263888889
0 0.36457813437500003 0.516431532638889 0.0994304 0.1282413875
0 0.32899764804687504 0.5580233361111111 0.12380059609375 0.16636720555555554
0 0.151582619921875 0.6325419791666665 0.30121562421875 0.343132361111111
0 0.511286715234375 0.4904366576388889 0.010722886718750057 0.01732991527777775
0 0.5185977730468749 0.49216964930555557 0.011697694531249959 0.020795898611111124
0 0.527371044140625 0.4956356340277778 0.015596924218750008 0.027727868055555563
0 0.541993162109375 0.5034340965277778 0.027294619531249963 0.04332479305555555
0 0.5673381660156249 0.5043005930555555 0.05458923828125002 0.06585368333333332
0 0.5736744183593749 0.5432929069444444 0.06336251015625001 0.10917848055555553
0 0.640936158984375 0.5528243611111111 0.12185098203125007 0.17676515833333334
0 0.8373599406250001 0.6680683118055556 0.3216865890625 0.4592428069444444
0 0.494227578515625 0.5017011048611112 0.03119385078125001 0.053722743055555515