0 0.44567876015624996 0.6050066319444445 0.022953412499999982 0.045906824999999984
0 0.42607272031250004 0.6126577694444445 0.029648157812499944 0.04080606666666671
0 0.07268580625000001 0.6347610555555556 0.078424159375 0.07141061666666665
0 0.03873388359375 0.6381615611111111 0.06407827656250001 0.07821162777777783
0 0.41220503359375 0.6237094125 0.01338949062500001 0.04930733055555558
0 0.560605240625 0.5880041041666667 0.02199702031249995 0.0629093527777777
0 0.8776492515625002 0.6101073902777778 0.045906824999999964 0.0663098583333333
0 0.91925231171875 0.6203089069444444 0.12528737656250008 0.06630985833333337
0 0.14106784765625 0.6412786819444444 0.012433098437500002 0.03230480277777777
0 0.37474634921875 0.6203089069444444 0.07172941406249995 0.0935139027777778
0 0.507206667578125 0.6687661111111112 0.14537161328125006 0.23123437777777783
2 0.48377505898437506 0.5559826597222222 0.05642713984375005 0.044206575
5 0.6163947656250001 0.4239297104166667 0.012433098437500067 0.04420657361111111
5 0.67840086875 0.5287786152777778 0.005738353125000017 0.030604552777777787
5 0.34031623046875004 0.5372798791666666 0.006694745312500005 0.030604552777777787
5 0.1558919265625 0.1462217388888889 0.030604549999999998 0.11561718888888887
5 0.6823858265625 0.5573995541666666 0.010520314062500003 0.01870278055555556
5 0.8943861148437499 0.4038100347222222 0.014345882812500044 0.08331238611111111
4 0.11620165078125 0.1354534666666667 0.04112486406250001 0.09521415555555555
4 0.348286175 0.4760707777777778 0.021997020312499994 0.013602022222222211
4 0.34685158671875 0.4970405805555556 0.015302274999999987 0.030604550000000015
4 0.6305812886718749 0.4188289520833334 0.015302275781249985 0.04080606805555552
4 0.79109575859375 0.5378466472222223 0.02199702031249995 0.010201516666666618
4 0.42830431171875 0.49449020138888894 0.010520314062500003 0.035705308333333366
4 0.34828616015625 0.4471664805555555 0.02199702031250004 0.013602022222222211
3 0.1367640828125 0.6319273180555556 0.017215059374999987 0.11221668333333336
3 0.08990086562499999 0.639861813888889 0.02486619687499999 0.11221668333333336
3 0.12050541562500001 0.6356111819444444 0.030604549999999998 0.12751895833333332
3 0.23383788984375 0.6279600444444444 0.014345882812499999 0.07481112222222223
3 0.26444243984375 0.6262597916666667 0.02390980468749997 0.07821162777777783
3 0.78631379765625 0.6126577694444445 0.020084235937499972 0.07821162777777783
3 0.8212221124999999 0.6186086541666667 0.011476706249999857 0.06290935277777779
4 0.7187287296875 0.5622169277777778 0.010520314062500003 0.01360202222222229
4 0.9662749109375 0.5763856930555555 0.00956392187499997 0.013602022222222211