4 0.673725415234375 0.3768303659722223 0.01261801328125003 0.026510573611111077
4 0.6470555253906249 0.37734018333333336 0.01204446640625001 0.023451661111111043
4 0.727351969921875 0.37835982152777775 0.03039793984374999 0.02141238472222216
0 0.764739998046875 0.415842113888889 0.016059288281249983 0.023451661111111122
0 0.78940247734375 0.41839120902777777 0.014912196875000028 0.022432023611111164
0 0.810623680859375 0.4250188513888889 0.01835347265625007 0.02549093611111112
0 0.8582280015624999 0.4301170368055555 0.02523602500000006 0.03772658472222222
0 0.3707138703125 0.42501885 0.049324957812499994 0.049962233333333314
0 0.029448003515624998 0.42756794722222224 0.058896007031249996 0.06933534444444445
0 0.97895944296875 0.4454115993055555 0.04072176874999993 0.04996223194444443
0 0.6553400773437501 0.42792553125 0.02466247968749995 0.036706945833333296
0 0.680576103515625 0.41518006388888895 0.01548574296874996 0.019373111111111126
0 0.630104051953125 0.4467888236111111 0.029250847656250033 0.06831570555555559
0 0.52084353046875 0.4136506076388889 0.01720637968750003 0.02447129583333331
0 0.5274393109375 0.4554557402777778 0.04416304531249997 0.06525679444444445
0 0.4979016894531251 0.4218077083333333 0.027530210156249967 0.03874622222222225
0 0.715849183984375 0.438631725 0.057354603906250023 0.09482627777777772
0 0.586514553125 0.48196631319444444 0.09119382031249997 0.1325528625
0 0.447142865234375 0.4207880701388889 0.03154503203125003 0.03670694583333337