0 0.250656024609375 0.45669900069444447 0.07562561171874997 0.0928644375
0 0.035084046875000004 0.48649878472222224 0.07016809375000001 0.094250475
0 0.09277781406249999 0.4740244569444444 0.0686088046875 0.08039011111111109
0 0.143064946484375 0.4566990013888888 0.052236246093749994 0.06514371388888891
0 0.485719138671875 0.39086227222222225 0.03430440078124999 0.03326487500000002
0 0.467007648046875 0.3922483097222222 0.018711491406249968 0.019404511111111116
0 0.8579998625 0.3520532520833333 0.1099300156249999 0.08593425694444443
0 0.951557319921875 0.33680685069444444 0.09277781328124987 0.07761803472222223
4 0.977675443359375 0.2584957930555556 0.017152202343750034 0.04296712777777777
4 0.516904959765625 0.2806723763888889 0.017152200781250036 0.026334691666666684
4 0.520803187109375 0.3312627076388889 0.014033619531249996 0.027720731944444427
4 0.20153835937500003 0.40195056458333334 0.016372556250000003 0.016632437500000048
5 0.33017986484375 0.3430440152777778 0.0070168093749999995 0.020790547222222244
5 0.41750015859374995 0.33195572291666664 0.007016809374999955 0.01801847083333333
4 0.43192360039062494 0.3534392888888889 0.0077964554687500074 0.022176583333333333
4 0.444787751171875 0.34997419722222217 0.008576100781250063 0.023562619444444426
4 0.45999083828125 0.3506672159722222 0.012474328124999979 0.02494865694444444
4 0.470126229296875 0.32987666944444444 0.007796453906250012 0.019404511111111116
4 0.482600557421875 0.3638345604166667 0.006237163281249991 0.01247432638888889
0 0.34109490234375 0.41858300000000004 0.03040617499999998 0.044353166666666666
0 0.363704621875 0.42551318472222227 0.013253973437499988 0.03603694722222228
0 0.37929752968749997 0.4234341270833334 0.0101353890625 0.026334690277777798
0 0.39060238945312503 0.42412714722222217 0.007796455468749963 0.022176580555555603
0 0.4389404109375 0.41581092708333334 0.009355746875000025 0.011088290277777762
0 0.42724572773437497 0.41511790902777773 0.006237164843749987 0.01801847361111118
0 0.314976778125 0.4379875097222222 0.014033618749999999 0.013860363888888906
4 0.5285996421875 0.2938397222222222 0.010915037499999957 0.011088291666666687
4 0.19179279101562502 0.37145776111111106 0.018711491406249992 0.005544147222222209
5 0.03625351484375 0.31393725 0.0070168093749999995 0.03742298333333333