4 0.6243644253906251 0.4427793861111111 0.012672502343750036 0.022528891666666655
4 0.770585601953125 0.41245203125 0.018521349218749972 0.027727868055555563
4 0.515185946484375 0.476572725 0.010722886718749968 0.010397950000000043
5 0.50836229140625 0.4098525430555556 0.006823654687500014 0.01906290833333336
5 0.5551530679687501 0.40638655902777776 0.006823654687500014 0.025994873611111143
5 0.5146985429687501 0.41245203055555557 0.003899232812500042 0.017329916666666632
5 0.5634389351562501 0.40638655902777776 0.005848846875000024 0.025994873611111143
5 0.54832941328125 0.40552006319444445 0.004874039062500035 0.02772786527777779
5 0.52103479375 0.4393134027777778 0.006823654687500014 0.015596924999999985
0 0.119901365234375 0.7356549881944444 0.23980273046875 0.44884485694444437
0 0.5151859464843749 0.602214625 0.11015328671875002 0.1577022472222222
0 0.8841507164062499 0.7200580624999999 0.22810503593749995 0.5043005916666666
0 0.75352646484375 0.6290759965277778 0.18131425937499995 0.22182294027777777
0 0.6633567390625 0.5918166736111111 0.09455636093750001 0.1473042944444444
0 0.61266673125 0.5788192368055556 0.053614431250000025 0.1039795041666667
0 0.581960284375 0.5597563277777777 0.05069000937499997 0.06585368611111109
0 0.486429115234375 0.5562903437500001 0.06823654921874996 0.10744548749999999
2 0.666281162890625 0.49650212986111114 0.07311058828124999 0.05372274305555559
2 0.368477366015625 0.5051670881944444 0.02144577265625003 0.03639282638888896
2 0.39284756210937505 0.5103660631944444 0.02534500390625003 0.039858809722222256
2 0.420629585546875 0.5146985423611111 0.02047096484375004 0.027727868055555563
2 0.461084111328125 0.5034340965277778 0.06043808671874995 0.04332479305555555