5 0.500498309375 0.34617163055555555 0.006591792187500012 0.025781233333333296
5 0.43523956484375 0.32273414652777777 0.007910150000000015 0.03515622638888887
4 0.37063999921875 0.3332810138888889 0.036914037499999976 0.018749986111111106
4 0.331748425390625 0.36257786805555553 0.017138660156249985 0.016406236111111108
5 0.340317755078125 0.3285935166666667 0.01054686953124997 0.028124980555555564
4 0.90984861328125 0.18093736875 0.0421874703124999 0.1828123736111111
6 0.8788671898437499 0.5617964805555555 0.08833001718749997 0.14765614722222226
3 0.089829646484375 0.4574996770833334 0.02636716953124999 0.05156246527777779
3 0.20584519140625002 0.45984342638888887 0.02109373593749999 0.06093745833333328
0 0.35152380234375 0.47507779236111114 0.061962848437500016 0.09609368472222223
0 0.323838274609375 0.46687467152777773 0.043505830468749986 0.04218747083333333
0 0.25132855859375003 0.47039029375 0.09360345156249998 0.06328120416666662
0 0.27176311484375 0.5254683819444443 0.16347645000000002 0.1593748916666667
0 0.147837418359375 0.5407027458333333 0.12919913046874998 0.16171863888888885
2 0.677817523046875 0.40124971805555554 0.18984361953125006 0.3609372527777778
0 0.0502788921875 0.5453902416666666 0.10019524375000002 0.2460935805555555
0 0.49917995078125 0.5711714756944444 0.34936499218750006 0.4664059291666666
0 0.9751073585937501 0.7574994729166666 0.048779264062500084 0.15937489305555558
4 0.9388525 0.4317184465277778 0.013183584375000024 0.03749997638888887