5 0.26232124414062497 0.25838593958333334 0.00839088359375002 0.037292815277777794
4 0.26052319765625 0.3143251638888889 0.023973953124999968 0.01065509166666665
4 0.14005408359375 0.32764402708333334 0.007192185937500017 0.03942383472222224
4 0.6194591328125 0.27056318333333335 0.020977209375000073 0.02450670833333331
4 0.6188597851562501 0.3281006722222222 0.022175906250000033 0.011720597222222216
4 0.630547086328125 0.3169128263888889 0.01798046484375 0.01065508888888888
5 0.5371226867187501 0.23867402222222225 0.008990231250000046 0.04688239722222222
5 0.5488099898437501 0.24080503888888888 0.013185674999999985 0.04262036111111114
5 0.6315201273437501 0.3766574409722223 0.011986976562500029 0.020244673611111114
3 0.631917021484375 0.44994925 0.015583069531249993 0.06393054166666666
4 0.78772416484375 0.25273874236111116 0.042553767187500036 0.025572215277777803
5 0.81049942109375 0.33478293819444443 0.026970696875000044 0.0383583263888889
0 0.093904223828125 0.5927782006944444 0.18699683515625 0.48018942361111117
0 0.154631998046875 0.4160812777777778 0.031166139843749985 0.04048934444444438
0 0.11207823124999998 0.4166140298611111 0.023973953124999992 0.030899759722222184
0 0.251801417578125 0.45695116458333335 0.10848213828124997 0.1299921013888889
0 0.40283732265625005 0.47666307986111106 0.16841701875000004 0.2780978569444444
0 0.325221649609375 0.43510822777777775 0.014384372656249988 0.05647197500000003
0 0.8399601425781251 0.4886478888888889 0.27570046328125003 0.2610497111111111
0 0.5585931078125 0.44857930208333335 0.05214334843749997 0.07032359583333335
0 0.48846929531250005 0.43312941944444444 0.019778512500000022 0.03516180000000004
0 0.499257574609375 0.4421862472222222 0.016182417968749974 0.04262036111111105
0 0.51124455078125 0.4384569666666666 0.013785023437499965 0.050078925
0 0.52592859765625 0.4416534916666667 0.034762232812499946 0.058602997222222244
0 0.5310230636718749 0.44698103680555556 0.019778511718749937 0.054340959722222235
0 0.9726832203125 0.5617363576388889 0.052143348437500056 0.2685082763888889