0 0.04249067890625 0.3922483083333333 0.0834220671875 0.257802775
0 0.239740987890625 0.39640641805555554 0.011694682031250014 0.03880901944444446
0 0.304061740625 0.3915552909722222 0.014033618749999999 0.0180184736111111
0 0.323552878125 0.3894762361111111 0.012474328125000022 0.024948655555555553
0 0.352789583984375 0.3922483090277778 0.010135391406249994 0.01940450972222223
0 0.36604355703125 0.3894762361111111 0.013253973437500033 0.024948655555555553
0 0.28963829921875 0.3929413263888889 0.021050428125 0.026334691666666604
0 0.25884230234375 0.39779245486111103 0.028067237499999998 0.04435316805555555
0 0.34031525585937505 0.3936343458333333 0.02260971796875002 0.03880902222222223
0 0.37500948046875 0.39987150833333335 0.021830073437500007 0.03465090833333338
5 0.27482503515624995 0.3423509979166667 0.0070168093749999995 0.008316220833333353
5 0.261960884375 0.36383456249999996 0.0062371640624999895 0.012474330555555548
0 0.77223885703125 0.37769492638888885 0.0880999390625 0.0762320027777778
0 0.70129111796875 0.3880902 0.06782915781250001 0.06375767777777779
0 0.654122566015625 0.38739718055555555 0.04521943828124995 0.048511275000000055
0 0.6050049 0.3853181263888889 0.026507946874999976 0.03880901944444446
0 0.5668022710937499 0.38670416250000006 0.035863692187500004 0.03880901944444438
4 0.38046699921875 0.36383456180555557 0.007796456249999961 0.01801847361111114
0 0.536396096875 0.37908096250000006 0.028067237499999998 0.04019505555555559
0 0.51573549140625 0.3818530354166667 0.016372554687499985 0.02910676527777775
0 0.49897311328124994 0.38116001736111116 0.01559290937499993 0.02217658194444449
0 0.488837722265625 0.3867041631944444 0.017152200781250036 0.030492801388888876
0 0.96909934375 0.38323907152777775 0.06081234843749996 0.11504102361111114