5 0.1405143109375 0.31039378749999996 0.015546264062500014 0.021259849999999976
5 0.10523624960937501 0.4071260972222222 0.011958664843749989 0.019133863888888904
5 0.35457440937499995 0.23917329513888888 0.017937996874999973 0.044645681944444446
5 0.343213677734375 0.24661424166666665 0.011958664843750012 0.038267727777777774
4 0.12795771250000001 0.3348426125 0.047834659375 0.019133863888888904
4 0.41520483554687504 0.3454725361111111 0.016742130468750015 0.023385833333333356
0 0.30853355039062497 0.42625996111111114 0.011958664843749967 0.019133863888888904
0 0.303152150390625 0.42944893819444446 0.013154532031249966 0.02551181805555558
0 0.29537901914062503 0.4305119305555556 0.011958664843750012 0.023385833333333356
0 0.288801753125 0.4337009076388889 0.013154531250000013 0.02551181805555558
0 0.280430687890625 0.4368898861111111 0.010762797656250012 0.023385833333333356
0 0.27026582304687496 0.43795287708333336 0.014350397656250014 0.029763787500000027
0 0.3814814046875 0.5065158881944445 0.172204771875 0.26362212083333325
4 0.397027669140625 0.2418307763888889 0.06457678984374997 0.027637805555555537