4 0.34218223984375 0.01169291736111111 0.287007953125 0.02338583472222222
4 0.6913752511718749 0.2742520465277778 0.06936025546874998 0.12330712083333333
4 0.1508784828125 0.3011811805555556 0.0203297296875 0.055275605555555565
4 0.49887562734374996 0.3245670131944444 0.015546264062500014 0.05527560694444445
4 0.599926343359375 0.3458268611111111 0.019133861718750023 0.025511819444444465
0 0.037470480859375 0.39685049652777776 0.07494096171875 0.17858272361111108
0 0.10782729140625 0.3617717472222222 0.041855328125 0.0361417416666667
0 0.201104874609375 0.3635434090277778 0.027504928906250024 0.02551182083333335
0 0.27883619648437497 0.3933071958333334 0.07773132109374999 0.09779530277777779
0 0.31949565703125 0.36673238402777775 0.029896662499999983 0.03614174027777774
0 0.34281505234375 0.36779537638888893 0.009566931250000011 0.021259849999999938
0 0.35895925078125 0.3784253 0.029896664062499977 0.04251969722222218
1 0.381082780078125 0.3596457625 0.031092528906250028 0.05314962222222227
1 0.417869911328125 0.35838029583333336 0.026309061718749936 0.034015752777777825
0 0.43580790898437505 0.3743251819444445 0.01435039921875001 0.023385830555555504
0 0.4507562375 0.3741732972222222 0.013154529687500017 0.01700787777777772
0 0.411890578515625 0.392851625 0.04305119296875 0.06165356111111109
4 0.34850965507812504 0.31191234444444443 0.023917327343749982 0.019437583333333328
4 0.337148924609375 0.2947526041666667 0.010762797656249967 0.010629924999999969
2 0.467185165625 0.36814968541666665 0.023917329687500023 0.03188977083333333