2 0.15077322109375 0.683848904861111 0.027835054687500006 0.03711340972222222
0 0.1090206359375 0.7116839611111112 0.0185567046875 0.018556702777777743
0 0.07480671328124999 0.7158076729166666 0.040592790625 0.03092784027777774
0 0.026095364453125 0.7261169527777778 0.04291237890625 0.03505155277777779
0 0.223260346875 0.6900344715277777 0.008118557812499993 0.024742270833333337
0 0.201224259765625 0.6993128243055555 0.03595361328125 0.04329897638888885
0 0.251675299609375 0.6714777666666666 0.02551546953125001 0.012371133333333341
0 0.27951035546874997 0.6786942645833334 0.0208762921875 0.03092784027777782
0 0.16237116171875 0.7137458145833334 0.05103093593750001 0.06804124305555562
0 0.2505155046875 0.7116839611111112 0.06030928750000002 0.08041238611111107
0 0.32764180585937497 0.6920963284722222 0.054510316406250016 0.07010310416666662
4 0.321262940234375 0.6261169368055556 0.016237116406249984 0.028865984722222196
4 0.293427883984375 0.6438881743055556 0.009278352343750029 0.016494848611111085