3 0.619346077734375 0.4785498145833333 0.007456097656250016 0.061178240277777796
3 0.625368309765625 0.48211854583333336 0.008029644531250036 0.06423715555555552
3 0.6546191593749999 0.4877265513888889 0.013765104687499984 0.06729606944444444
6 0.6460159675781251 0.49843274305555557 0.009176735156249994 0.03160876111111111
3 0.66465621484375 0.48925600694444443 0.017779928124999955 0.07239425555555559
3 0.6898922390625 0.5009818374999999 0.01777992500000005 0.07341389166666666
3 0.7234446828125 0.5070996618055555 0.018353471874999982 0.11827793472222226
3 0.771335778125 0.5203549472222223 0.025809571874999993 0.12031720833333337
3 0.762732585546875 0.5274924111111111 0.01892701640624992 0.12235649166666668
3 0.804601447265625 0.5432967895833334 0.032692124218749896 0.13969032361111108
3 0.9336493070312499 0.5376887840277778 0.020074114062500037 0.06117824305555557
3 0.954870509375 0.5065898465277777 0.010897375000000053 0.025490940277777777
3 0.9603191964843749 0.5050603868055555 0.010323827343749948 0.03670694583333337
3 0.8318448835937499 0.5815331916666666 0.059648784374999944 0.20800603055555555
3 0.711353915234375 0.5169959902777778 0.029824394531250055 0.13459213333333334
4 0.179389965625 0.23098770069444446 0.022368295312499998 0.08259062916666665
4 0.176235464453125 0.2952248576388889 0.02179475234374999 0.052001509722222235
4 0.41970575624999995 0.3875020423611111 0.010897374999999964 0.01835347083333332
4 0.6373664773437501 0.21365386666666666 0.03670694531250005 0.13561178055555556
4 0.551621343359375 0.3069506875 0.01892701953125 0.05709969444444446
0 0.447158005859375 0.4353851694444444 0.01548574296875005 0.0387462194444444
0 0.46780566445312505 0.44354226805555547 0.012044469531250001 0.018353469444444433
0 0.48214431523437506 0.4450717236111111 0.013191558593749963 0.021412380555555582
0 0.492181369140625 0.45526809791666667 0.00917673671874999 0.025490934722222233
0 0.49791682890625 0.4552680993055555 0.011470918749999993 0.03364803472222222
0 0.504512609765625 0.4552681006944444 0.01548574296874996 0.043844409722222207
0 0.51053484375 0.4567975576388889 0.013765106249999982 0.036706951388888916
0 0.32413238046875004 0.43436553333333333 0.10209119531249997 0.16110270833333334
0 0.24383996210937503 0.4512094659722222 0.12618012890625 0.19475074583333335
0 0.12453790507812501 0.46397484652777776 0.24907581015625002 0.2722431875
2 0.37496916484375004 0.40177696527777773 0.07972289843750002 0.17333835833333333
2 0.5508909699218749 0.4287575263888889 0.08144353828125003 0.15600452222222225
2 0.42843888867187496 0.42875752777777776 0.026956660156250044 0.05811933055555553
0 0.42098279101562497 0.4369146263888889 0.028103753906249994 0.043844408333333404
0 0.579364394140625 0.4802691319444444 0.08488481328125 0.13051358611111114
0 0.926433678515625 0.7336689381944445 0.14568068984375007 0.44150299305555557
4 0.8677726781249999 0.21044132013888886 0.03573531874999993 0.07147063749999999
4 0.8610723058593749 0.28191195694444443 0.04615811953124993 0.07676475833333332