0 0.0430376484375 0.6367446680555555 0.0841625125 0.2771412055555556
3 0.05642714023437499 0.5109259611111111 0.024866196093749997 0.11051643611111106
3 0.24627098867187497 0.49222318055555553 0.01052031484375 0.059508847222222196
3 0.290265028515625 0.4811715361111111 0.008607528906249984 0.03400505277777776
3 0.537492409765625 0.47011989375 0.011476707031250033 0.05270783749999997
0 0.38494785585937497 0.5058252041666668 0.10042117890624995 0.16492452222222223
6 0.9496974429687499 0.5568327868055556 0.0994647890625 0.2635391819444445
6 0.9611741500000001 0.5933882194444444 0.07459859062500004 0.2176323583333334
6 0.9889095234374998 0.6647988381944445 0.021040628125000006 0.13942072916666667
0 0.43171544375000004 0.4599183763888889 0.017215059375000053 0.03230480277777777
0 0.44845230546875003 0.4573679958333333 0.023909804687500015 0.017002527777777724
0 0.45227787500000005 0.4760707777777778 0.041124864062499975 0.040806069444444405
4 0.49818469960937495 0.38850775902777773 0.010520313281250004 0.022103287500000037
3 0.48058707578124993 0.4696948298611111 0.014345882812499955 0.05100758194444444
4 0.5168616640625 0.4475308208333333 0.011476706250000034 0.039105813888888875
4 0.21566643828125 0.41401155277777774 0.020084235937499972 0.03570531111111113