0 0.6264368835937499 0.36257890624999994 0.01338949062500001 0.013602020833333325
0 0.607787235546875 0.36682953958333336 0.01625866640625002 0.01190177083333334
0 0.604918058984375 0.3787313069444445 0.016258666406249934 0.02210328611111115
0 0.583877431640625 0.3858097298611111 0.027735374218749963 0.0532626597222222
0 0.5523164890625 0.35747814722222226 0.023909804687500015 0.020403033333333317
0 0.5264939003906249 0.3583282722222222 0.02582258828125008 0.01870278055555556
0 0.48823821289062497 0.3651292840277778 0.02964815859374994 0.011901768055555569
0 0.41363962265625 0.37873130624999995 0.023909804687500015 0.018702779166666676
0 0.44806974140625 0.3965839604166667 0.056427139062500055 0.08501263749999997
0 0.25344393046875 0.38553231736111115 0.007651137499999993 0.018702779166666596
0 0.26922440156249994 0.3880826965277778 0.027735375000000007 0.023803537499999944
0 0.11954902304687501 0.3923333298611111 0.055470747656249986 0.04930733194444446
0 0.16497765156250002 0.38978294930555557 0.09659561093750002 0.05100758194444444
0 0.37299295390625 0.38383206527777786 0.028691765624999997 0.015302274999999968
2 0.21040628203125 0.3719302958333333 0.08033694375 0.05950884722222227
2 0.325173345703125 0.3506771361111111 0.08607529921874998 0.08161213333333335
2 0.41172683710937497 0.3651292840277778 0.037299294531249985 0.04250632083333331
2 0.60635264765625 0.35237738888888887 0.015302274999999987 0.020403033333333317
2 0.0449504328125 0.3400505541666667 0.089900865625 0.16662477222222224
0 0.01578047109375 0.39785914861111105 0.0315609421875 0.0663098583333333
0 0.32055078671875 0.4066437916666667 0.08320612031249999 0.0867128916666667
0 0.621017337109375 0.3800064958333334 0.021040628906250004 0.028904297222222177
0 0.5244217265625 0.46586926250000005 0.14537161406249996 0.20403033611111118
2 0.8061784308593749 0.3231496958333333 0.32527568046874994 0.4634646944444444