4 0.5141600007812499 0.33223079305555553 0.008735617187500022 0.025513550000000034
4 0.515407946484375 0.35552577500000004 0.008735617968749932 0.01885784166666665
0 0.027877276953124995 0.4218979798611111 0.05366165234375 0.02884140694444442
4 0.01976563203125 0.30671724305555553 0.016223289062499997 0.04326210555555557
0 0.4465629546875 0.4032250180555555 0.014975343750000026 0.029950688888888917
0 0.544884151171875 0.40100644930555557 0.031198633593750014 0.0443713902777778
0 0.559547511328125 0.41265394097222224 0.02932671796874997 0.047699245833333334
0 0.5901221718749999 0.41376322499999996 0.050541787500000004 0.07210351111111114
0 0.6094653261718751 0.42208286111111115 0.05303767890625002 0.07099422777777775
0 0.4659516082031249 0.4098807298611111 0.034318497656250016 0.05546424027777779
0 0.509005723046875 0.43151177986111106 0.07425275078124996 0.09650777638888894
0 0.6609430722656249 0.4265199965277778 0.08548425859375 0.08430563750000002
0 0.824423919140625 0.4370582055555556 0.17908016171875002 0.17415771111111114
4 0.9760804828125 0.20022590416666664 0.03806233437499991 0.03438783055555557