0 0.483108251953125 0.5315236465277777 0.00860318984374997 0.01631419861111109
0 0.489130486328125 0.5376414708333334 0.008029644531250036 0.018353472222222205
0 0.49572626523437496 0.5366218333333332 0.010897374218749967 0.024471297222222275
0 0.50576332109375 0.5376414701388889 0.01491219687499994 0.028549845833333306
0 0.522969701953125 0.5427396583333334 0.02523602578124997 0.02854984722222219
0 0.536734807421875 0.5442691138888889 0.022941841406250062 0.03976585833333341
0 0.579750759765625 0.5488574819444445 0.07456098515624995 0.08361026666666665
0 0.655563112890625 0.5783342687499999 0.08603190703124994 0.12235648750000003
0 0.446010257421875 0.5345825583333333 0.008029644531250036 0.01631419722222221
0 0.43712029414062503 0.5345825604166666 0.010897374218749967 0.01835347361111109
0 0.42909064921874995 0.5366218333333334 0.010897374999999964 0.0203927472222222
0 0.419913912109375 0.5366218333333334 0.01204446640625001 0.0203927472222222
0 0.40901653789062503 0.5356021965277777 0.016632835156250005 0.036706945833333296
0 0.3961117515625 0.5391709284722221 0.018353473437500024 0.03568730972222222
0 0.38005246328125 0.5417200215277779 0.025236024999999974 0.040785495833333366
0 0.36083867109375 0.5447789333333333 0.02810375624999999 0.04078549722222225
0 0.3314574765625 0.5430640819444444 0.0401482234375 0.0703549805555556
0 0.3001992171875 0.5532604555555556 0.045310137500000014 0.07851207777777773
0 0.25921674218749996 0.5705407076388889 0.05959665468749997 0.12734750694444444
0 0.7742871515624999 0.6087235277777777 0.2202416796874999 0.20188820555555556
0 0.1187240296875 0.6026057034722222 0.2351538765625 0.21412385416666666
0 0.460461883203125 0.5349697618055557 0.014338650781250007 0.01835347361111109