0 0.68414261015625 0.3560950493055556 0.0047493406250000095 0.023219001388888886
0 0.671081922265625 0.35820586597222226 0.023746707031250036 0.031662276388888896
0 0.674050259765625 0.38881273125000004 0.008311347656250056 0.016886545833333284
0 0.660989571875 0.38775732291666665 0.022559370312499993 0.023219001388888848
0 0.66455157734375 0.4067546895833333 0.02968338125000001 0.023219001388888928
0 0.64317954296875 0.40675468888888894 0.020184700000000076 0.03166227499999997
0 0.63783653359375 0.41308714375000005 0.016622693750000028 0.03166227638888894
0 0.62002650390625 0.41730878055555554 0.026121376562499955 0.04010555000000006
0 0.6051848132812501 0.43208450694444445 0.029683382812500003 0.04854882222222222
0 0.585593780859375 0.4521372819444445 0.030870716406250054 0.050659641666666665
0 0.5660027304687499 0.4648021902777778 0.04630607812499994 0.06754618333333329
0 0.542256025390625 0.4837995548611111 0.04630607578125003 0.07176782361111114
0 0.507229633203125 0.5017415111111111 0.042744069531249984 0.0907651861111111
0 0.463298227734375 0.5281267395833333 0.09261215390624997 0.12242746249999996
0 0.675593781640625 0.4943536555555555 0.06411610546875002 0.11820582499999996
0 0.69162280859375 0.40147764999999996 0.013060689062499974 0.02532981944444441
0 0.7023088261718751 0.34343014791666665 0.010686016406249976 0.018997365277777768
0 0.8269790312499999 0.5091293833333334 0.09854882656250004 0.13087073055555554
0 0.72213733984375 0.38839056805555555 0.014248023437500024 0.025329819444444488
0 0.735198028125 0.4126649777777778 0.02137203750000003 0.04432718333333333
0 0.7565700640624999 0.43588397847222227 0.04274407031249998 0.06121372916666661
0 0.772599090625 0.45277052638888887 0.046306078125000025 0.06965700277777781
0 0.78269143828125 0.4865436180555556 0.04274407187499998 0.08232191388888886
4 0.8171241640624999 0.38205811180555554 0.01187335312499993 0.02110818194444448
4 0.8189051660156249 0.40844334236111113 0.013060688281249889 0.01899736527777773
6 0.7003523421875 0.45068843611111115 0.021040628125000006 0.03230480277777777