4 0.6712760960937499 0.12826292708333334 0.19007331718749992 0.10447400694444443
4 0.91139287109375 0.2980331888888889 0.025710401562499995 0.042442566666666674
4 0.698071807421875 0.4489117534722223 0.032138000781250044 0.05223700416666672
4 0.289733638671875 0.45544137847222227 0.02717573203125001 0.016324062500000024
5 0.32113897265625 0.4513603638888889 0.005509371875000025 0.02448609444444448
5 0.45034739375 0.4402444548611111 0.00572800156250004 0.029461048611111096
5 0.4564251945312501 0.4419157277777777 0.004591143750000004 0.019588875000000013
5 0.44448822343749994 0.4419157277777777 0.004591143750000004 0.026118502777777764
5 0.251900703515625 0.4339480305555556 0.009182285156250015 0.027750908333333355
5 0.239963732421875 0.43231562430555553 0.007345828906250018 0.024486095833333367
5 0.248839946484375 0.47094923888888884 0.005509372656250022 0.019588875000000013
5 0.23782120468749998 0.506862179861111 0.0128552 0.016324062500000024
4 0.560185025 0.45334258541666667 0.011936971875000068 0.016324062500000024
3 0.5585890507812501 0.5563785229166668 0.027546857812499947 0.10284160138888888
2 0.43110832109375 0.5003325534722223 0.021119257812499993 0.029383315277777752
2 0.39551548828125 0.49298672569444446 0.02387394374999996 0.029383315277777752
2 0.53572079375 0.5295992729166668 0.031219771875000024 0.10447400694444448
2 0.5898962808593751 0.5315814819444444 0.09182285859375003 0.1443513694444444
3 0.8664749269531249 0.5133918055555556 0.019282800781249953 0.04733978333333329
3 0.7930166398437499 0.5174728194444445 0.02479217187499998 0.04897219166666665
0 0.66204281015625 0.5648126076388889 0.10926920156249995 0.14038694861111117
0 0.74330603984375 0.5982769368055555 0.16160823124999996 0.1583434180555556
0 0.8925409132812501 0.6379988159722222 0.21058769375000005 0.23016929861111113
0 0.343027941796875 0.5309146659722223 0.01330041484375002 0.030148506944444462
0 0.3264998265625 0.5369248895833334 0.027101642187500018 0.0361865541666667
0 0.13756734648437502 0.5744702381944445 0.15977177265625003 0.1792910875
0 0.46032469335937504 0.5098533770833333 0.013773428906250018 0.021221281944444413
3 0.5148852046875 0.5197581909722222 0.00734582968750006 0.029383315277777832
2 0.4900930328125 0.5101269916666666 0.04223851406249999 0.08325272499999999
0 0.404238659765625 0.6056227652777777 0.13865251640624998 0.19915357777777778
4 0.150422546484375 0.4747566409722222 0.014691657031250017 0.022853690277777852
3 0.22457247617187498 0.54207551875 0.009182285156250015 0.031015720833333343