4 0.07092852109375 0.39086100277777786 0.047030775000000004 0.06933534166666667
4 0.073222705078125 0.4377643236111111 0.01950056484374999 0.03670694722222218
4 0.7092852609375 0.3589123645833333 0.05276623593750003 0.0734138930555556
4 0.705843984765625 0.4149924222222222 0.022941841406250062 0.038746222222222175
4 0.6404597367187501 0.42111024722222223 0.016059289062499982 0.026510574999999963
4 0.603179243359375 0.4353851680555555 0.012618011718749943 0.030589116666666645
0 0.90983519609375 0.6501887875 0.17779926874999993 0.3405588916666667
2 0.269948995703125 0.5254531416666667 0.07111970859375001 0.08157099166666665
0 0.05926642109375 0.5723564611111112 0.1185328421875 0.17537763055555552
0 0.380916503515625 0.51622785625 0.008029644531250036 0.02447129861111108
0 0.3740339515625 0.51520821875 0.012618014062499983 0.022432023611111084
0 0.35682756953125 0.5162278569444444 0.019500564062499982 0.02854984722222219
0 0.343636012109375 0.51724749375 0.016059288281250028 0.030589120833333303
0 0.3356063671875 0.5243849555555555 0.02064765781250002 0.040785497222222175
0 0.315532255078125 0.5284635034722223 0.030971485156250013 0.048942593055555504
0 0.4966089359375 0.5131689423611111 0.03326567031250001 0.046903320833333276
0 0.504638580078125 0.5203064055555555 0.030971485156250013 0.0448640444444444
0 0.5063592187499999 0.5203064069444444 0.025236024999999974 0.03670694722222218
0 0.5235656007812499 0.5243849555555556 0.029824395312499963 0.05302114444444447
0 0.5476545335937499 0.528463504861111 0.048177867187500036 0.06117824305555557
0 0.57706924921875 0.5404078208333333 0.05620751249999998 0.06525679722222222
0 0.39582870156250005 0.5118579729166667 0.01950056562500002 0.01631419861111109