4 0.52249700546875 0.48697067499999996 0.011697695312499956 0.02079590000000001
4 0.30121562500000004 0.49043665833333333 0.009748078125000026 0.024261883333333383
4 0.35385524765625 0.49390264166666664 0.007798462500000003 0.013863933333333339
0 0.06287510625 0.5874841951388889 0.1257502125 0.1975610569444444
0 0.13988492578125 0.5727537645833333 0.03801750625 0.07105265972222223
0 0.1764402203125 0.5684212861111111 0.054589239062499996 0.06931966944444447
0 0.25198782734375 0.5554238486111112 0.047765584375 0.04332479444444443
0 0.284643891015625 0.5536908562499999 0.02729461953125001 0.03639282638888888
0 0.30950149101562496 0.5450258972222222 0.038017505468749976 0.046790777777777806
0 0.32558582109375 0.5432929076388889 0.0116976953125 0.02946086250000006
0 0.3538552484375 0.5441594034722222 0.023395387499999965 0.027727870833333335
0 0.396259389453125 0.5354944430555556 0.030219042968749978 0.03812581666666664
0 0.7730226222656251 0.6004816333333333 0.18521349140625007 0.16810019722222216
0 0.9787070773437498 0.5389604284722223 0.0409419296874999 0.13170737083333328
0 0.9319162999999999 0.5242299972222223 0.11697694062499994 0.1195764277777778
0 0.7969054140624999 0.5138320465277778 0.13354867500000003 0.09531454305555553
0 0.9782196734374999 0.4722402458333333 0.04191673749999989 0.046790777777777806
3 0.906083893359375 0.4427793847222222 0.014622117968750103 0.036392825
0 0.66774337421875 0.5753532534722222 0.09553116875 0.11437745416666666
0 0.617053366796875 0.5649553027777777 0.06628693203124998 0.10051351944444444
0 0.56733816640625 0.55629034375 0.04289154531250006 0.05545573472222224
0 0.538093930078125 0.5519578652777778 0.017546541406249984 0.04332479444444443
0 0.522497005078125 0.5424264104166666 0.027294619531249963 0.045057784722222195
0 0.50153863671875 0.5450258986111111 0.014622117187500016 0.02599487777777772
4 0.5371191234375001 0.4939026416666667 0.009748078124999981 0.02079590000000001
2 0.482529883984375 0.5276959805555556 0.040941930468749985 0.029460858333333326
0 0.45426045625 0.5276959805555556 0.015596925000000006 0.01906290833333328
0 0.43208418203125004 0.5221560402777778 0.008397506249999954 0.01919430000000004
0 0.43808240078124994 0.49976269027777775 0.008397506249999954 0.017061600000000017