0 0.33424468046875 0.49535446666666666 0.022721465625000013 0.021259847222222246
0 0.3007604171875 0.5017324222222223 0.037071859374999995 0.017007877777777795
0 0.26787409023437503 0.5059843909722223 0.02630906171874998 0.021259848611111132
0 0.197317968359375 0.5283072340277777 0.11001971484375002 0.1084252263888889
0 0.056205723828125 0.5102363604166666 0.11241144765625 0.14031499861111107
0 0.39403800312500004 0.4911024972222222 0.013154531250000013 0.021259850000000018
0 0.45203752734374997 0.4974804534722222 0.011958665625000009 0.02125984583333336
0 0.45861479296874996 0.5070473833333333 0.015546264062500014 0.023385833333333356
0 0.47655278984375 0.5166143159722222 0.02750492812500003 0.04251969861111115
0 0.530366781640625 0.4985434472222222 0.010762797656250012 0.023385833333333356
0 0.5411295792968749 0.5070473847222222 0.025113196093750022 0.04889765000000005
0 0.5716241738281249 0.5219292770833333 0.03348426171875003 0.04464567916666663
2 0.56803657578125 0.5049214 0.04544292812500004 0.05740159166666672
0 0.508243249609375 0.5240552625 0.05740158984374997 0.07866143888888888
0 0.428120197265625 0.5208662840277777 0.047834658593749954 0.06377954305555554
0 0.9421036292968751 0.5765670833333334 0.11241144765625002 0.1700787861111111
0 0.721466266796875 0.5850710388888888 0.31451288359375 0.3656693916666666