0 0.3524105171875 0.5024998229166666 0.016874992187499993 0.018749993055555574
0 0.370867543359375 0.5053123243055555 0.02003905546875 0.031874990277777786
0 0.40989096640625 0.49687482569444447 0.020039056249999954 0.03374998750000005
0 0.38879722382812504 0.5006248243055555 0.028476552343750017 0.041249984722222244
0 0.321297248046875 0.5034373243055555 0.03480467421875 0.0506249819444444
0 0.285965229296875 0.5090623229166666 0.05273435546875001 0.050624984722222245
0 0.175223080078125 0.5165623180555555 0.02953123984375001 0.05062498055555551
0 0.11405122734374999 0.5240623159722222 0.09703121562499999 0.09937496249999996
0 0.0402231265625 0.5362498111111111 0.07804684531249999 0.209999925
0 0.21688322109375 0.5137498194444444 0.0685546625 0.07124997222222224
0 0.516097960546875 0.5812497958333334 0.17718743828125003 0.25499990833333336
0 0.889457205859375 0.647812275 0.21726554921874994 0.43687484722222225
5 0.42360189921874997 0.3599998743055555 0.022148429687500037 0.06749997916666671
4 0.5762151289062499 0.4078123569444445 0.01476562187499999 0.016874994444444506
4 0.688539308203125 0.2990623972222222 0.03480467421875 0.016874994444444427
4 0.6790471234375 0.31781238958333335 0.013710932812500066 0.02437499305555555
5 0.694340087109375 0.3478123777777778 0.010546869531250013 0.03187498888888886
4 0.7054143015625 0.3768748701388889 0.026367178125000022 0.011250001388888839