4 0.505242146484375 0.34403230208333335 0.011023186718749934 0.008709679166666678
4 0.41521945351562495 0.3407661729166667 0.00979838828125006 0.00653225972222222
5 0.43481622890625005 0.32770165486111114 0.004899193749999942 0.01959677638888889
0 0.44277741953125 0.36798391874999997 0.01592238125000005 0.02177419583333331
0 0.43359143203125 0.3658064986111111 0.012247984374999988 0.026129036111111108
0 0.36990190625 0.3810484361111111 0.012247985937499983 0.03919355277777778
0 0.35152992890625 0.37451617708333335 0.01959677812499998 0.026129034722222222
0 0.30927437812499997 0.38322585555555555 0.03796875468750001 0.03483871388888894
0 0.22843767539062498 0.3973790833333333 0.06491432265624997 0.06750000833333335
0 0.08636104296875 0.4213307006944444 0.1726965953125 0.17637099027777772
0 0.48993216328125 0.37125004791666666 0.012247985937499983 0.015241937500000012
0 0.46482379296875004 0.3668952090277778 0.013472784375000036 0.019596776388888848
0 0.47707177968750003 0.3712500479166667 0.013472784374999946 0.023951615277777765
0 0.402971468359375 0.40173392291666665 0.07348791171875 0.10669356249999996
5 0.457475003125 0.32116939652777776 0.006123992187499994 0.01959677638888889
5 0.472172585546875 0.3287903645833333 0.0036743960937499764 0.02177419583333331
5 0.491156962890625 0.3320564944444444 0.004899194531250028 0.019596777777777775
0 0.499730552734375 0.37016133819444447 0.00979838828124997 0.01741935694444439
0 0.5132033351562499 0.3766935972222222 0.02449597031249997 0.03919355277777778
0 0.5389241050781249 0.38431456527777785 0.036743957031249955 0.05879033055555559
0 0.61731121171875 0.35274198125 0.03674395625000004 0.03048387638888887
0 0.5799548578125 0.3952016631944444 0.07226311406249994 0.09362904305555553
0 0.6889619269531251 0.4278629583333333 0.19229337109375005 0.1937903472222222
0 0.821852569921875 0.39193553402777775 0.15187501953124993 0.1654838902777778
0 0.9179992546874999 0.3690726277777777 0.06246472500000007 0.0936290444444444
0 0.9608672054687499 0.4039113416666667 0.07226311406249994 0.1458871138888889