4 0.75450127265625 0.24955080902777776 0.08188385937499998 0.1455713041666667
4 0.47521882499999996 0.4956356333333334 0.012672501562499949 0.03465983333333335
5 0.31876216562500004 0.32666894027777776 0.029244235937499984 0.01906290833333332
5 0.45279824453124995 0.32580244444444445 0.03021904374999993 0.020795899999999968
5 0.620465194140625 0.17156618055555556 0.014622117968749926 0.08318360277777778
5 0.7744848328125 0.07191915555555556 0.024370196874999993 0.1265083972222222
4 0.6833403 0.42284998124999995 0.009748078124999981 0.034659834722222234
5 0.575136630078125 0.46790776597222217 0.013647310156250026 0.020795901388888892
5 0.8310236886718751 0.3491978333333333 0.04191673671874998 0.07798462777777782
5 0.8081157046874999 0.3595957826388889 0.00974807812500007 0.06065470972222222
4 0.954824285546875 0.14383831458333332 0.04776558359375009 0.04852376805555557
3 0.412343719140625 0.7451864423611111 0.22420580546875005 0.44364588194444443
3 0.659944911328125 0.5857512055555555 0.02144577265625003 0.10744548888888887
3 0.709660112890625 0.5788192361111112 0.027294619531249963 0.12477540277777774
3 0.613641538671875 0.5718872687500001 0.01852134921875006 0.09704753472222218
3 0.631188080078125 0.5805522284722222 0.022420580468750017 0.09358155416666665
3 0.54248056640625 0.5320284597222222 0.008773270312499993 0.017329916666666632
3 0.847595421484375 0.6039476166666666 0.04776558359375009 0.21662396666666664
3 0.9085209117187499 0.6056806083333334 0.037042698437499945 0.20969200000000005
3 0.8929239875 0.5978821444444444 0.03314346874999998 0.1871631083333333
3 0.807628301171875 0.6100130875 0.028269427343750042 0.15943523888888886
3 0.676029240234375 0.5398269236111111 0.014622117968749926 0.015596924999999985
3 0.5873217269531249 0.5450258979166667 0.016571733593749992 0.04679077638888892
3 0.59853201796875 0.5450258979166667 0.009748078124999981 0.06758667638888885
2 0.14768338828125 0.5233635013888889 0.1686417578125 0.22182294166666666
2 0.24370196093749996 0.5060335826388889 0.02924423437499999 0.07625163472222217
2 0.30706447109375 0.5069000784722222 0.056538854687499994 0.05372274305555559
0 0.286593506640625 0.5996151381944445 0.23200426796875 0.15250327361111107
0 0.514698542578125 0.5935496645833334 0.15986848671875 0.11264446250000001
0 0.37042698164062504 0.5554238479166668 0.058488471093750015 0.05025675972222222
0 0.971883422265625 0.5831517166666667 0.05069000859374988 0.09531454722222227
0 0.9021846609375 0.5822852208333333 0.10040520781249995 0.09704753888888891
0 0.77302262265625 0.5892171881944445 0.12672502031249994 0.09011557083333328
2 0.4152681421875 0.516431536111111 0.02339538750000001 0.017329916666666712