5 0.7379933390625 0.2356633513888889 0.020393943749999987 0.07464450277777779
5 0.2791296046875 0.10130325 0.03119073750000001 0.1172985
5 0.252137619140625 0.08530799930555556 0.02759180703124997 0.10236959861111113
5 0.7169995734375 0.2356633513888889 0.01919430000000002 0.07890990277777779
5 0.29232568632812506 0.46172955277777783 0.028791449218749987 0.036255900000000056
5 0.9149407937500001 0.5129143513888889 0.03359002499999999 0.044786699999999985
4 0.8933472046875 0.4425352513888889 0.040787887500000154 0.027725100000000048
4 0.29652443906250003 0.3636253520833334 0.027591806250000017 0.01492890138888888
4 0.318717846875 0.38601870138888883 0.011996437500000035 0.02132699999999998
4 0.727196545703125 0.5374404013888889 0.00839750703124995 0.025592399999999946
5 0.6408221953125001 0.54703755 0.0035989312500000815 0.01919430000000004
5 0.55924641953125 0.5417058013888889 0.0035989312499999926 0.017061599999999937
3 0.41888810039062496 0.5651655013888889 0.020393944531249986 0.051184799999999975
0 0.24553957890625 0.5502366013888889 0.04078788906249997 0.051184799999999975
0 0.21794777187500003 0.5438385027777778 0.028791449999999986 0.05545020000000002
0 0.18435774765625 0.5395731013888889 0.052784324999999986 0.07251179999999996
0 0.10038268515625 0.5406394513888889 0.12476295 0.08744070000000002
0 0.015207978124999999 0.5832934520833334 0.0263921640625 0.08744070138888883
0 0.5922366226562501 0.5523693013888888 0.00959715000000001 0.012796199999999973
2 0.621627894921875 0.5555683520833333 0.013196080468750005 0.0319905013888889
0 0.611430923828125 0.5523693020833333 0.009597149218750012 0.01706159861111113
0 0.580840006640625 0.5523693020833333 0.013196080468750005 0.01706159861111113
0 0.635423798046875 0.5768953506944444 0.014395725781250058 0.023459698611111118
0 0.645020948046875 0.5854261513888889 0.016795011718749996 0.023459700000000003
0 0.6858088359375 0.6014214013888889 0.01919429999999993 0.04265399999999996
0 0.5724425003906249 0.5843598020833334 0.022793230468750016 0.06398100138888892
0 0.544850696484375 0.5843598013888889 0.04438681796875006 0.0767772
0 0.490266904296875 0.585426151388889 0.07437791328125005 0.10876770000000001