5 0.352474138671875 0.42367599097222225 0.007003460156249997 0.03557313194444447
5 0.56808066484375 0.43345860277777776 0.006002965625000023 0.03379447499999999
5 0.563578440625 0.42990128958333335 0.005002471875000048 0.030237162500000005
4 0.301949175 0.4263439756944445 0.03401680624999996 0.019565220833333303
4 0.6005967312499999 0.44501987013888883 0.0310153234375 0.021343879166666666
4 0.63461353671875 0.4414625555555555 0.013006426562500017 0.035573130555555506
4 0.6331127957031251 0.47525703124999996 0.018008899218749975 0.010671937499999966
4 0.74366741875 0.45213449513888887 0.017008403125000005 0.01422925138888884
5 0.726158768359375 0.4201186777777778 0.010004942968750008 0.035573130555555506
3 0.362979328515625 0.5517392652777777 0.01200593203125 0.046245072222222204
3 0.33596598203125 0.5464032951388889 0.010004943750000005 0.03557313194444447
2 0.32996301601562494 0.5241700875 0.026012852343749993 0.055138352777777774
2 0.36097834023437503 0.5295060583333334 0.038018783593749994 0.06581029444444439
0 0.31545584765625 0.5455139666666666 0.015007414062500012 0.03023716111111112
0 0.30094868046875 0.5455139659722222 0.01600790937500003 0.04090909861111108
0 0.5510722625 0.5704151590277777 0.0720355921875 0.13339924305555556
0 0.7316614875 0.6513440333333332 0.2611290171875 0.3237154972222222
0 0.824707459375 0.5944270236111111 0.08504201718750001 0.1138340194444445
2 0.9327608460937501 0.61043493125 0.13306574374999994 0.2739131125000001
2 0.44501986328125 0.5375100125 0.11205536406250002 0.2667984861111111
0 0.22441086484375 0.5730831430555555 0.18509145 0.2703557972222222
0 0.024312 0.5668578451388888 0.0470232328125 0.15474312083333336
2 0.0818404234375 0.49482225416666664 0.1620800796875 0.2454546083333333