4 0.607094555859375 0.35179098680555554 0.031218747656249945 0.05699999305555556
4 0.44129769453125 0.33604098958333334 0.050624995312499976 0.05549999861111109
4 0.38476644843749996 0.32929098958333336 0.033749996875 0.05099999861111111
0 0.54391284296875 0.44429995902777775 0.016031245312499998 0.017999998611111085
0 0.5620534687500001 0.4517999590277778 0.02868749687500003 0.02099999583333335
0 0.523240970703125 0.44579995972222214 0.01518749765624996 0.0179999972222222
0 0.597490966015625 0.45854995972222223 0.025312499218749986 0.022499999999999985
2 0.6521659644531249 0.45929995902777776 0.13162498984375004 0.0839999930555556
0 0.736287832421875 0.49904995416666664 0.043031247656250035 0.025499994444444476
0 0.755103455859375 0.4802999576388889 0.06749999453125 0.04199999583333336
0 0.8222161828125 0.4832999555555556 0.05491295937500009 0.05399999444444445
0 0.4658659769531249 0.42404996180555554 0.006750002343750072 0.013499998611111152
0 0.460381600390625 0.4247999624999999 0.00590624921874996 0.015000000000000015
0 0.48020972500000003 0.47504995624999996 0.03881249687500006 0.08849999027777776
0 0.33635036210937497 0.4367999604166667 0.03965624765625 0.0389999958333334
0 0.29795973945312504 0.43154996111111105 0.026999997656250007 0.02849999722222228
2 0.293319114453125 0.4195499611111111 0.027843747656249994 0.04349999444444445
0 0.27433474140624997 0.42179996111111107 0.011812500000000004 0.014999997222222245
0 0.260834743359375 0.42104996250000004 0.03206249609374998 0.031499997222222235
0 0.169709749609375 0.43229996041666663 0.01856249765625 0.03299999583333333
0 0.139334753125 0.4337999611111111 0.043874996875 0.03299999722222229
0 0.123303503125 0.44129996111111114 0.04387499687499998 0.01800000000000005
0 0.106428505078125 0.4292999611111111 0.02362499921875001 0.015000000000000015
0 0.07816288359375 0.4427999611111111 0.031218750000000007 0.021000000000000005
0 0.079850381640625 0.42929996319444447 0.02615624765625 0.012000001388888867
0 0.31736598828125 0.47279995624999993 0.06412499687499999 0.09299999027777778
0 0.4076472296875 0.5057999541666667 0.12824998906249996 0.20699998333333333
0 0.21611599570312498 0.45354546874999996 0.08606249296874999 0.11050897083333334
0 0.08395311875 0.5984999520833333 0.1645312375 0.35399997083333334
0 0.972860152734375 0.5512909729166667 0.05062499609374989 0.044999998611111085