5 0.310868499609375 0.3228492354166667 0.022775255468750012 0.06819257638888894
4 0.17811273320312498 0.35055246944444446 0.024573302343749992 0.03622730833333338
4 0.326751244140625 0.3292422902777778 0.012586325781249963 0.07032359444444446
4 0.9834377796875 0.3816298138888889 0.01857981249999998 0.02450670555555558
4 0.630421319921875 0.3203630465277778 0.04135506953124999 0.021310181944444413
0 0.04483878046875 0.4823711680555555 0.0896775609375 0.06819257777777779
0 0.014871338671875001 0.5217950006944444 0.029742677343750003 0.0745856291666667
0 0.07229644375000001 0.5111399131944444 0.09949190625000001 0.08950275972222228
0 0.15440723242187498 0.49835380277777774 0.09829320703124997 0.09163377499999999
0 0.27300339140625 0.44538277638888896 0.01857981249999998 0.012786108333333285
0 0.24992846171875 0.4475137944444444 0.023973953124999968 0.017048144444444406
0 0.25592195078125 0.4640291833333333 0.0563387921875 0.03089976388888884
0 0.22505548554687502 0.4459155277777777 0.025771999218750043 0.011720599999999987
0 0.22445613671875 0.4597671465277778 0.03536158125000002 0.01811365416666667
0 0.20917274218749998 0.4789463076388889 0.026371348437499977 0.03729281249999998
0 0.3482216703125 0.46189816597222216 0.07551795312500001 0.056471979166666686
0 0.34432590156250004 0.47361876319444446 0.058136835937499985 0.05220994305555556
0 0.328143484765625 0.48533936250000004 0.06652771953125 0.05434095833333335
0 0.283491994921875 0.4533740916666667 0.11387627890624996 0.0031965277777778233
0 0.45864152109375 0.4511658125 0.03541127031250006 0.04896373055555551
0 0.44611531757812506 0.4672257097222222 0.014384371093750037 0.03516180000000004
0 0.570580084765625 0.4499111888888889 0.010188928906250005 0.014917127777777732
0 0.584664781640625 0.4472474166666667 0.015583069531249993 0.022375691666666676
1 0.708729990234375 0.4296665138888889 0.053342047656250016 0.07671665000000003
0 0.5280213921874999 0.44417099374999996 0.05508419843750003 0.04430051805555553