4 0.6862446226562501 0.39299473888888886 0.042109509375 0.15815228888888885
4 0.690535797265625 0.5140200291666667 0.036896180468750026 0.08694913888888892
4 0.374344119140625 0.5986810305555555 0.017161014843750034 0.042711855555555504
4 0.258936302734375 0.5941047625 0.014586861718750033 0.01830508333333335
4 0.053862188671875 0.6246132298611111 0.028315672656249995 0.015254234722222215
4 0.4275432625000001 0.6185115333333333 0.008580507812499949 0.0335593166666666
4 0.289506301953125 0.6467795381944444 0.008580507031249995 0.012203387499999963
5 0.09086756796875 0.604830392361111 0.007722454687500002 0.02288135138888892
5 0.33369591171875 0.6338134381944444 0.01287076093749997 0.013728812500000014
5 0.277064566796875 0.6200846291666667 0.006006355468749991 0.016779658333333378
5 0.23502008281249998 0.5903388708333334 0.0042902531249999765 0.01830507777777781
5 0.08357413554687501 0.604830392361111 0.005148303906249996 0.02288135138888892
5 0.187827294921875 0.6391524208333333 0.006006355468749991 0.012203388888888927
4 0.22086224726562503 0.6544066527777778 0.010296610156249964 0.015254230555555557
5 0.03209109609375 0.6734744479166667 0.010296609374999998 0.016779659722222187
2 0.24121948515625 0.6551693763888888 0.028315673437499987 0.05949151111111111
2 0.269535158203125 0.6599635659722222 0.028315672656249992 0.05382565416666662
0 0.0071325390625 0.7314405500000001 0.014265078125 0.05338981944444446
3 0.638496953515625 0.6975543576388888 0.026599572656250015 0.13118641527777772
3 0.578862429296875 0.6815374111111111 0.025741521093750032 0.10525421666666657
3 0.5428243011718751 0.6823001215277779 0.02230931796875 0.11593217916666664
3 0.49691858984375 0.6700967333333333 0.016302962500000007 0.054915244444444435
3 0.4291325851562499 0.6739102916666667 0.011154659374999997 0.06254236111111114
3 0.28927032460937496 0.6700967326388889 0.006006355468749991 0.04271185694444439
3 0.30728938906250003 0.6784865645833333 0.007722457812500005 0.04118643472222227
6 0.38365589921875 0.7271911444444444 0.016302962500000007 0.061016936111111086
3 0.41754890156249996 0.6716221576388889 0.01201270781249999 0.05796609305555557
0 0.199604028125 0.6906899520833333 0.01887711718749998 0.044237279166666595
0 0.136537301953125 0.7012589486111112 0.03861228046874998 0.04881355000000001
0 0.212474787109375 0.6745640368055555 0.013728810156250004 0.02288135138888884
0 0.176436658984375 0.6997335229166667 0.044618635156249996 0.06406778472222215
0 0.22877775078124998 0.7142250444444445 0.06521185156249998 0.10830506111111113
0 0.112082857421875 0.6963558104166667 0.02230931796875 0.035084737500000074
0 0.4028547949218749 0.6589829243055555 0.01973516484374995 0.05491524305555555
0 0.09266947343750001 0.7047456277777778 0.0257415203125 0.04271185555555558