5 0.416046769140625 0.10808473958333334 0.02861066640625003 0.13775505694444445
5 0.10788605195312499 0.25007841180555557 0.015497442968749997 0.07417580138888889
5 0.45181010078125006 0.11338301111111111 0.026226442187499987 0.13563575000000003
4 0.080552649609375 0.2138987840277778 0.035763332031250004 0.023312393055555544
4 0.10379881484375 0.42159102986111113 0.0584134421875 0.03602824305555556
4 0.11691203789062501 0.45549996527777775 0.020265886718750004 0.023312391666666658
4 0.218241477734375 0.4069072506944445 0.02980277734375001 0.05328547916666666
4 0.7904548 0.4727572 0.027418553125000057 0.05722133055555558
4 0.11571992421875002 0.1651546875 0.010728998437500015 0.08689165000000001
0 0.446445600390625 0.5351254215277778 0.013113221093750039 0.02755101249999999
0 0.46492332148437504 0.5436026527777778 0.030994886718749993 0.027551011111111103
0 0.40412565820312507 0.5478412743055555 0.01192111015624997 0.03178962638888889
0 0.389820326171875 0.5478412715277778 0.02145799921874998 0.04450547916666668
0 0.376707103515625 0.5573781618055555 0.04291599765625 0.05934064027777784
0 0.481612878125 0.5859888263888889 0.040531778124999994 0.061459949999999944
0 0.42856393515624996 0.5520798909722222 0.032186999999999966 0.03602824583333333
0 0.5751936000000001 0.6569856680555556 0.20146677343750002 0.2500784138888889
4 0.14522081640625 0.5604908958333333 0.047684443750000007 0.08477234166666668
4 0.099324540625 0.5445960826388888 0.029802775000000014 0.08689165416666664