0 0.23476341757812502 0.3994899298611111 0.01074081015624997 0.01718529583333337
0 0.225633729296875 0.3994899284722222 0.007518566406249994 0.021004248611111127
0 0.21757812265625 0.3994899298611111 0.006444485937499999 0.02864215972222218
0 0.20254098828125003 0.4080825798611111 0.0322224296875 0.049646409722222194
0 0.18267048867187502 0.4128562708333333 0.024703863281250005 0.047736933333333315
0 0.16387407265625 0.41572048819444446 0.032222431249999996 0.06874118472222221
0 0.14131836992187502 0.4214489208333333 0.040815077343750006 0.07637909166666669
0 0.0763364703125 0.40426362430555557 0.09774137187500001 0.15275818749999995
0 0.764131914453125 0.48568920138888894 0.10096361484375009 0.059193797222222205
0 0.31585653359375004 0.4281320902777777 0.0440373203125 0.0744696166666667
0 0.36150497539062504 0.4233583972222222 0.027926105468750028 0.034370591666666665
0 0.030381147656250003 0.4125834986111111 0.060762295312500006 0.20813303055555551
4 0.479653885546875 0.3903517194444444 0.012888971093750002 0.04200849999999995
4 0.65419204765625 0.4027633222222222 0.01611121406249998 0.028642158333333376