0 0.5809976625 0.5022914361111112 0.0257104 0.037545347222222206
0 0.6071671765625 0.5052297708333333 0.03397445781249999 0.04733978333333329
0 0.6498648066406251 0.5153506916666667 0.03672914296875005 0.06039903055555555
0 0.689715923046875 0.5161668979166666 0.05693017109375002 0.07509069583333337
0 0.744930875390625 0.5167012555555556 0.09733223046875006 0.12732769722222217
0 0.85557741796875 0.5240470833333333 0.175381659375 0.1648730416666667
0 0.9717333347656251 0.5787326958333333 0.05509371484374999 0.1403869472222222
0 0.386821725 0.5052744097222223 0.014691657812499991 0.026118502777777764
0 0.361111325 0.50364200625 0.027546857812499992 0.04244256805555556
0 0.27755252500000005 0.5069068138888888 0.020201029687500018 0.03917775277777772
0 0.302803809765625 0.5109878319444445 0.04315674296874996 0.05713421944444445
0 0.025957891796875 0.5452683645833334 0.04591142890625 0.07019347638888883
3 0.0691146359375 0.5281280986111112 0.0128552 0.04897219166666665
3 0.052586519921875 0.5297605055555555 0.01101874296875 0.05223700555555553
5 0.5837817578125 0.38366013541666666 0.00642760156250004 0.02775090694444439
5 0.41395415039062494 0.40294930972222226 0.009182285156250015 0.02285368888888889
4 0.4139541507812501 0.42580300138888894 0.0128552 0.013059252777777806
4 0.6366245812500001 0.4274354083333333 0.01377342812500002 0.009794438888888932
5 0.6471842101562499 0.45518631458333336 0.0128552 0.016324062500000024
2 0.53126082421875 0.4876231055555555 0.014691657812500036 0.026118502777777764
2 0.548859662890625 0.4761729347222222 0.012855202343749993 0.050604597222222165
2 0.5699789195312499 0.47617293541666667 0.034892685937499925 0.06366384861111117
2 0.512589632421875 0.48270256041666665 0.01744634453125 0.031015720833333343
0 0.49514328945312497 0.4933132006944444 0.01560988515624997 0.026118501388888878
5 0.5589601769531249 0.4394437916666667 0.009182285156250015 0.02285368888888889
3 0.40885921210937504 0.5118040333333334 0.01469165703124995 0.04897219166666665