4 0.581960284375 0.26514773402777775 0.048740393749999986 0.024261884722222227
4 0.551253837109375 0.3292684270833333 0.11405251796874998 0.11091146805555556
4 0.88902475546875 0.25648277569444444 0.05848847031249989 0.1178434375
4 0.582935091796875 0.46964075833333335 0.011697694531250047 0.010397952777777815
4 0.5829350921875 0.4930361458333334 0.007798464062499999 0.01906290833333336
4 0.582447687890625 0.5311619638888888 0.00877327109374999 0.012130941666666612
4 0.679441068359375 0.48350469166666665 0.013647310156250026 0.017329916666666632
4 0.030706447265625 0.54329290625 0.01267250234375 0.03985880972222217
4 0.19349935742187502 0.5398269229166667 0.012672502343749992 0.019062909722222167
4 0.194474165234375 0.5571568402777778 0.012672502343749992 0.012130941666666692
0 0.5473546050781251 0.5562903437500001 0.016571732031249998 0.06238770138888891
0 0.821275609765625 0.4817717 0.06336250859374992 0.0623877027777778
0 0.9475132261718751 0.46530827847222217 0.06628693359375007 0.032926843055555585
0 0.35824188359375003 0.5770862444444445 0.04191673750000002 0.07971761944444451
0 0.215432533984375 0.5978821458333333 0.03314346640625001 0.09011556944444439
0 0.20519705117187498 0.5796857326388889 0.01852134765625002 0.02252889305555554
0 0.122338384765625 0.5935496659722221 0.055564047656250004 0.03639282638888888
0 0.057026259375 0.6221440298611111 0.0536144328125 0.09704753749999995
0 0.033143466796875 0.637740954861111 0.06628693359375 0.1871631069444444
0 0.2875683140625 0.591816675 0.13062424999999997 0.17503216666666668
0 0.6165659625 0.5779527402777779 0.09065712968750006 0.09531454444444441
0 0.8573435007812499 0.6299424923611111 0.2817194687500001 0.2963415847222223
0 0.46205891914062497 0.61781155 0.20081041640625 0.3310014194444444