5 0.38843783906249996 0.21140609722222223 0.014501943749999979 0.014062488888888917
5 0.33834021679687504 0.21140609791666667 0.017138660156249985 0.01874998750000003
5 0.6000343738281251 0.21492171875000002 0.013183583593750025 0.03515622638888887
4 0.5215920445312501 0.25593731666666664 0.019775376562499947 0.0515624638888889
4 0.735825295703125 0.11999991180555555 0.042187471093749984 0.1078124263888889
4 0.513022714453125 0.14226552152777777 0.03955075390624998 0.04921871527777777
3 0.576303921484375 0.2864060451388889 0.007910150781250014 0.03749997638888891
3 0.5710304871093751 0.2840622986111111 0.007910150781250014 0.04687496944444444
3 0.538071525 0.2969529138888889 0.007910150000000015 0.035156224999999985
0 0.545322496875 0.2512498201388889 0.02241209375000004 0.02343748472222222
0 0.3567972359375 0.2793748006944444 0.040869112499999985 0.014062490277777803
2 0.46226591328124994 0.2653123104166667 0.05668941406250001 0.04218747083333333
2 0.284946699609375 0.2758591784722222 0.07646479140625 0.1851561236111111
2 0.21375534218750003 0.316874775 0.13710928125000002 0.3046872916666667
2 0.098967520703125 0.31312478194444443 0.19793504140625 0.6262495638888889
0 0.420078442578125 0.49031215486111107 0.35200171171875 0.4828121680555556