4 0.25232782578124996 0.4430552597222222 0.03348426093749999 0.04251969722222218
0 0.429913996875 0.49854344444444443 0.017937996874999928 0.019133861111111136
0 0.3796876046875 0.51448833125 0.02032972968750002 0.021259848611111132
0 0.2882038203125 0.535748179861111 0.04065946093750004 0.02976378749999995
0 0.25053402617187503 0.5166143166666667 0.032288394531249986 0.03826772777777781
0 0.226616696484375 0.5325592027777778 0.03468012734374999 0.04039371111111107
0 0.199709701171875 0.5453151111111112 0.019133863281250017 0.04039371111111107
0 0.16801923984375 0.5570080284722222 0.049030526562499996 0.055275606944444416
0 0.51242878359375 0.4953544673611111 0.015546264062500014 0.017007876388888912
0 0.49389285351562506 0.49748045277777775 0.021525596093750023 0.03401575833333336
0 0.53873784609375 0.4932284833333333 0.02032972968750002 0.017007877777777795
0 0.531562647265625 0.5091733694444445 0.027504928906249938 0.040393711111111154
0 0.6254381656250001 0.5304332180555555 0.04305119374999995 0.05740159166666664
0 0.57580970703125 0.5325592027777778 0.06577265625000006 0.08716537777777779
0 0.353976476171875 0.5123623472222222 0.02391732890624998 0.025511819444444465
0 0.4628003246093749 0.5219292784722221 0.05979332265625006 0.08716537916666667
4 0.62723196484375 0.4783465895833333 0.010762796875000013 0.01700787916666668
4 0.8316055746093749 0.4166930284722222 0.04544292734374995 0.06377954305555562
4 0.8304097078125 0.4613387111111111 0.03826772812500003 0.025511819444444386