0 0.29582901171875 0.5488774395833333 0.028928562499999977 0.04959182916666668
0 0.275165753125 0.5406121347222221 0.016530607812500042 0.04408161944444444
0 0.330439976171875 0.5378570319444445 0.029961727343749977 0.04959182500000002
0 0.38054838359375004 0.5479590708333333 0.01446428281250003 0.0404081555555556
0 0.358335378125 0.5442856027777777 0.03202805468749999 0.051428555555555595
0 0.14910422343750002 0.617273175 0.2965177953125 0.32877544166666667
0 0.8795504964843751 0.5759466541666667 0.21593107578125004 0.12122446388888895
0 0.47919981679687496 0.6837295625 0.26862239140625 0.3912244027777778
5 0.39939131445312503 0.2337900375 0.016530608593749996 0.06612243611111109
5 0.358048380078125 0.24109050555555558 0.008265303906249999 0.0073469388888888825
5 0.38749352578125 0.23833540625000002 0.017563770312500004 0.07163263750000001
5 0.8183225164062501 0.1960905138888889 0.0547576421875001 0.11571425833333332
4 0.79920900078125 0.09047829236111113 0.0723214140625 0.058775498611111116
4 0.765631201171875 0.03629463194444445 0.04029335859375003 0.06428570277777777
4 0.77234676171875 0.14007011666666666 0.04339284999999995 0.08448977500000002
4 0.9215045843750002 0.41190679722222223 0.024031221875000064 0.044081624999999985
4 0.48254452656249996 0.46792719236111113 0.013431120312500067 0.027551015277777757
4 0.533686097265625 0.3659884381944445 0.033061216406249996 0.022040812499999993
4 0.534202678515625 0.2879272326388889 0.03409437890625 0.042244890277777794
4 0.53626900546875 0.32282518125 0.03202805468749999 0.023877548611111108
5 0.557448846484375 0.4532333159722222 0.022729586718750028 0.03489795416666668
5 0.269900934765625 0.4604692902777778 0.009298467968750002 0.023877547222222184