0 0.9602060355468751 0.47903232013888886 0.008645636718750006 0.011527515277777825
0 0.95120016484375 0.4815939895833334 0.012247985937499983 0.014089184722222193
0 0.94039311875 0.4822344076388889 0.013688926562499936 0.01793169027777779
0 0.92886560234375 0.4796727388888889 0.01368892499999994 0.020493363888888894
0 0.9072515101562499 0.49312150555555556 0.0410667734375 0.0550759083333334
0 0.879153191015625 0.48991941805555556 0.02089362265624999 0.025616702777777788
0 0.8524958109374999 0.4905598361111111 0.02089362187500008 0.02433586666666672
0 0.827279371484375 0.48863858055555554 0.02233456484374994 0.02561669722222225
0 0.978938248828125 0.4944023402777778 0.037464425781249845 0.05251423611111118
0 0.479292488671875 0.528344470138889 0.04971241015625001 0.05379507638888891
0 0.4378654796875 0.5392315673611111 0.04034630625000002 0.04482922638888888
0 0.40004081953125 0.5373103159722222 0.04683053281249996 0.04611006250000003
0 0.359334279296875 0.5385911506944445 0.040346305468750024 0.05123339861111107
0 0.325832436328125 0.5430740743055557 0.03530301640625 0.04995256805555554
0 0.20119117265625 0.5174573722222222 0.02377550156249999 0.034582547222222204
0 0.22366082851562502 0.5552420277777779 0.09465172265624999 0.06532258888888888