0 0.44418786875 0.46995960138888887 0.014040842187499968 0.027041622222222294
2 0.42780688749999995 0.4531700256944445 0.030421824999999993 0.029121745833333375
0 0.379834009765625 0.46045046111111115 0.05382322890625004 0.0894453638888889
0 0.42722185078125 0.48957221041666665 0.03159189531250002 0.06864411527777779
0 0.3956299578125 0.49997283263888886 0.06903414062500005 0.09360561249999996
0 0.14816011640625 0.4635706506944445 0.0327619640625 0.016640995833333328
0 0.162200958984375 0.49165233333333336 0.05382322734375 0.06032361666666672
0 0.198473134765625 0.4947725215277778 0.042122525781249996 0.09568574027777778
0 0.289738606640625 0.5124535833333334 0.16380982265625002 0.24753484166666664
2 0.4646640968750001 0.4510899020833334 0.015210912499999996 0.020801245833333266
0 0.49567095703125 0.5561362027777778 0.1380682796875 0.2017721
0 0.11152230390625 0.6519705194444444 0.2230446078125 0.5806519638888888
4 0.22362964257812495 0.3543641013888889 0.024571472656249992 0.05200311944444442
4 0.42195653554687496 0.42404828055555555 0.028081683593750028 0.02496150000000002
4 0.44769808007812506 0.42612840347222214 0.025741542968750065 0.03744224583333333
4 0.485140325390625 0.4282085298611111 0.023401403906250007 0.033281998611111085
4 0.501521306640625 0.4334088388888888 0.009360561718750039 0.022881369444444428