4 0.651351241015625 0.10712642430555555 0.03978238359374995 0.010400623611111095
4 0.628534873828125 0.13208792083333332 0.04329259453125003 0.027041622222222214
4 0.6297049425781249 0.1778506652777778 0.024571474218749945 0.056163366666666645
4 0.48929652343749996 0.21425285208333333 0.015210912499999996 0.041602498611111115
5 0.653106347265625 0.2069724111111111 0.01989119453125001 0.03536212222222221
5 0.6378954343750001 0.2184130972222222 0.012870770312500035 0.029121747222222223
4 0.438983507421875 0.27561652777777773 0.02223133359374998 0.01040062222222219
4 0.4617998742187501 0.29745783819444443 0.011700701562500004 0.004160251388888901
4 0.45711959492187504 0.2891373375 0.009360561718749948 0.02080124722222219
4 0.3085206828125 0.28393702569444446 0.01872112187499999 0.010400623611111114
4 0.432548121875 0.2984979020833334 0.009360562500000036 0.01456087361111109
4 0.49046659335937504 0.29225752777777775 0.008190489843750015 0.018721122222222223
4 0.18332317421875 0.2808168381944444 0.0163809828125 0.03744224583333333
5 0.25352738554687504 0.2891373375 0.007020421093750029 0.02080124722222219
5 0.299160121875 0.30993858541666663 0.0046802781250000255 0.016640993055555556
5 0.290969630078125 0.31201871180555557 0.007020421093749984 0.016640995833333328
5 0.42084741914062496 0.2735364013888889 0.00468028046875002 0.018721122222222223
5 0.32314656054687496 0.28185690208333336 0.00819049140625001 0.022881370833333314
5 0.321976490625 0.30785846111111115 0.0058503515625 0.024961497222222205
5 0.326071734765625 0.3057783347222222 0.007020421093749984 0.024961494444444437
5 0.252942349609375 0.3130587743055555 0.008190489843750015 0.018721120833333337
0 0.44132364726562495 0.3525811451388889 0.02223133359375007 0.03536212361111113
0 0.44658896328125 0.35986158055555556 0.018721123437500077 0.045762744444444434
0 0.460629803515625 0.35570133125000003 0.02340140234375001 0.06656399305555555
0 0.46823525976562497 0.3619417034722222 0.024571472656249947 0.07488449027777777
0 0.482861137890625 0.36610195347222224 0.03510210546875001 0.09152548749999999
0 0.306765577734375 0.3619417076388889 0.00819049140625001 0.04160249583333334
0 0.21959535 0.3754625152777778 0.032761965625 0.06032361666666664
0 0.19736401640624998 0.38482307638888885 0.039782385937499984 0.07072423888888892
0 0.12247952656250001 0.34738083263888886 0.1240274390625 0.17889072916666665
0 0.064561053515625 0.40666438680555556 0.11583694765625001 0.11440685972222223
0 0.5296639445312501 0.37130226527777777 0.09126547343750006 0.1227273611111111
0 0.37813985820312496 0.3889833263888889 0.11817708671874998 0.1872112277777778
0 0.26873829843749997 0.37130226666666666 0.07956477031250002 0.10192611388888888
3 0.933338152734375 0.2891373375 0.023401405468749914 0.045762744444444434
3 0.8479230292968751 0.4316258840277778 0.058503507031249846 0.4264255736111111
3 0.7783038539062501 0.4264255708333333 0.04797287500000005 0.38690319999999995
3 0.735596294140625 0.45866750694444447 0.05616336796874997 0.26001559166666666
3 0.004491360546875 0.4149848868055556 0.00898272109375 0.15600935694444446
3 0.025948737500000003 0.40666438680555556 0.0269116140625 0.16016960138888886
3 0.6022082953125001 0.3775426381944445 0.021061262500000046 0.1352081069444445
3 0.560085768359375 0.37442245277777775 0.025741542968749975 0.15392923055555557
3 0.659541732421875 0.35570133125000003 0.028081685156250025 0.10400623472222227
6 0.972535502734375 0.5439526201388889 0.052653157031250154 0.3265795847222222
4 0.65135124296875 0.10712642430555555 0.0421225265625 0.018721123611111126
3 0.8120126000000001 0.4635853222222222 0.06017694062500008 0.47886835555555557