0 0.561976723046875 0.6386074493055556 0.02047096484374995 0.025994876388888914
0 0.5907335546875 0.64813890625 0.04679077656250001 0.05545573750000001
0 0.7081979 0.6446729215277778 0.018521348437500064 0.034659834722222234
1 0.39236015742187497 0.6134790701388889 0.10430443828124995 0.10397950138888884
0 0.490328346875 0.7009951534722223 0.15791887187500003 0.22355593194444442
5 0.35970409453125 0.5822852201388888 0.015596926562500002 0.020795901388888892
5 0.44841160976562494 0.5051670888888888 0.003899232031249955 0.022528891666666735
5 0.4610841109375 0.5051670888888888 0.005848846875000024 0.019062911111111053
5 0.5639263390625 0.5311619638888888 0.006823654687500014 0.01906290833333336
5 0.71258453515625 0.5736202604166667 0.005848846874999936 0.020795898611111124
5 0.63606211953125 0.5978821458333333 0.010722885937499971 0.013863933333333339
5 0.5697751859375 0.5294289722222222 0.004874039062499946 0.025994874999999952
5 0.45572266796875 0.5051670881944444 0.004874039062499946 0.0329268430555555
4 0.36214111484375 0.5493583791666667 0.012672501562499994 0.010397952777777735
4 0.6258266382812501 0.5900836840277778 0.007798464062499999 0.008664959722222282
4 0.627776253515625 0.5710207736111111 0.011697694531249959 0.015596924999999985
4 0.6321628875 0.5528243611111111 0.012672501562500039 0.010397949999999965
4 0.70576088046875 0.5302954673611111 0.011697693750000049 0.02772786527777771
5 0.712097130859375 0.5510913708333334 0.00877327109374999 0.01386393611111111
5 0.698937225390625 0.5493583791666667 0.011697694531249959 0.010397952777777735
3 0.6414235625 0.6342749708333333 0.009748078124999981 0.04505778333333331
3 0.662869335546875 0.6446729215277778 0.00974807890624998 0.04852376805555557
3 0.680415876953125 0.6438064263888889 0.011697692968750052 0.046790777777777806
3 0.219331765234375 0.6507383944444445 0.019496157031250006 0.06758667777777774
7 0.18472608671875 0.66113634375 0.045815968750000005 0.06412069305555555