0 0.03486462265625 0.4554065416666666 0.0687788640625 0.07735672777777777
0 0.17558056562500002 0.42421431249999997 0.03017848125 0.037430675
0 0.212426385546875 0.4317004472222223 0.02526570546875 0.027449161111111113
0 0.27067787382812497 0.4260858451388889 0.04491681015625 0.05115525416666663
0 0.301558180078125 0.4267096909722222 0.01824745390625 0.029944540277777775
0 0.31945472109375 0.42109508958333336 0.01754562812499998 0.023706093055555596
0 0.34858046445312496 0.42296662291666665 0.023862053906250003 0.027449159722222227
0 0.61773041328125 0.428581225 0.08632449218749993 0.11353971388888892
0 0.578779118359375 0.42483815763888894 0.029476657031249954 0.07361365972222218
0 0.566146265234375 0.42109508958333336 0.018247453906250044 0.06113676805555552
0 0.5577243632812501 0.41236126597222217 0.015440153124999956 0.041173743055555594
0 0.54931855234375 0.4092420409722222 0.009123725000000072 0.01746764583333326
0 0.538440263671875 0.41236126527777783 0.01122920234375 0.013724580555555517
0 0.5279128859375 0.41236126597222217 0.0084219015625 0.01621995972222226
0 0.5208946347656249 0.41236126527777783 0.007018252343749953 0.011229202777777817
0 0.51177090703125 0.40986588819444447 0.011229201562500003 0.0137245819444444
0 0.48720702734374993 0.40924204375000006 0.014036503124999999 0.01247689305555555
4 0.72919633046875 0.23768478402777776 0.021054754687500045 0.056146012499999995