0 0.13525743828125 0.5341537270833333 0.2701203890625 0.3182141125
0 0.27953861132812496 0.5563322895833333 0.03362944609374998 0.03471426527777773
0 0.5371835625 0.5418680090277778 0.01084820468750003 0.017357134722222237
0 0.551286233203125 0.5409037236111112 0.01301785078125004 0.02314284722222221
0 0.6087817390625 0.5476537201388889 0.013017849999999952 0.02507141527777779
0 0.6169178917968751 0.55440371875 0.02061159453124999 0.026999987500000027
0 0.64675046640625 0.5457251520833334 0.023866057812499973 0.03664283750000005
0 0.721603106640625 0.5669394243055556 0.049901758593750054 0.05592853472222225
0 0.4547371765625 0.5621179972222222 0.034714265625 0.03857141111111109
0 0.420565321484375 0.5534394333333333 0.020611596093749983 0.025071416666666676
0 0.318592165234375 0.5679037083333334 0.053156222656249995 0.05014283333333335
0 0.335949294140625 0.5544037180555555 0.03362944609374998 0.04628568888888888
1 0.3381189359375 0.5428322965277778 0.07702227812500002 0.07714281527777776
2 0.5133175039062501 0.5331894451388889 0.04990175781249997 0.0964285180555555
5 0.264893530859375 0.3808323840277778 0.00867856640625 0.03471427083333335
5 0.274656918359375 0.3817966673611111 0.008678567968749995 0.04049997916666667
5 0.47209430976562494 0.29693957430555556 0.010848207031250024 0.044357118055555526
5 0.48511215976562505 0.29790385694444443 0.01084820859375002 0.038571405555555556
5 0.475146915234375 0.30355904305555553 0.012614130468749974 0.061453202777777785
5 0.4655853859375 0.30465385069444445 0.008678568749999994 0.055928540277777786
5 0.56647372578125 0.39915380208333334 0.006508924999999976 0.03278569583333327
4 0.5659313136718749 0.4782251875 0.02061159453124999 0.036642838888888855
4 0.68363437734375 0.2361896034722222 0.01301785156249995 0.034714265277777774
4 0.64458082421875 0.13783251805555555 0.047732115624999946 0.1619999138888889
4 0.693940173046875 0.13301108958333335 0.046647297656250065 0.16392848194444445
5 0.875105253515625 0.47147519027777773 0.018441953906249964 0.026999986111111145
4 0.274114506640625 0.4232609284722222 0.01627231484374998 0.02699998472222226
4 0.679304703515625 0.6171427256944445 0.023762750781249942 0.04775509027777779
5 0.674955809375 0.31228352777777774 0.010848209375000018 0.04033076666666666
4 0.2753379515625 0.5197958090277778 0.021696424999999974 0.029387748611111184
5 0.274821370703125 0.4922447958333333 0.01859693515624996 0.03306121944444445
5 0.37658793125 0.4995917298611111 0.011364792187499972 0.025714279166666642
4 0.861554656640625 0.5317345812500001 0.023762749218749945 0.049591826388888906