3 0.40953157500000004 0.3752341166666667 0.04350582968749994 0.1617186388888889
3 0.37393589609375005 0.36117162708333334 0.027685528125000004 0.10078118194444442
3 0.30669961484375 0.3752341173611111 0.03559567968750001 0.1476561486111111
3 0.457651658203125 0.3471091388888889 0.01582030078125003 0.06796870277777778
3 0.44446807421875 0.35062475902777784 0.013183584375000024 0.07968744583333336
3 0.43128448945312503 0.35414038124999997 0.02109373515624995 0.09609368472222218
3 0.38711948085937503 0.3670309972222222 0.01977537734374999 0.11718741944444445
3 0.363389028515625 0.34476538819444447 0.014501942968749982 0.08203119305555558
3 0.281650803515625 0.3588278784722222 0.01977537734374999 0.1101561736111111
3 0.263852963671875 0.3705466229166667 0.026367167968750004 0.08671869027777777
3 0.230234823046875 0.3810934902777778 0.017138660156249985 0.16406238611111112
3 0.176841305078125 0.3951559805555555 0.03164060390624999 0.22499984444444443
3 0.19332078554687498 0.4279684576388889 0.08305658203124996 0.2906247986111111
0 0.531479733203125 0.33679663680555555 0.034277319531249975 0.053906212499999974
2 0.49390651679687503 0.3496872527777778 0.06196284765625002 0.08437494166666669
2 0.611899599609375 0.3297653902777778 0.01582030078125003 0.030468727777777795
0 0.691001107421875 0.35203100138888893 0.058007771093750014 0.07968744722222224
0 0.746372163671875 0.36374974374999997 0.09492181015624998 0.13593740694444448
0 0.7872412761718751 0.3836716041666667 0.11074211171875001 0.15703114166666665
0 0.638266769140625 0.3414841326388889 0.036914036718749973 0.053906212500000016
0 0.5724031300781249 0.34579292708333337 0.04493275703124997 0.07341360694444445
2 0.9157812269531249 0.28499980069444447 0.16743152578125003 0.5699996013888889
5 0.5987677359375001 0.2966117951388889 0.00935574531250003 0.01663243750000001