5 0.573827704296875 0.2735526326388889 0.014987664843750003 0.05684210416666665
5 0.33752219375000003 0.4511842138888889 0.009991776562499988 0.03907894722222222
5 0.016286583984375 0.5240131618055556 0.01898437578125 0.03552631527777782
4 0.3395205484375 0.5044736868055556 0.017985198437499995 0.03552631527777782
4 0.723704350390625 0.3819078972222223 0.02697779609374997 0.01776315833333331
5 0.5623371625 0.28243421319444445 0.01199013124999997 0.05684210416666665
0 0.4144588718750001 0.5506578986111111 0.011990131250000058 0.01776315833333331
0 0.4304457140625 0.555986845138889 0.015986842187500017 0.0248684208333334
0 0.2785707125 0.5604276340277778 0.01199013124999997 0.01953947361111111
0 0.258087570703125 0.5675328972222222 0.014987664843750003 0.0230921055555556
0 0.24359949570312497 0.5622039493055556 0.017985197656249997 0.023092104166666714
4 0.18015171640625 0.5346710541666667 0.010990954687499999 0.021315788888888913
0 0.20712951249999997 0.5693092125000001 0.010990954687499999 0.019539474999999997
0 0.19613855742187497 0.571085529861111 0.01498766484374998 0.01953947361111111
0 0.17565541640625 0.5728618451388889 0.01398848749999999 0.012434209722222218
0 0.164164873828125 0.57286184375 0.014987664843750003 0.02664473750000001
0 0.11470558085937502 0.5799671090277778 0.019983553906249996 0.02664473750000001
0 0.10271544921875 0.5808552666666666 0.0219819078125 0.02842105277777773
0 0.07523806328125 0.5835197395833334 0.024979440624999995 0.040855262500000024
0 0.044263556640625 0.6012828986111111 0.022981085156249997 0.03730263333333339
2 0.020383217578125 0.5950657923611111 0.04076643515625 0.06394736805555555
5 0.7147315605468749 0.4680465465277778 0.010546867968750017 0.03046872916666672