4 0.8204099335937499 0.3689191305555555 0.03187971406249997 0.06574305555555553
4 0.615104577734375 0.41992667361111113 0.010201508593750042 0.015869013888888853
4 0.631363231640625 0.43862943819444444 0.008288725781249973 0.014735512499999952
4 0.627097880859375 0.4176950930555555 0.014027074218750001 0.014735513888888916
5 0.493585634765625 0.40636008263888895 0.002550378906250028 0.012468506944444456
5 0.57934206953125 0.39332482291666665 0.003187971874999995 0.01586901527777782
5 0.577110488671875 0.39559182430555556 0.0038255664062499584 0.015869012499999967
5 0.4964548089843751 0.40636008263888895 0.0031879710937499973 0.012468506944444456
0 0.25928833671875 0.4768260618055556 0.00765113125000001 0.011335006944444437
0 0.244304870703125 0.4807933152777778 0.015939857031249983 0.012468511111111111
0 0.23601614531250004 0.5000628305555556 0.008288726562500015 0.019269516666666674
0 0.250043219140625 0.5068638368055556 0.026141364843750025 0.0396725319444444
0 0.21848230234374996 0.49552882847222224 0.030604524999999994 0.03287152638888892
0 0.22358305625000002 0.4756925604166667 0.02295339531249998 0.011335006944444437
0 0.196804097265625 0.48192681666666665 0.016577450781250013 0.02153651666666663
0 0.185008602734375 0.4705918083333333 0.013389478906249997 0.0056675055555555475
0 0.173213109765625 0.49666232708333335 0.04718197734375 0.04874053472222223
0 0.15408528124999998 0.5040300847222222 0.07523612500000001 0.0498740388888889
0 0.102121348046875 0.4983625798611111 0.04654438203125 0.04987404305555556
0 0.029754397656249997 0.4881610708333334 0.0395308453125 0.027204022222222256
0 0.141014597265625 0.5493701194444445 0.12050531640625002 0.08614606666666667
0 0.028479209374999998 0.54596961875 0.056108296875 0.10201508472222219
0 0.538593265234375 0.4805689715277778 0.008926319531249938 0.017002509722222215
0 0.5070323484375001 0.48170247222222223 0.049094757812499966 0.07821156388888886
0 0.65837405078125 0.4669669597222222 0.019765421875000033 0.028337522222222192
0 0.6905725613281251 0.4953044840277777 0.06375942734375002 0.09408057638888884
0 0.4659799781249999 0.5137415847222223 0.07862696875 0.1116144194444444
0 0.551953767578125 0.47830197083333337 0.022315799218749977 0.028337522222222272
0 0.726277841015625 0.5134404965277778 0.08416244609375001 0.10541558194444439
0 0.62426275703125 0.5123069986111111 0.09436395156249996 0.11448359166666665
0 0.5716612285156251 0.48340272430555553 0.017215042968750004 0.01813601527777777
0 0.9535801992187501 0.5752163006944444 0.08990079375000004 0.24483620416666665