0 0.23994132226562498 0.4209373541666666 0.15082026015625 0.16124994444444443
0 0.35859362421875 0.4003123590277778 0.06117185312500002 0.07499997083333333
2 0.5131052890625 0.39187486388888887 0.12550776875 0.19312493333333333
0 0.406581890234375 0.3956248611111111 0.035859364843750005 0.061874975
0 0.42767563085937504 0.39093736319444444 0.013710932031249979 0.029999990277777756
3 0.8521872015625 0.38999986249999996 0.03058592656249992 0.1406249527777778
4 0.21568351796874996 0.23249991736111114 0.02214842968749999 0.020624993055555565
4 0.16716790976562498 0.26343740694444445 0.022148430468750015 0.014999991666666664
4 0.16400384921875 0.2821874013888889 0.017929681250000006 0.011249997222222221
5 0.238359291796875 0.2062499270833333 0.01054687109375001 0.058124981944444425
5 0.25101553710937496 0.20062493125 0.01265624609375 0.054374981944444456
5 0.398144392578125 0.3196873881944444 0.005273436718750002 0.022499993055555556
4 0.554765430859375 0.33093738333333333 0.012656246093749957 0.022499994444444442
4 0.9903512156249998 0.27937490277777777 0.01792968125000005 0.050624980555555546
4 0.9903512156250001 0.33843738125 0.013710932812499976 0.02624999027777777
5 0.42850432109375003 0.3499552256944444 0.010546870312500012 0.020624993055555565