0 0.856113520703125 0.60115605 0.28549711953124995 0.3785827027777778
3 0.9462089242187499 0.37754263888888884 0.03744224531250016 0.08528511388888889
3 0.15816666601562498 0.46386781666666665 0.022231333593750003 0.06656399166666663
3 0.206724578515625 0.44410663333333333 0.021061263281249975 0.07696461388888894
3 0.784739241015625 0.3577814555555556 0.014040841406249971 0.058243491666666675
3 0.7496371359375 0.3640218305555556 0.011700701562500004 0.05408324444444447
0 0.083282176171875 0.46802806736111113 0.11583694609374999 0.08320499027777781
0 0.33484726171875 0.4794687527777778 0.22816368281249993 0.2724963416666667
0 0.60513346953125 0.4149848854166666 0.05967357812499996 0.08112486527777783
0 0.5320040839843749 0.40978457430555554 0.05850350859375002 0.07488449027777777
0 0.431963086328125 0.40874451180555554 0.029251753906249966 0.04784286805555556
0 0.45594952499999997 0.39210351388888887 0.037442245312500066 0.05200311944444446
0 0.477595822265625 0.3889833263888889 0.029251753906249966 0.0457627444444444
0 0.49339176875 0.38378301319444447 0.021061264062499953 0.039522370833333376
0 0.5378544355468751 0.37442245486111114 0.042122525781249996 0.03744224583333333
0 0.575881716015625 0.3837830152777778 0.03627217578125004 0.060323619444444455
0 0.63438522421875 0.3889833263888889 0.038612315625000004 0.07072424166666669
0 0.6103987859375 0.3723423298611111 0.009360560937499951 0.020801245833333346
0 0.598113048828125 0.3681820791666667 0.010530630468749979 0.02080124722222223
0 0.6455008902343751 0.3536212055555556 0.018721122656249988 0.03328199444444447
0 0.620929417578125 0.34322058194444444 0.016380982031250026 0.02080124722222223
0 0.632045083984375 0.34842089305555557 0.010530632031249976 0.027041622222222214
0 0.5899225582031249 0.34946095555555556 0.017551052343749964 0.012480747222222238
5 0.249432139453125 0.33698020624999997 0.00819049140625001 0.033281995833333355
5 0.37404461289062496 0.22777365902777774 0.009360561718749993 0.03536212083333332
5 0.6449158558593749 0.208012475 0.00819049140625001 0.03744224722222222
5 0.32841187578125003 0.3140988361111111 0.011700701562500004 0.02080124722222223
5 0.632045083984375 0.21009259861111113 0.010530632031249976 0.037442244444444446
5 0.8625489066406249 0.25585534375 0.019891192968749926 0.04576274583333332
5 0.88068499453125 0.2558553430555556 0.01638098281250002 0.037442244444444446
5 0.55716059375 0.29849790000000004 0.005850351562500045 0.018721122222222223
4 0.375214683203125 0.3338600215277778 0.011700702343750003 0.031201873611111076
4 0.253097436328125 0.31097864861111113 0.020201364843750014 0.014560872222222245
4 0.53668436484375 0.3057783361111111 0.011700701562500004 0.012480747222222198
4 0.699909153515625 0.2163329729166667 0.029251753906249966 0.029121745833333337
4 0.7566575566406251 0.2360941576388889 0.02106126328125004 0.01456087361111109
5 0.7730385390625001 0.3078584625 0.011700701562500004 0.024961497222222205
4 0.86313394140625 0.14144848194444443 0.03276196562500004 0.016641000000000003
4 0.8449978539062499 0.12584754722222222 0.010530631249999978 0.022881372222222217
5 0.8262767320312498 0.07280436527777777 0.01755105312499996 0.06240374166666667
4 0.24826206953125 0.2683360902777778 0.010530631250000023 0.024961497222222205
4 0.665392083984375 0.27353640347222224 0.035102103906249925 0.022881373611111124
0 0.660432315625 0.33620039444444444 0.008773270312499993 0.013863933333333299