0 0.43606236796875 0.5332689472222222 0.008414131250000078 0.011218844444444502
0 0.521255448828125 0.5351387534722223 0.025242394531250056 0.033656526388888844
0 0.502323652734375 0.53420385 0.016828263281249978 0.024307491666666674
0 0.418182338671875 0.5313991402777778 0.014724730468750025 0.011218844444444424
0 0.40293172539062494 0.5370085604166667 0.015776496093750002 0.02243768472222219
0 0.386629345703125 0.5398132708333333 0.027345927343750055 0.031786719444444445
0 0.37505991484375 0.5416830777777778 0.01893179531249998 0.031786719444444445
0 0.3640163671875 0.5388783666666667 0.024190628124999992 0.044875366666666694
0 0.35455046953125 0.5472924986111111 0.024190628124999992 0.03926594722222221
0 0.3398257390625 0.5510321125 0.02419062656250004 0.05796401666666663
0 0.288289184375 0.5538368236111111 0.089400146875 0.08975073611111116
0 0.2719868046875 0.5706650875 0.06520951875 0.08227151111111107
0 0.20383233281250002 0.5846886395833333 0.0925554453125 0.09536015694444444
0 0.241170041015625 0.5697301840277778 0.07257188359375003 0.08040170416666667
0 0.122004905859375 0.58711939375 0.12200490546874998 0.1290166819444444
0 0.11096135781250001 0.6170363048611112 0.099917809375 0.15519397916666666
0 0.034990949609375 0.6086221729166666 0.06998189921875 0.2524239402777778
0 0.12572551953125 0.5824448756944444 0.13252256875 0.12153745416666663