4 0.12216530625 0.12643503819444446 0.0814435375 0.04690332083333334
4 0.07685516953125 0.20698639444444444 0.09176736718749999 0.04894259722222224
5 0.13248913515625 0.37624620000000003 0.04473659218749999 0.07341389444444439
5 0.08660545234375 0.38236402569444444 0.026383117187499992 0.0734138930555556
2 0.830494663671875 0.4037764104166667 0.33839216171875003 0.5689576680555556
3 0.6750636867187501 0.5669183944444445 0.0355598546875 0.1733383583333334
3 0.633768371875 0.5658987569444444 0.035559853125000006 0.17129908333333338
3 0.072266800390625 0.6240180895833334 0.01835347265625 0.10808156527777774
3 0.032118577734375 0.6464501125 0.034412761718750004 0.1529456111111111
3 0.254654440625 0.6199395402777778 0.0321185796875 0.19780965555555557
3 0.150842608203125 0.6464501104166667 0.033265671093750004 0.23451660138888886
3 0.2070501203125 0.6158609902777777 0.040148221875 0.2549093499999999
3 0.0567810578125 0.6535875756944445 0.05161914375 0.19577038194444438
3 0.18009345625 0.6576661229166667 0.05506042031249998 0.25694862638888893
3 0.23285969140625 0.6454304736111112 0.055060420312500025 0.27326282222222226
3 0.28161110507812503 0.6372733770833333 0.047030774218749995 0.23655587638888886
3 0.3607604578125 0.6056646159722222 0.044736590624999996 0.24675225138888884
3 0.016632834765625 0.6240180888888889 0.019500564843750002 0.08361026666666665