0 0.41578615078125003 0.5057438229166666 0.015077321875000039 0.03711340694444445
0 0.40186862304687504 0.50883660625 0.024355674218749977 0.05154640138888888
0 0.388530991796875 0.50883660625 0.025515467968750018 0.04742268750000002
0 0.360116039453125 0.507805676388889 0.04987114296874999 0.05360825277777776
0 0.469136675390625 0.50471289375 0.01739691015625002 0.026804129166666732
0 0.29110829453125 0.5119293874999999 0.048711346875000006 0.06597938888888895
0 0.5016109082031249 0.5016201083333333 0.010438146093750067 0.020618558333333366
0 0.542203697265625 0.503681967361111 0.012757733593750053 0.016494851388888856
0 0.510309362890625 0.5033874090277778 0.013917528906249999 0.028865981944444424
0 0.56018050546875 0.5044183361111111 0.013917528125 0.02268041666666668
0 0.5300258605468751 0.5054492638888889 0.016237116406249984 0.024742272222222222
0 0.2365979765625 0.5095729763888889 0.08350516875 0.07835052777777776
0 0.594974325390625 0.5126657597222223 0.044072172656249985 0.0639175361111111
4 0.6564434078125 0.4054492479166667 0.04639175937499997 0.08041238472222219
4 0.8484721726562501 0.07555228680555556 0.0858247562499999 0.07216496249999999
5 0.8629695984375001 0.16318116597222224 0.024355675000000153 0.09896908750000001
4 0.567719165625 0.46863041388888893 0.008118557812499993 0.0164948472222222
4 0.01449742578125 0.3098675013888889 0.026675262499999998 0.049484544444444445
3 0.146134044921875 0.49234175902777777 0.018556703906249992 0.06804124861111108