4 0.5400435464843749 0.2989410736111111 0.015596925781250003 0.022528891666666655
5 0.49910161718749996 0.3076060319444444 0.003899231250000046 0.015596925000000025
0 0.72087040234375 0.4670412701388889 0.20373483906249995 0.2755456847222222
0 0.514698542578125 0.38992313819444446 0.07213578046875 0.09704753750000003
0 0.62485182890625 0.41938399930555553 0.05263962343749995 0.09704753750000003
0 0.599994228125 0.3873236506944444 0.05166481562499996 0.08491659305555553
0 0.556615279296875 0.3821246756944444 0.029244235156249944 0.05025675972222222
0 0.573674416796875 0.3725932208333333 0.01852134921875006 0.013863933333333339
1 0.753526465234375 0.34833133680555556 0.15012040859374992 0.1698331902777778
0 0.85685609609375 0.42544946875 0.04094192968750008 0.025994876388888914
0 0.83004888046875 0.41158553472222226 0.026319810937500066 0.02599487500000003
0 0.4152681421875 0.3439988583333333 0.021445773437499937 0.022528891666666655
0 0.437201319140625 0.3448653548611111 0.026319811718749975 0.02426188472222219
0 0.45231083984375003 0.3448653520833333 0.019496156250000053 0.027727868055555525
0 0.34946861328125 0.31540449375 0.02631981093750002 0.027727868055555563
0 0.376275828125 0.3223364625 0.01754654218749998 0.017329916666666674