5 0.381664776171875 0.19843735833333334 0.00659179296875001 0.03749997222222221
5 0.3875973890625 0.19960923124999996 0.007910150000000015 0.03046872916666668
5 0.28344707109375 0.16210925694444445 0.01318358593750002 0.03515622500000003
5 0.30823221484375 0.2786716888888889 0.018457018749999988 0.021093733333333337
3 0.309909121484375 0.32797262777777775 0.011263964843749984 0.05407065833333332
3 0.32537087421875 0.3196872826388889 0.007910150000000015 0.02812497916666668
5 0.479445772265625 0.2153904798611111 0.00914611171874995 0.03046872916666668
4 0.581000573046875 0.25406232638888887 0.01713866015625003 0.014062488888888877
0 0.5164010082031251 0.3759372458333334 0.06459956484374993 0.09843743055555557
0 0.40012179570312495 0.42890595625000005 0.19511705234374999 0.3117185375
0 0.645336469921875 0.4242184583333334 0.22148422265624995 0.27421856111111115
0 0.136799924609375 0.3056247902777778 0.27323730703125 0.6093745805555555
4 0.681261738671875 0.20917954305555553 0.026367169531249957 0.018749986111111106
4 0.681261739453125 0.26894512569444445 0.013183585156250021 0.03046872916666664
4 0.805187434765625 0.25253888680555553 0.01582030078125003 0.058593709722222206
4 0.69049024765625 0.23378890208333333 0.02109373437499995 0.011718743055555573
3 0.28219410390625 0.32033921041666663 0.010530631250000023 0.05824349305555556
3 0.78649434609375 0.3910634506944444 0.015210912499999996 0.09984598750000002