5 0.31001499921875003 0.2525554423611111 0.009330698437499984 0.04210776527777777
5 0.1930224015625 0.3067851409722222 0.013637173437500016 0.017863901388888888
5 0.6452536546875001 0.11411021666666667 0.016200562499999994 0.06124765833333333
5 0.72077078203125 0.23469154583333335 0.00933069843750003 0.05486769444444444
4 0.18117959296875 0.2820855708333333 0.022967870312500006 0.016587908333333345
4 0.188357052734375 0.2642216666666667 0.011483935156249991 0.008931950000000003
4 0.31539809335937496 0.2827235659722222 0.01004844453125 0.033175815277777805
4 0.32078118789062504 0.23788152569444446 0.017943649218750003 0.02807184305555555
4 0.321857806640625 0.2576594152777778 0.015790411718750043 0.014035922222222217
4 0.420189007421875 0.31125111527777777 0.005741967968750039 0.019139891666666662
4 0.71651558203125 0.11283422430555556 0.03732279218749994 0.020415884722222225
4 0.6648378703125 0.1083682486111111 0.01866139531250006 0.049763722222222216
0 0.045166729296875 0.3886309722222222 0.08971824921875 0.07655957222222219
3 0.213478162890625 0.34524721319444446 0.01004844453125 0.020415884722222246
3 0.379995232421875 0.35162717916666664 0.00861295234374997 0.028071844444444397
0 0.4436182890625 0.34324210208333333 0.010766189062499976 0.017863901388888888
0 0.45904982812500006 0.3464320840277778 0.04019377500000001 0.06507563750000003
0 0.4260335125 0.36238199374999996 0.03732279218749994 0.05614368472222221
0 0.60078601171875 0.22183848819444446 0.19738014687499997 0.07012281805555555
0 0.75474252734375 0.35393214722222227 0.0200968890625 0.06124765833333336
0 0.275375213671875 0.37982055138888887 0.17943649765625 0.10463141666666667
0 0.616902677734375 0.5172024479166667 0.37968762734374994 0.5461249597222223
2 0.8796303296874999 0.3349082541666667 0.2382916687499999 0.6686202638888888
3 0.102018617578125 0.3732279131944444 0.020096886718750005 0.07528357916666668
0 0.016198628906250002 0.4083177194444444 0.032397257812500004 0.07655957222222227