4 0.9773777992187501 0.26728689722222226 0.04023298750000013 0.1308950277777778
5 0.13427978046875 0.1906290902777778 0.01072288750000001 0.03985880833333333
5 0.331678369921875 0.32666894305555555 0.005848847656250022 0.020795902777777778
0 0.144515265234375 0.4081195527777777 0.04289154921874998 0.0554557388888889
0 0.17424690117187497 0.40811955277777784 0.038017505468750004 0.048523772222222226
0 0.24979450976562498 0.4098525409722222 0.029244235156249986 0.03812581527777776
0 0.307795576953125 0.4098525430555556 0.014622116406250019 0.03465983333333335
0 0.44475608046875 0.41938399930555553 0.031193851562500007 0.06412069305555548
0 0.47643733554687506 0.4254494645833334 0.016571733593749992 0.013863929166666683
4 0.26197960781249996 0.3119385138888889 0.006823656249999965 0.015596936111111109
4 0.513480033203125 0.3128050076388889 0.0068236554687500115 0.013863934722222224
0 0.07676611757812499 0.4150515194444444 0.12380059609375 0.10744548888888887
0 0.21665104375 0.41071904305555557 0.050690006249999975 0.0467907805555555
0 0.371645490234375 0.43151493611111114 0.12477540078125005 0.18889609722222223
4 0.46132781328125 0.3413993736111111 0.003899231249999957 0.0190629138888889
4 0.468151467578125 0.3379333861111111 0.005848846093749938 0.01906290833333336
5 0.520547388671875 0.33851105833333334 0.005848846093749938 0.02079590833333332
4 0.48929583984375 0.3367361527777778 0.010029490624999938 0.025471722222222225