0 0.006063201171874999 0.5051575006944445 0.012126402343749999 0.028549845833333382
0 0.021303137890625 0.5048661868055556 0.02064765859375 0.03262839583333338
3 0.032200513281249996 0.5160822006944444 0.012618012500000003 0.05913897083333334
0 0.0580100859375 0.4936501743055555 0.0183534734375 0.01835347083333332
0 0.048259800781249994 0.5109840111111111 0.019500565624999994 0.032628397222222265
3 0.08037838125 0.5211803847222222 0.017206379687499995 0.03262839444444449
3 0.09242284687499999 0.5160821986111112 0.016059289062500016 0.03874622222222225
3 0.1486303578125 0.5079250993055555 0.013765104687499984 0.03874622083333337
3 0.16010127773437502 0.5089447354166667 0.011470919531250012 0.040785493055555594
0 0.18648439609374998 0.4865127125 0.018353471875000006 0.02039274444444443
0 0.21401460625 0.4878236666666666 0.009176735937499991 0.0224320222222222
3 0.20541141640625 0.49700040416666663 0.01032382812499999 0.03262839444444449
0 0.24555963945312503 0.4990396777777778 0.03785403828124996 0.04894259444444447
5 0.229500350390625 0.4052330361111111 0.010323827343750036 0.01631419722222221
5 0.399843523046875 0.3940170263888889 0.006882552343749948 0.0224320222222222
0 0.39296097070312497 0.5395338583333333 0.15371033984374996 0.24063442500000004
0 0.499640534765625 0.47617067291666665 0.036706946093749956 0.028841181944444433
0 0.559862867578125 0.4719464548611111 0.04244240546875 0.036706945833333296
0 0.614349741015625 0.4688875465277778 0.04817786640625003 0.034667670833333296
0 0.6470418644531251 0.47092682361111116 0.03555985234375001 0.02243202499999997
0 0.665968884765625 0.4648089993055556 0.03441276171874996 0.03874622361111114
0 0.7502801523437499 0.46378936041666663 0.06997261718750006 0.0938066430555556
0 0.8156643996093751 0.4648089979166667 0.09979700859375003 0.08361026527777776
0 0.8970260121093749 0.4729660965277778 0.12159176015624987 0.07545316527777778
0 0.9744547265624999 0.4680135743055555 0.04703077343749999 0.09759385694444447
0 0.9509393390625 0.4977287243055556 0.08259062968750008 0.05913897083333334
6 0.9130853011718749 0.49263053749999997 0.05276623515624994 0.0407854944444444