5 0.31592812382812496 0.3485153798611111 0.011865227343749974 0.03515622638888887
5 0.41941926445312505 0.38953097500000006 0.007910150781250014 0.037499974999999984
5 0.38052768828125 0.4375778180555555 0.006591792187500012 0.021093736111111067
5 0.42007844296875 0.4364059430555555 0.009228507812500019 0.028124980555555526
5 0.49061061992187494 0.45281218125 0.015820302343750026 0.02343748194444449
5 0.269785577734375 0.4387496916666666 0.011865227343750017 0.023437483333333297
4 0.44908232890625 0.3942184722222223 0.03032224531250005 0.01874998888888884
4 0.482041291015625 0.4375778166666666 0.011865227343749929 0.016406238888888838
4 0.36602574531250004 0.42820282430555556 0.014501943749999979 0.021093737500000032
5 0.30735879296875 0.34617163125 0.007910149999999972 0.03046872916666664
0 0.160361823828125 0.4785934152777778 0.06987299765624999 0.04687496666666667
0 0.0687359109375 0.46687467152777773 0.09228509374999999 0.056249962500000014
0 0.41546418867187496 0.4926559055555556 0.03164060390624997 0.042187472222222216
0 0.3218607375 0.5001559923611112 0.06328120625000003 0.057187645833333293
0 0.013013298437500001 0.47249983472222223 0.026026596875000002 0.04124998611111105