0 0.526648116015625 0.8114776006944443 0.13299785703125 0.1266101430555556
0 0.421965933203125 0.7809691298611112 0.14157836328125 0.16016945694444448
0 0.31857082460937497 0.7542742236111112 0.11326269140625 0.16169488611111113
0 0.25464604882812497 0.7603759145833333 0.08323091796875 0.1159321819444444
0 0.2065952109375 0.7596132027777777 0.048908889062499995 0.09610167500000004
0 0.16326365195312503 0.7603759159722222 0.09438557578125002 0.08542371527777783
0 0.110064508984375 0.7550369326388887 0.06692795390625 0.07169489861111107
0 0.08046175937500001 0.7389799222222223 0.0952436265625 0.06093680833333334
0 0.026404566406250003 0.73139286875 0.052341090624999996 0.07322032361111112
0 0.642484959765625 0.8206301402777778 0.16903598515624996 0.1754236972222221
5 0.05277011640625 0.6181540152777778 0.007722454687499996 0.023691733333333312
5 0.0328204390625 0.5392371854166667 0.012012709374999996 0.03966100972222222
4 0.523925752734375 0.5003388902777778 0.039470330468749995 0.045762705555555526
0 0.24428703320312498 0.6994066479166666 0.031747875781249976 0.02288135138888884
4 0.065211853125 0.6612710597222222 0.005148304687499994 0.013728811111111048