0 0.33222644609375 0.5823748 0.008437496875000016 0.02249999166666667
0 0.325370980078125 0.5861248006944445 0.011601558593750028 0.02624999027777777
0 0.31957020078125 0.5861248006944445 0.010546871874999964 0.03374998749999997
0 0.31429676484374997 0.5870623013888888 0.008437496875000016 0.02812499166666661
0 0.3084959859375 0.5898748 0.00949218437499999 0.03374998888888885
0 0.29953114492187505 0.5917497958333333 0.01265624609375 0.04124998333333336
0 0.291093648046875 0.5926872965277777 0.021093742968750016 0.058124979166666674
0 0.27580068515625 0.5954997972222222 0.02636717968750002 0.06749997777777779
0 0.256816316796875 0.5917497965277778 0.036914050781249985 0.06374997638888884
0 0.22675773203125002 0.59924979375 0.067499975 0.07874997083333331
0 0.19353508828125002 0.6320622840277779 0.10441402656250001 0.11437495972222228
0 0.097031216015625 0.6526872777777778 0.14343744765625 0.18187493888888887
0 0.3696678390625 0.5804998027777778 0.009492182812499994 0.014999994444444395
0 0.38126939726562503 0.5758123027777777 0.011601558593749983 0.024374991666666623
0 0.39023423828125 0.5786248020833333 0.012656245312500003 0.029999990277777756
0 0.40394517148437503 0.5786248013888888 0.021093741406249977 0.04499998333333334
0 0.43980453359375 0.5767498013888889 0.056953104687500034 0.071249975
3 0.36281237265625 0.5748748034722223 0.004218749999999982 0.022499993055555556
0 0.46353499414062505 0.5893747833333333 0.06222654140624995 0.09374996666666667
0 0.5378904363281249 0.5949997819444445 0.13499995234375 0.17624993888888893
0 0.655509037109375 0.6606442993055555 0.23414054296874998 0.23437491527777776
0 0.045625710546875 0.6597067999999999 0.09125142109375 0.23624991666666667
0 0.037989721484375 0.790956754861111 0.07488278515625 0.32999988472222225
0 0.8516598585937499 0.6768747638888889 0.2942577109375001 0.49874982777777777